[43.83329043 20.20128091 35.49946035  7.6290315  20.05124741 11.71128179
 31.97330397 27.87452576 20.84322136  7.41930368 37.67416762 47.88368367
 22.57373848 36.36069825 10.34645859  6.35919493 28.37316379 20.88933027
 17.45305259 19.57166006 25.58033965 48.5655727  12.75130748 16.49451386
 19.25153194  8.84198517 36.58522181 43.12262391 29.31856126 37.20304093
 18.47189248 14.81901952 11.32094759 18.11249961 37.37811389 43.98705446
 23.8972572  11.99111583 15.15494278 16.19311948 30.10578842 22.09505162
 17.11052191 27.23850285 22.86796738 25.35943898 10.4036051  16.00804169
 30.30574862 10.94949571 25.26872458 17.65126332 33.7385196  36.51992157
 14.7159376  32.25910946 45.92557149 34.29540685 15.9252081   8.49359716
 18.34752064 16.49424186 17.21158172 14.61327928 21.00644223 31.88721071
  9.25741929 15.38375524 22.8477025  31.0561486  16.903048   10.66577763
 11.1016162  35.63745545]