[20.20015352 36.1182937  15.56035465 24.39160139 26.2576617  18.11046664
 17.7343302  26.16465549 46.99957561 17.12326794 36.48416586 21.58754491
 29.07101606 10.81321759 16.60179157 19.60543939 46.53089223 21.69667469
 25.57826784 31.27147118 29.84255393 33.37069577 11.38617736 34.8393171
 10.75220907 23.93142501 28.60011534 13.0487603  17.38863823 31.5226425
 34.68696762 32.2990082  50.6927866  25.56271604 19.2610267  10.90165129
 18.29956304 29.41386749 23.71655367 17.36259007 45.92160931 35.06648831
 28.47103938 17.76574653 12.92063156 38.65500769 41.77503454 36.41023578
  9.08021068 22.03791739 15.6563967  41.14146721 30.87047752 18.59826935
 43.77860864 33.54348502 26.04748658 14.81796349 33.21519275 16.87080935
 16.48634334 41.20861567 39.51235201 19.69085108 25.4821967  15.83179188
 21.45053775 15.62756751 29.24211494 24.2236881  47.34390583  9.99470121
 44.31240921  7.44687082 20.63393441 10.24006903 27.74009743 13.56325668
 43.0372162  23.33493976 33.08337357 12.6621159  16.09209783 15.35642667
 17.23946811 22.92233292  8.04600439 28.93060765 10.54986406 25.57859958
 12.05616481 34.0759868  16.15565468 19.44922464 21.64231825 21.7551115
 27.83702902 36.29706382 12.10261986 22.72830815 29.99387542 11.12266377
 25.37214577 29.51273325 21.19280161  9.89735475 26.92019286  9.76169539
 15.48217253 41.39650727 28.45973884 10.43672878 50.16050912 13.80462057
 31.49932154 17.24507786 14.19439396 13.8159282  14.182855   26.85508287
 36.46957436 31.01766517 43.75669202 17.93356166 46.58897668 17.18883254
 11.91001973 23.03691122 16.43293662 28.41816298 19.5330376  25.17946856
 19.14652571 24.89362103 32.0283833  29.92916234 21.25475168 28.38371363
 44.54737623 11.42125968 19.21354599 28.63698328 37.35421561 29.88819771
 11.40486267 12.10943005 16.7254713  20.32521851 22.20322972 14.44027626
 18.77904875 28.79736618 22.2036184  12.86245707 16.71865677 26.1887723
 19.97640503 22.06678148 27.24831092 35.17129133 19.88907778 25.48867778
 31.73068296 10.88886153 19.70934235 10.63943674 48.45843215 28.2600219
 38.09790406 18.24026097 24.78170521 25.34414122 13.74050059 32.52655346
 13.53014097 19.05320142 33.99208714 17.22017584 30.66323411 31.98818827
 26.61584064 12.47991486 26.80061927 25.38159642 24.74001506 19.0132279
 24.14576081 24.17393997 15.85450694 17.62994256 12.6164332  23.8418004
 13.43198669 24.92446693 33.36532518 23.39223018 16.28065876 34.04130074
 15.95052264 10.55796586 20.41018365 14.79008505  9.44313617 18.71973449
 46.1974935  27.18108634 18.58451606 16.44766123 27.24807479 21.48064078
 27.89693055 24.33204925 21.00557887 17.0667683  15.11222492 23.22117677
 16.98820773 21.78501438 33.93482754 23.18246132 35.12059211 22.60007982
 17.93817829 29.07384185 36.5615308  24.53320202 34.85580509 24.09957836
 30.77116762 19.05555476 15.83008819 20.46532974 35.67983945 22.1766706
 10.1048007  18.41421924 13.81835684 15.95767578 24.90652858 39.31444657
 25.60420821 23.1870196  31.1212282  29.11213201 41.14566987  9.23248369
 36.70467021 13.80526621 30.78481931 30.59741703 15.50926673 19.99245408
 14.05652826 20.5082454  18.45650862 40.00931347 17.20285396 20.68554807
 30.44911572 24.43613119 28.06791958 38.29788012 23.63656836 10.0801819
 23.29515111 36.37019097 15.79699445 18.22441505 22.29489517 31.67289145
 33.07673181 15.41334709 31.77576327 31.12645836 11.84001688 19.05921264
 32.68183117 23.35717001 11.1644857  18.97249235 29.17642965 12.8985744
 16.19009557 23.45290184 32.07332555 28.52537714 15.84048936 14.62393733
 31.12063356 28.96185404 12.98020858 46.33892533 25.94040748 27.96608882
 22.279953   33.52876558 23.1979513  32.1557212  29.86676202 20.34393236
 24.92562492 39.42087952 19.98030166 19.98176283 11.07631298 24.65477443
 44.60037179 16.8482159  23.31663489 23.85435736 40.98886496 10.34761845
 11.8341386  35.48458764 38.58262541 38.23351694 25.23663698 24.33635742
 35.50546959 23.69059815]