[ 7.1763643   6.70433031  5.65940643  7.31329418  6.37346566  7.69828234
  7.55954261  6.49095661  6.60403011  6.30386508  6.6371824   6.10311001
  8.56454779  8.14665227  5.95846355 15.10449433  7.18429952  7.30826555
  6.67452704  8.37386956  7.32999976  7.32239746  7.95393772 38.88727705
  8.44461009  6.4335262  19.75166444  7.50070763  8.11766106  6.45945767
  8.99533284  6.43275539  6.95249634  6.64586264  6.67633042 11.7361749
  6.84802394 11.88563721  6.51419499 15.79438363  7.24316795  8.29104743
 11.60977709  7.86615508  6.32852655  5.70715563 11.93076381 17.29998968
  9.57682615  8.88432301  9.72165885 18.65738589  6.64311717 24.77577626
  7.12002829  7.35868484  6.62528242 12.0210588   7.36068019  6.38468761
 11.51118613  7.26281494 14.91860336  7.92085236  7.13367718 11.48680979
  6.0664379   8.39699101 10.73848432  6.24957999  6.16707491  6.39634906
  6.98368893  9.2908113   5.90698046  7.4820214   7.65443723 10.23376959
 10.17524295  7.93796729  6.03584939  6.74318239 12.2603396   6.80424402
  7.27372248  7.09157588  7.31690196  8.03695429  6.29811844  7.80966767
  6.57852348 11.24390178  6.89718425  5.91627448  7.60608377  6.11863954
  7.24018826  8.06145633  7.05679555  8.27594501  7.49726169  7.03362983
  7.53220342  6.83018763  6.50298323  6.0256787   6.49900343  7.0151448
  6.52457873  9.89199408  7.27740888 23.59756281  6.57744581  7.99794112
  6.60895761  6.01002104  5.76211389  8.10167243  6.92714219  6.56974841
  7.1979885   6.20206824 11.43221463 10.49282167  8.22469158  5.53824679
  8.86933616 10.21206326  6.99390479  6.18974367  7.08331426  9.16252548
 10.38283778  6.54547942  6.65808507  6.84023666  6.5329253   8.39323583
 10.87106117  9.33965735 12.03342035  9.21039313  6.23203781  6.42891749
  7.91303342  9.76100433  8.53803781  6.20078696  9.19561978  6.64479883
  7.3748324   6.97893844  6.56112668  6.64746506  8.93616965  7.86522616
  6.71068216  6.10482306  8.51493368  7.53305232  6.76761188  7.61021451
  8.026773    7.62542388  7.6500143   6.49912588 13.20653113  6.44691819
 22.17012955  6.70766349  8.11021216  6.56793982  6.79507395  6.56935112
 10.13515532  9.52106794  5.98632484 11.57871884  7.7531351  12.13140766
  6.10654682  7.46762247  6.37062848 14.80515635  5.9184797   8.59995664
  7.66490481 10.10335043  6.55733666  6.0084288   6.66481322 14.75614969
  9.99505225  7.05326219  7.22433122  6.50007707  7.47520773  9.37285985
  6.8793799   6.68812205  7.42988042 21.79953054  7.90889912  6.81659902
  6.23565467  5.87756337  7.87858681  6.07579791  6.22642131  6.42078611
 11.02099287  6.54579156  7.76277186  7.97335048  7.63360893  6.12978107
  8.31408253  6.88548356 17.41012998  6.9815429   8.22895586  8.80909282
  6.3536417   7.45337603  6.78482954  6.37852325  6.60553849 10.439087
  6.46591947  7.10671476  8.01644132  8.50276577  6.88134308  8.14713113
  8.72027691  7.30962022 10.05166551  6.50962459  6.74312347  7.49019954
  6.24440498  5.97574456  7.69415088  8.66844432  7.5612696   7.33932511
  6.8966163   6.58555691  7.94324965  6.74802265  6.61873615  6.58523996
  6.69578699  7.10903963  6.31582754  7.73810962  9.20897565  6.94643483
  6.75665768  6.91969704  7.09358434 10.6608324  15.53120758  6.31276681
  8.16870759  6.95390266  7.12232354  6.33125942  7.42162806 15.64967083
  5.65569186 10.9924481   6.8372362   9.24014515  6.18507563  6.81072101
  6.16844402  7.71202075 11.59238707  6.81865889  7.51764413  8.6644861
  6.68682393  6.92268244  7.1298835   7.81584836  7.00928206  6.28741673
  6.59302732  6.40835925  7.50992194  7.92520095 10.81777777  6.30364997
  7.7453064   6.87754752  6.17319679  8.03942265  7.56036344  7.24814019
 14.82225315  8.34156052  6.39040363  6.61464662 16.93446174  7.73654704
  6.63615382  7.59657622  7.19025081  7.17367684  7.70994464 11.4683494
  7.88656342  6.10861949  6.73455797  6.47689446  7.71158038  6.1778129
  7.57653057  7.27900312]