[14.79938874  6.96810792 25.53559465 32.3328566  17.08987088 13.23298718
 28.9128401  12.70124341 18.37368431 11.12539783 18.56501679 26.21361036
 12.40368385 24.51234197 23.85004074 11.68017271 11.88349612 12.83309406
  9.40559666 20.79946187 14.90277564  7.47715945  8.41034338 26.94582199
 22.38969509 16.05537714 15.86396861 12.98216081 20.64950433 16.83203148
 20.79343989 22.70180849 12.70868097 20.44932089 14.81311834 23.30037034
 16.09448415 21.50305454 15.12066721  9.48138031 11.21851292 19.93187923
 18.98982038 15.52808212 17.02326932 13.23716355 36.66136397 12.94636111
 11.80610443 21.76332755 13.7672241  11.28297716 21.05663717  9.55862548
 16.8185229  21.51123312 29.02947956  6.10236647 37.11889056 11.22501233
 21.08638131 21.97222047 19.83186927 23.15232535 10.8511344  14.05066275
  6.75402823 20.51388576 25.60610832 12.59080673 14.79547887 16.98179103
 13.7910201  24.73405537 10.41149635  9.55138709 19.9535539  10.71197382
 15.86782425  8.63258    22.27991853 10.67626263 26.3309856  18.91979502
 14.53581761 25.0405707  22.49628322 26.80818492 12.98605633 14.94119183
  9.47879765  9.09463998 21.28900491 26.20650124 17.9344966  21.5956966
 14.30530287 29.97087031 18.56140487 22.53918097 17.58405793 20.76207214
 26.68296284 23.54951841 13.14809614 23.36335644 11.74734877 27.15321355
 13.0960667  10.17389047 14.99628947 24.83655854 18.73620775 16.07821491
 17.69982219 23.36275693 14.0365432  24.81330367  9.84132398 20.40277522
 26.78456243]