0
[15.46107342 18.50043519 29.73281282 24.85014368 24.78959097 14.82280949
 24.3495128  19.53372569 34.59821529 22.62787078 28.96699213 30.93973869
 21.62026546 27.94049889 20.92452843  7.09090103 39.22476296 32.26780093
 26.38633754 15.69575772 34.46086174 39.21975835 16.0978075  20.74943938
 23.33675519  5.86830178 24.38388652 16.14178333 20.14810382 30.97736675
 23.91898678  6.68172344 29.4860655  28.14758351 33.96829364 16.82839548
 40.86183562 23.85983858 30.9643355  13.13111191 33.02127585 15.94223682
 17.78194274 17.26993659 30.68270254 42.92561512 25.46837131  7.62048102
 28.4255939  24.95251246 29.96492228 12.62242247 14.16178824 20.73801351
 13.88006398 23.57053173 23.68881735 45.95299515 28.41957018 17.63933226
 33.14480915 26.86169288 21.40382851 17.03743712 35.53437298 32.6416489
 28.24690063 34.95169573 16.03124825 13.82266216 10.28230763 11.84379702
 28.80256091 34.63358985]
1
[28.71664298 38.41932567 22.29046023 19.11874616 20.2226355  24.86112819
 12.71279891 11.29623851 23.93850951  5.64003787 22.77895274 28.43398974
 10.90934372 27.25699827 17.93747859  9.20292689 21.962075   32.16863947
 30.71245765 15.41732623 29.98508359 41.09824005 12.48040223 25.24895
 25.03285175 11.09866318 19.63095861 21.56069886 26.76094508 25.95791808
 11.8297754  20.02641794 25.90325903 12.16490389 15.46008041 19.80693857
 15.54411947 13.21194387 24.19270631 26.84233058 31.93044544 17.44527973
 16.36772858 18.49930611 23.55054894 21.50836984  7.84518307  7.19077777
 27.1317924  22.65357835 11.7164022  22.35620007 20.12710068 11.05676008
 14.82882454 24.53692379 16.04540134 43.71022843 24.786828   25.71313546
 13.40368947 15.12895611 16.65664596 17.22210022 20.52225716 20.98718595
 15.57989363 25.12614732 24.01670284 16.27130551 22.18197998 15.74923672
 10.74713321 13.87084363]
2
[30.32264861 55.95879301 25.79771836 24.17178016 25.71982757 24.53592747
 14.46718218 44.35433312 22.48810348  8.554008   27.6476338  19.53536706
 17.08496182 33.53275717 11.16451893  8.32397584 24.40486053 24.3495268
 17.99199598 32.68916758 35.62575795 26.73866014 10.82736019 15.3231924
 16.51747394 23.72782767 30.13831209 15.88364714 15.80501445 16.67944273
 23.46407829 41.61299091 15.89363191  8.30964457 34.20319489 28.23809897
 10.12359165 15.27623364 34.56169325 27.07829786 28.56646762 35.10998515
 17.56744918 54.40576656 50.99107108 36.08744477 17.38500272 12.72940264
 35.783016   53.91666705 23.40375125 36.56913172 17.14641445 13.5906378
 10.56720079 33.42586189 25.48901009 15.49116578 22.00971082 42.32174694
 27.27494711 10.87043639 23.427486   42.80048936 33.9965403  28.56380558
  9.83114137 32.35508438 21.07610201 23.39994073 31.06803124 24.57622551
 41.99267009 16.33606973]
3
[27.32658183 28.5050004  23.39347787 33.98744524 18.86593587 20.04589023
 45.07157327  8.14820564 15.3164404   7.43888364 25.81471275 34.80319659
  9.10589704 23.73547752 27.453657   15.93826134 21.6289857  16.27674986
 23.69232232 27.02123254 12.69583855 33.03347786 16.47622004 13.8647574
 24.73213143 19.31672876 32.87171357 16.62342253 18.06045185 25.52571651
 11.33070869 20.45085135  9.74801103 20.07395604 18.86915    19.994508
 14.65101008 28.47367478 14.54295331 21.57891587 13.19679738 22.88163769
 26.98081685 42.63013216 29.64597714 35.27660813  8.21923272  9.72427203
 32.55660129 21.03512251 16.23269282 30.52992101 23.90051724 16.38249001
 14.63677976 12.36438203 25.8290816  35.18985662 41.4218689  16.9089659
 23.16354428 23.56826402 21.48143325 11.10696205 10.83435444 15.84510435
 17.62549076 18.85278854 34.77816586 20.38801424 30.39120642 22.97696853
 28.95516125 27.22600044]
4
[21.58825323 12.81872323 53.59117092 28.23663503 32.5389393  28.95879833
 13.64864845 45.68135143 13.17748306 35.38553839 41.39940243 38.62128281
 26.09293751 18.20207163 20.55845322 15.75390315 50.41199706 50.17520864
 49.61088696 33.58599686 45.73935222 38.27811602  9.78321472 13.51591906
 28.25243719 35.05719675 26.78157817 32.89835212 33.6639389  31.08020526
 43.33430846 36.74267994 29.93906369 28.4740278  34.8869096  20.39254593
 29.73823815 45.35511741 23.48629753 24.48976254 28.63047991 29.17533002
 27.90084693 33.81730184 32.57512857 48.36372781 15.59098048  8.53601523
 34.44681066 46.49718166 51.33305588 14.85251945 30.16239571 45.6346119
 28.97581769 40.07329963 49.62968702 42.78832937 17.9019792  27.00691086
 40.79443741 18.50003491 21.56860961 42.90457645 23.44495158 36.18016167
 20.08070038 30.43587863 26.93710093 13.13487912 29.28274595 47.32988599
 39.86012498 44.39507701]
5
[29.10662499 52.26929663 31.83293414 15.59167058  8.87500579 37.74977991
 33.77187581 12.47859539 40.66507592 11.59877971 32.01056838 38.26542611
  9.86304354 41.03068516 13.76177416 25.07817784 36.03545738 24.33177652
 15.61670725 20.04841092 35.04177646 41.96585073 15.51746412 26.52219948
 29.20066218 15.87024241 18.67997237 26.8382109  31.61405393 27.51448558
 33.2532679  14.93967135 23.10649496 32.78416374 25.86625067 29.51671581
 27.86694215 40.8642227  23.73969225 22.64325455 10.85921589 49.13167533
 27.2315304  19.00687828 33.66120342 26.55595816 11.87946305 12.48165409
 36.8360807  19.32378067 37.3813946  37.62468638 13.08089463 43.51052887
 22.54009549 21.66361295 24.44055519 27.69845207 22.82413128 27.07265399
 31.34375465 39.32652539 21.21511172 45.22659837 25.27389442 19.9410184
 32.94165755 22.97106403 34.98913937 33.33133336 21.78412285 21.83000808
 24.10858004 31.31661281]
6
[41.21226196 31.52669626 26.00283616 18.72767616 15.02708133 25.5773474
 10.36506854 30.92074588 42.59243786 18.77089089 45.15631809 44.20941714
 22.42070385 13.89222517 13.54623644 17.02961626 29.184357   28.16890697
 27.29515259 33.50741409 38.21740302 35.49452562 15.3324651   9.90501443
 23.22758781 11.70187845 29.76457394 29.13375542  8.45144446 22.35682325
 22.03683783 21.15627874 32.31798752 28.34654721 45.90287861 34.6728255
 44.49380924 25.00219767 35.32914956  9.70572798 17.89333009 34.93948897
 33.7349219  25.47423248  7.9863626  34.6196627  13.59445572  7.25463558
 38.50312928 10.35941763 16.15294839 20.24450528 25.92005016 30.48407501
 20.4042324   9.26009002 12.11936324 26.28728949 10.07152633 14.4157958
 42.33819511 12.16714092 34.10779567 24.54709348 25.72962342 36.39656556
 41.00161795 32.28414917 32.19606174 18.14524094 29.38964333 21.0745418
 20.01069597 31.93984058]
7
[34.87714241 23.04626264 23.02482218 16.91209559 20.96588979 38.48190712
 14.62908509 38.80464136 23.97658564 19.99518568 42.48022726 37.44930811
 13.84543319 39.33530716 46.90994691 17.13691398 41.57870001 34.6151825
 30.86070094 37.18170749 22.09532014 39.85689283 10.10904066 11.96275835
 21.62639352 29.56203838 27.56560468 23.29348259 30.28382308 24.88999133
 42.00988071  8.42196018 32.56184125 21.71169062 30.98502802 31.21355593
 45.27875962 22.18957409 16.44830848 15.88672115 57.90929522 55.90516
 25.01823597 10.97914302 36.36014794 41.75869791 32.81556446 13.5574759
 31.97971691 44.14784974 33.98582551 28.42100596 40.99175795 31.64867759
 17.04624828 29.194648   19.41325264 28.79947551 18.98769318 34.08069895
 24.70524575 24.55786062 17.7707413  22.33054472 33.70668459 43.86953713
 16.65680274 29.47052765 12.25884826 13.54017629 10.05383955 30.39429096
 11.69374731 19.42712685]
8
[21.84473401 30.30610333 29.53699943 22.89188189 28.9033139  34.76916781
 22.45066292 27.24403436 48.57523712  7.37621719 35.47072907 31.25066463
  9.59576043 19.225885   25.44044732 10.89504879 20.77059106 27.48819917
 26.65797286 24.23297349 16.1073114  46.81042791 14.15072071 21.25455194
 33.6477375  18.38108127 26.24358337 23.03025688 24.26906266 26.33957782
 28.03487945 17.11592987 25.52777155 29.07351752 34.97377009 16.95965946
 31.65140747 20.32490591 19.70516774 29.39628283 44.72804735 35.49191741
 24.00050636 20.55566471 25.02032579 28.27419428 15.81479398 10.59387287
 40.53234287 24.39777103 22.56433229 15.34274161 44.60094213 33.46704465
 18.20161152 38.75162917 36.21357759 49.17771201 41.97655319 16.51288212
 25.09781513 21.81832195 10.94396787 21.85895677 13.22787467 23.23626209
 18.95762208 22.14078242 13.49014555 37.44527698 21.96309775 30.24646581
 30.99326158 32.4883524 ]
9
[34.77271687 17.77070632 12.77970984 32.61098631  9.54513998 24.21618798
 28.65580425 25.04324501 49.2965746  13.29996028 19.01014239 48.43941454
 13.18567496 24.98237517 12.41146025  7.37883798 39.21859057 37.24129934
 37.93802674 20.75352867 17.14091974 33.40778757 11.75311765 17.58687025
 39.41736132 34.99847126 36.41796616 29.92744223 31.47275024 27.8100334
 32.79796427 18.17062354 25.47180556 35.35145214 24.06579448 27.28458213
 24.66006685 33.19061705 34.56438652 34.36237264 46.90165737 42.1502324
 11.25886971 20.24891926 25.06540575 24.05064245  8.64931999  8.37869048
 52.94884452 22.44638919 29.55013421 23.50628783 18.88515527 31.46275595
 18.72809729 31.54133686 13.24420933 21.61060537 15.41871864 10.09047504
 28.01276096 25.20927343 20.62525218 36.15965595 35.63600432 41.47525953
 34.77777174 15.71326711 32.56533176 32.10893412 33.25673887 26.38519728
 35.71533787 28.569605  ]
10
[28.58467085 15.42132879 44.98686748 40.490606   34.45053945 52.37006268
 20.17631138 34.33391519 37.91367025 28.37940615 30.90023291 38.19708915
 21.14559669 36.85817302 19.7981093  10.65958134 45.4106353  21.29215328
 34.08141683 34.43331744 43.60331116 50.5799041   7.16456733 20.61780547
 24.4716841  20.97970477 50.22461238 24.51969426 25.56099723 34.51096029
 25.23239755 15.10759618 24.48541784 33.8004073  52.90220774 17.23862891
 29.81470959 35.84599181 17.76311315 30.86244567 21.99482752 15.77602966
 15.38073378 30.76279705 34.03278843 31.72105261 33.69874333 12.85435764
 44.24282014 40.61970968 42.20455722 32.24884331 29.85116465 18.0319904
 11.28306355 22.43248364 11.81251649 16.88289403 14.84616728 40.79831753
 31.16378802  6.48197688 20.52557945 12.25774933 12.60135981 40.08657688
  9.33120575 38.2779889  41.98149965 30.48695335 30.68724521 11.47566453
 51.92176372 34.71152826]
11
[38.50317162  8.05908638 22.0834496  16.19612987 22.45995273 16.69395565
 35.34150096 28.68854403 13.95324005 12.5639138  31.40986044 33.32639995
 26.96333578 32.90096049 34.45854531  6.79754722 27.79835489 28.80105256
 20.0311717  44.3544029  21.91703043 39.29913218  8.53721882 17.14848431
 26.95654456  9.06780154 15.41653109 18.07765609 23.46000568 15.76158787
 29.26385452 28.4985234  20.40567525 11.13785304 27.13106044 26.59902609
 44.26445409 39.93429025 49.08363551 35.40873509 19.79197476 22.54419743
 21.61447811 28.4096626  27.94546203 31.38207327 14.22214992  5.675663
 35.58863594 34.49742975 35.59764382 20.50174749 13.61599153 15.19324654
 10.62807511 30.41101447 25.71961772 22.05861056 11.12282868 22.44721695
 12.85054142 17.91613633 30.18801772 27.79754775 21.02616775 20.84037513
 12.07979547 30.3498506   7.36735938 14.97277242 15.23250301 30.21897285
 15.0242743  11.47640267]
12
[19.60724774 26.33745341 11.02199698 17.83647195  7.73105939 13.53493886
 24.60679524 31.38391107 25.58825231 32.26260757 40.83850745 29.22552521
 16.94099018 32.84029523 12.4767253  14.61136568 27.87296292 12.29638026
 22.24170847 48.64172281 21.76848529 39.65195086 11.42828537  9.45561512
 21.65852795 10.25556851 31.430341   12.49272171 13.98236485 20.724262
 24.61215216  7.64168421 36.18531969 18.64928347 46.56236385 17.9942186
 17.99862598 13.65284492  8.68570036 16.10347171 17.40314319 20.526262
 17.51390423 18.30711892 24.62777385 41.67439734  7.57579578  9.38019372
 22.8997503  28.30562372 12.91616861 18.61570578 17.2055856  26.58574235
 17.81600916 17.36244216 15.52459193 13.92170784 17.64773773 16.14789754
 13.72195836 21.95237944 37.20543343 27.79326958 25.05592951 22.50251679
 20.44658462 11.70457098 22.58352854 32.2474575  35.41905396 29.33871809
 25.5143145  10.14408289]
13
[13.04925814 12.62264765 14.96225172 10.00659395 24.01270955 19.82354114
 12.78500274 17.47668358 12.93535834  9.93299292 28.00879545 40.50128463
 13.35489413 19.4131639  18.58005626  8.58842532 24.82168531 21.78522859
 19.50965727 28.44548235 19.96744548 40.08967826 12.62017602 13.99785502
 31.34230199 21.95562284 29.00493213 35.91506157 13.39868999 32.57988185
 44.81290821 14.12554539 12.26973953 22.79710777 44.91887096 26.5779491
 34.49892257 35.22948645 48.34824894 14.09467606 21.22111694 39.51623818
 20.16630554 24.26012693 44.49964587 35.20777479 17.02272385 11.91427104
 35.36348594 41.80385207 29.44574357 10.67806646 24.80240149 25.85740606
 17.23149839 34.08967247 46.8423597  13.97421721 21.66079393 37.08978821
 16.75023338 18.02033828 10.67572171 15.5669934  36.59985633 19.74245387
 16.50830184 13.09126393 14.10962724 23.28851332 24.22741879 27.38579872
 29.61947658 33.15581383]
14
[20.37961485 26.14706301  7.321034   22.29922432 20.64191259 44.55221154
 15.05167594 17.56981453 23.21119932  9.63236572 19.79694162 27.38286311
 26.78624547 24.58438853  6.3611935  10.87301202 33.28664696 28.63596615
 27.2345469  27.92008669 18.35189738 37.529568   10.31772736 27.44245541
 34.1247522  12.23589233 25.56712875 28.05788989 17.37558078 43.6744091
 30.16443421 11.51202421 13.63074414 22.74073326 15.96265967 14.54191404
 27.62936692 20.81003475 10.22990026 24.21239954 26.82058632 28.62892206
 17.93213506 15.75520442 33.10305895 44.47672065 21.82659036 12.37349793
 47.28429565 20.61806466 12.30993529 10.67508841 12.06739857 28.59351582
 18.37953049 23.14071055 25.81173049 23.99205394 22.7029116  21.33708895
 11.62429046 13.35074405 12.68793941 15.82172311 18.16754182 41.46946602
 19.60384078 12.38873803 15.73961807 24.97547911 15.93235702 12.39283258
 18.0732362  25.19881069]
15
[28.58947786 19.25615349 39.63682764 18.04886873 15.15825411 44.90278556
 15.99650167 43.09577108 46.93411028  7.3647976  28.95354796 54.20433226
 43.9774896  42.66405065 25.30720119  9.33189963 27.88882204 38.53470218
 21.00997675 19.68877922 16.01457245 44.63024109  6.28201832 21.93887037
 51.07045427 13.05030234 31.95623591 27.79801128 32.55149814 21.59356606
 32.63266929 18.88661794 17.18151712 36.24457956 32.38208169 21.69439774
 23.88176038 26.72610741 11.46728778 28.31125606 37.6398781  31.99450502
 27.99296386 31.83946211 16.1757473  40.12144101 25.54603561  6.38931191
 54.67521359 18.49896728 24.07996017 28.13741311 20.71108908 23.04804963
 15.47753129 26.53673168 23.02572304 34.80444434 37.0479545  40.83793328
 42.75460044 21.9424578  45.61959403 14.63971574 28.38077123 42.02110372
 27.92858916 41.33190531 12.63029413 30.80455187 24.00772419 40.21906081
 16.1028712  42.87957772]
16
[26.10318618 28.78970604 22.32419224 14.14518201 19.73513923 22.33742507
 17.19332213 15.12840736 16.13883915  7.67638078 22.37931718 33.00610213
 15.41205247 29.20154384  6.65391191 11.12477234 26.94950003 15.43495787
 15.77777388 13.31449922 23.45745637 28.24561653  9.24645612 18.43321216
 27.62831742 11.24358349 18.32393706 20.1404715  23.14336102 18.24577268
 44.43423026  9.18964715 11.50967576  8.40642322 28.1825396  26.15226686
 14.88978084 19.68327534 17.05964714  9.44619078 26.90130493 42.61731226
 14.98032969 16.5057817   9.52427273 44.65797231  9.93207589 11.0500752
 41.2438646  24.0604548  21.1181722  25.8508585  27.31995147 27.49237222
 13.76738496 29.79688816 29.16682663 26.77261846 25.98488198 17.35161713
 24.7903556  21.30278793 19.54807777 31.68327408 12.59773062 24.44482465
 19.28729254 14.00869145 18.61788161 12.71334234 19.19789539 18.62395645
 26.36573389 13.17772802]
17
[17.9475465  25.52186969  6.65163296 34.96725259 12.8759758  23.06370362
 15.19796863 29.65597257 27.64334178  7.56918171 21.20478492 15.77172166
 11.51081134 14.94955471  6.5405752  12.86724723 41.29602897 10.49775446
 10.77893154 24.70915623 24.33901235 35.71390531  6.62117586  8.0675074
 26.70058489 28.51617426 24.33578381 14.95156046 19.58973602  9.17185176
  9.81753272 29.12537385 21.6805724   8.44530042 27.16752469 34.84707602
 10.10279112 13.69045378 13.73298965 22.47727004 15.31837256 12.70487507
 22.25958317 22.87667032 18.46766438 35.07680648 12.524669    5.28084523
 17.01998735 45.90140143 17.43736356 29.37446742 39.75094455 17.92732575
  9.90937062 25.09921146 19.81891163 20.51090506 19.49893664 25.61318644
 41.67494523 30.8177955  28.52361726 30.5619245  16.74348046 33.67479155
 11.35598509 34.8671714  11.3840543  16.52127726 14.52352593 16.16671448
 14.75280257 27.0323705 ]
18
[15.64487879 17.3937209  35.05842776 28.09291476 14.08384125 27.7718463
 13.19569511 15.66457243 34.86416979 24.9230828  35.07022366 42.06905205
  9.97344869 19.14475058 18.44271557  7.50235933 38.39014327 17.64692723
 16.01840178 25.86559823 40.68575121 46.33223925  8.28927333 28.30849391
 44.91241691 28.44655779 26.9549626  40.96228978 36.81054537 21.26000631
 28.20198196  8.32543445 24.2663218  29.52677975 42.9898614  20.72213697
 32.21363594 43.45183618 25.97657378 23.40586113 34.22095026 28.12733897
 19.61695769 28.3924902  12.67218346 41.85039532 11.01251392  9.76647396
 38.56857128 21.12928858 32.91589292 47.91856953 41.02380055 11.15055059
  8.91869323 33.74445799 31.79564555 17.2447987  20.30310251 26.96327364
 14.21573565 24.43138333 39.05917038 38.95081558 11.48978193 47.79575112
 12.6278178  19.99234813 33.12119951 38.33689939 15.79136701 26.78682214
 34.54179048 42.69643248]
19
[22.31714141 18.58854424 22.48251488 16.4179238  26.38473641 35.9678725
 12.34983066 28.49200393  7.09630751 21.37109855 30.31967129 25.21003947
  7.36795125 19.04573016  8.70459101 25.4759341  39.15373195 29.49709285
 19.73684656 16.56402612 15.61165771 31.43687119 16.55862002 16.06145255
 16.81687599 34.02736535 57.78140282 35.73641582 11.33287251 24.10285615
 18.9000523  12.2104825  26.70625159 20.4019672  25.68492907 26.99839362
 10.14702213 39.87205584 33.21001796 31.7576853   6.98483001 26.96379389
 12.00883391 11.81737189 36.63448042 47.5111797  16.18178885  7.0665387
 38.41814866 34.0168659  35.75697454 26.99501316 30.07118252 50.24264467
 16.04279501 21.61822968 31.87669117 10.74061795  8.03835935 33.29990673
 19.53586908 43.18775561 15.69722249 29.65429743 16.28623051 28.08338837
 46.97314505 32.71421393 22.27737984 34.01573441 20.88279908 25.09040653
 20.02391277 44.09500384]
20
[16.71923513 23.91309454 22.57685865 18.64536692 27.32721069 10.39714823
 35.02328407 17.81761268  8.58506226 12.23740484 14.60121735 44.11716464
 20.01501569 19.14423275 14.3720271   8.94630392 30.38722134 14.89836712
 25.22584791 10.84729358 29.36166867 30.66512872  9.91938353 27.36278465
 30.51633428  7.76359602 39.99697932 32.01381703 15.0519284  40.0518236
 22.98081829  9.83004652 11.03877477  9.18919358 16.49743029 17.9225261
 25.14977463 40.79125413 14.20885722 22.86853291 34.72457965 23.53930321
 25.67947983 30.92133488 20.35545671 35.71814228 16.98930922  7.17747313
 31.21832655 20.52557304 14.46098396 18.72788018 20.47861573 18.12577176
 12.3045621  27.21295124 17.30219913 31.98896693 14.17151592 29.61893221
 19.15467297 44.15102424 17.91167294 13.7182775  28.78527044 20.94509961
 17.70845624 27.96659771 32.0645952  18.38940057 21.38945284  7.833996
 15.10433154 13.62237686]
21
[27.24480032 27.38848152 20.51052462 16.69626663 24.16149588 18.40347638
 18.23532827 39.86364224 49.16469975 21.96033979 28.80290934 26.3052661
 11.89416247 44.83568391 35.20780696  6.57634754 23.70398416 37.78489325
 19.75125457 30.62441114 27.54068119 39.50895709  5.83129308 11.73340862
 30.40773989 13.1511891  17.07223064 31.94914813 29.62358009 18.5570752
 38.131532   19.68585243 13.85551848 15.02942603 12.79459019 21.48492921
 14.9028272  23.39709917 14.23249752 15.81895934 18.57784124 21.31127082
 18.42555742 22.57648184 24.7340615  39.21813246  6.17437193  7.79231068
 19.15803316 24.430975   39.24916884 12.55170745 12.49860236 28.31886817
  8.71167188 19.30406587 11.50579572 20.91462807 15.2200296   9.39132304
 27.86912082 34.81517952 24.20894035 16.89049207 12.24409732 25.72874544
 27.57459421 21.00306539 14.33979392 27.97372048  8.2513584  24.00998102
 20.60367608 13.62948988]
22
[27.82497511 32.30609187 13.0027031  13.65358856 29.98569546 13.09276736
 14.60462701 42.6888295  15.34473512 16.03942917 20.41009066 44.59237772
 12.18855874 41.8073473  13.00817328 11.69154044 35.83237208 20.23503153
 19.20823585 28.67984811 23.51081321 21.34969981  9.12470508 12.22340501
 23.19865635 32.23115215 13.20834765 24.6407922  31.46496263 27.69596438
 21.85740115 19.44722624 15.33929936 16.02940538 21.76638393 11.6834041
 15.65735346 42.06913039 28.8741818  34.54443601 19.76878377 12.83801007
 18.0884141  13.74285308 39.88758146 42.71193944 17.03268264  7.07668734
 29.98378332 27.594439   21.49591284 26.39463106 41.20820633  7.69220446
 11.39617672 23.70730448 21.89444408 28.1814691  36.58906648 12.90177117
 24.70822841 27.66676488 35.68791953 19.45123935 38.94057696 28.72457187
 22.61783834 37.86657436 28.69452469 29.85619016  7.41639849 28.7837778
 17.64532591 18.43152837]
23
[27.93980664 15.63403962 50.14215425 28.75929448 50.52117336 47.65438108
 41.38908881 28.68135476  5.41348834 19.60871412 26.1470629  43.17889785
 10.3960929  15.86918403 37.6077627   6.14068783 38.43822295 29.5126255
 37.01607357 23.14786637 18.98202444 56.02439916 24.25775363 27.93211559
 30.98340807 33.03069246 37.76372978 37.02126391 20.38403456 24.75089152
 47.26626174 14.74534898 20.60437256 20.0954806  36.90509322 26.97704123
 25.0283094  35.50296717 24.53632748 20.83269321 43.20469183 20.71080642
 15.4008629  29.43618615 25.45808867 35.59341328 11.62204141 15.34888473
 48.92374688 48.86878786 21.54276374 16.53622716 33.84799516 32.18469532
 17.71526018 31.43018767 18.2587514  44.33948754 33.61380771 34.46617196
 27.50559271 22.80569355 23.9384664  52.53268424 31.39381363 28.82957023
 16.64817044 20.04823632 37.74388494 37.76965616 38.20876409 42.12535876
 42.40798482 17.14621364]
24
[43.23016425 31.75623197  8.60353721 18.09308637 29.87272583 45.41563842
 39.24420691 23.08837888 27.78657773 26.02047443 29.44491793 42.85486745
 16.27682524 39.32386633 17.13772916  9.65321591 36.76807398 36.44396487
 22.17120287 29.13180004 24.59296066 43.6076636   6.44650574 17.84387329
 29.65356031 12.48626837 24.91523192 43.96987022 28.74304284 33.21542999
 46.48616945 10.45837642 23.36025421 28.84754319 34.00344055 44.43008124
 31.24855876 39.41016682 35.54811699 49.21731412 30.75152637 43.21297029
 31.04549096 32.02628194 32.37239791 29.22703617 23.9405634  12.94047705
 34.43561587 33.38863314 16.32518798 47.46400435 21.83469032 46.9530225
 20.83852119 46.98883436 32.31539435 30.48881523 27.15070917 30.66151008
 48.98157972 16.62894841 24.12300468 27.05021178 14.81223096 28.71310676
 13.36029095 13.42947996 29.02510023 29.07626492 20.38414973 32.68151636
 19.50514978 13.7102573 ]
25
[24.06573611 12.86323512 36.23343103 19.36662042 28.45315698 15.69944827
 25.00661759 17.81947564 15.46688311 17.4016749  19.04389177 24.934623
 30.42716555 34.88822468 11.51957154  6.63297416 14.55945421 33.70821278
 21.50058256 31.38309045 23.64585985 44.13129637 10.75944047 27.08392619
 34.69593157 16.36637103 30.46690138 19.23182482 35.25833781 28.10647308
 25.07852495 12.89698307 14.73158319 47.68954762 20.19724871 20.85078372
 22.92393891 28.2917344  14.49945372 11.77226788 11.42326497 21.96783053
 29.40598043 11.40313714 26.41927788 28.01156344  9.2698011   5.31506278
 21.67024607  8.36389126 25.42526676 26.96327279  9.664122   21.08812362
 13.90936908 31.93201414 28.60443598 22.99887223 15.19190947 31.49240546
 32.02377162 10.85585411 17.99680298 39.10254074 26.17979273 34.0945862
 11.02958593 24.97357418  7.95377938 35.27912806  9.55181411 23.2796494
 25.48866489 19.843428  ]
26
[33.90083315 25.24590477 27.2955759  31.70234145 19.31531842 17.86558124
 22.94756307 46.82617926 16.41738315  6.9168924  30.88898861 27.90425295
 15.16391464 15.92613437 21.73048054 37.54934699 33.75956121 25.22298394
 22.41275118 15.23344128 21.06164127 27.11014518 11.09245437 40.44438912
 36.94752314 20.67993129 49.63428744 33.93388662 32.93999738 18.94539316
 29.23751027 16.49301385  9.35177338 23.62463487 21.86601647 36.71118154
 23.54615564 17.22623486 43.40718302  7.51536373 17.97782533 12.34567652
 15.83376514 27.34413976 23.10664976 41.78243229 18.72710227 10.44388245
 25.88653113 37.61506505 32.97762162 18.70277782 25.70548742 35.52639349
 12.96591745 32.26822537 33.47066556 19.77173617 23.23219385 23.07276468
 11.62894503 39.66861481 39.48092919 12.90624941 28.18518953 33.66277625
 35.7202185  36.87905235 34.04466138 24.70843666 27.43337982 21.79076834
 40.15294836 18.87850513]
27
[36.04605859 25.05750983 21.17978535 23.48538076 13.4801398  42.23498659
  7.16743041 35.01542224 17.0055998  14.99933348 25.44934107 27.6299302
 11.39183469 44.26643    27.10272432 14.53473682 30.51705713 24.86740058
 32.89802897 21.14826583 38.80409947 22.42981475  6.57342715  7.43918611
 11.3303281  32.36149736 11.64516944 28.75581536 13.76326865 39.14738477
 24.57419807 31.43978219  8.48180433 15.99016688 36.1318713  14.49646842
 14.64586369 15.96358756 32.2009422  24.53857174 21.12958377 25.06784129
 10.69683154 26.76703394 31.91122782 30.81201345 12.23494947  7.01114129
 20.97147674  7.8863508  35.69674098 35.48933462 49.44078412 32.89370725
 16.02243    16.89747615 21.59108244 22.49178779 13.27982884 21.23885221
 36.55792478  9.90472949 46.43100179 27.48992898 27.21131982 39.3647205
 20.883895   44.09443005 15.56833515 46.67501192 25.92133241 28.89628993
 24.16918321 34.2049363 ]
28
[35.31225277 29.89999651 13.16696334 28.16335397 28.77676865 33.49872737
  7.15740582 30.77890386 21.06874558 14.23375163 21.72796469 46.52420086
  8.73344392 35.1894121  15.96196999  8.48500017 22.96409276  9.1408331
 13.95009031 21.49515987 18.379067   30.98966095  6.58812043 18.61641449
 28.61560013  6.96137514 33.48821391 28.54969563 20.68967678 25.58279435
 30.90501508 17.38307913 11.04459307 24.50778797 21.09637266 36.11815033
 31.13954151 24.22669073 24.53662623 25.51411373 42.85000086 48.34413356
 17.70264795 23.54861888 36.10021485 36.84071248 24.13033278 12.80345176
 41.45982802 29.01933216 39.27217861 40.31470315 32.80209376 32.55287641
 12.81800583 34.77174049 38.85972286 28.42476778 25.92938826 27.36816053
 24.90965128 13.84908452 22.89239202 27.71713567 39.57757584 28.5219517
 26.21160376 18.65732505 20.46071218 30.37307743 31.10769235 15.58609742
 16.9515868  44.91962457]
29
[35.21134298 19.08095025 14.12708418 24.20353094 33.86797289 26.21910895
  9.97763254 33.76303216 36.19536202 22.45057478 37.12752233 39.20822037
 19.0076641  19.024557   39.27305326 28.05725115 37.69977655 30.07488922
 32.87928639 29.20995736 17.63563595 37.23801127 15.71399061  6.10765295
 25.34858198 30.44037816 34.84271207 33.95758122 20.26708616 24.24984062
 35.9236313  20.3610548  29.46701618 24.93211376 42.96238819 19.72728929
 28.37065731 44.1936486  35.32426095 28.56711633 33.53563846 30.82796851
 32.38897148 14.35027857 22.13432886 34.01931237 19.2440877  10.51139892
 38.83002565 27.60391837 41.38222821 34.5217693  24.58904623 27.31316104
 11.78042229 21.8471576  28.04207697 16.33730652 14.76122198 26.97091547
 47.53673454 47.01102182 21.68851586 18.6655293  33.49382484 31.70607926
 12.21908736 21.42150942  8.09374394 33.27069336 41.36773392 21.01885722
 50.71138171 27.47115797]
