[26.10318618 28.78970604 22.32419224 14.14518201 19.73513923 22.33742507
 17.19332213 15.12840736 16.13883915  7.67638078 22.37931718 33.00610213
 15.41205247 29.20154384  6.65391191 11.12477234 26.94950003 15.43495787
 15.77777388 13.31449922 23.45745637 28.24561653  9.24645612 18.43321216
 27.62831742 11.24358349 18.32393706 20.1404715  23.14336102 18.24577268
 44.43423026  9.18964715 11.50967576  8.40642322 28.1825396  26.15226686
 14.88978084 19.68327534 17.05964714  9.44619078 26.90130493 42.61731226
 14.98032969 16.5057817   9.52427273 44.65797231  9.93207589 11.0500752
 41.2438646  24.0604548  21.1181722  25.8508585  27.31995147 27.49237222
 13.76738496 29.79688816 29.16682663 26.77261846 25.98488198 17.35161713
 24.7903556  21.30278793 19.54807777 31.68327408 12.59773062 24.44482465
 19.28729254 14.00869145 18.61788161 12.71334234 19.19789539 18.62395645
 26.36573389 13.17772802]