[26.94998805 15.82780986 19.97334635 19.49526142 35.91246576 38.14066585
 37.58924995 25.95290853 25.74131024 12.86048086 43.05523666 24.45376562
 15.14138286 26.97505612 19.82993014 10.32044493 15.40258526 22.49740325
 27.18770808 16.94915093 16.25124671 26.60678785  7.23626408 21.47113178
 26.06601339 16.02071558 25.85479992 22.25200404 16.20953037 16.02369623
 16.8990645  25.39981254 19.1022329  24.7474763  10.2953424  20.93293957
 24.26230578 15.71682894 25.12368813 22.21326045 24.56610789 22.99353462
 18.03829285 18.64275677 25.31891349 17.11191131 34.51890797 31.23483719
 35.01237017 15.29537934 29.76640729 21.31461597 22.09207422 15.45988716
 16.71236504 18.18486582 30.5271672   8.74235897 16.74780812  9.29535566
 27.77382345 21.90318121 35.0961375  20.86500892 12.53032081 16.79503694
  5.30877764 23.76242553 25.43841008 27.30233752 18.37083818 27.17303913
 12.81599343 17.17349949 13.73518776  6.67147775 19.35477899  6.35888668
  7.9242379  41.59614821 32.00848099  8.36161914 30.50066517 10.1112535
 12.32987718 23.06243644 33.30300023 24.15293052 56.96309744 12.99938497
 27.87672129 14.3468165  16.69443746 19.13685283 18.06216883 20.15283933
 22.479813   14.47162896 12.11080919 21.60464536  8.27868808 21.90127357
 22.43091828 41.8638843  20.37531132 21.45643825 25.17878465 23.36284373
 17.82965187 25.74968674 11.62840917 21.00864826 32.09562451 18.64460275
 25.48896067 16.8890678  24.18745373 29.88292549 10.00952523 12.15391945
 17.71089128]