[29.10342593 24.50742857 41.63313897 11.34801019 26.99076242 19.00968522
 39.99650192 33.18111107 46.06781472  5.65402796 57.81122794 41.95092522
  6.85054467 47.58986476 15.10487345 17.05217589 43.33264822 12.14478653
 24.97574252 15.70329041 46.48973537 31.01815236 12.29300693 16.0792226
 30.3680979  16.1292193  44.72720276 21.22812957 18.81295353 39.04051749
 14.83690234 10.96241397 14.62443873 41.00997193 55.79129554 29.77190904
 33.14803784 43.60994333 29.07538285 13.57670666 31.79276608 40.76843001
 14.85588085 17.67254428 23.98870358 30.8924346  16.94539548 20.61472828
 41.757898   37.53864391 23.76102994 42.21533037 23.7418544  52.253573
 26.36427951 22.05177511 31.74571859 51.98107556 15.53692342 20.46526578
 28.63021659 11.39354622 41.02672234 40.43637629 28.11026276 31.74190544
  6.74468523 47.62470636 30.57988568 53.02283869 24.39609643 46.57555715
 43.85228224 31.68042269]