[13.23453852 41.34239837 24.47539864 16.00270951 18.02914064 24.01695915
  7.81419803 16.57006135 31.16797822 12.52601323 18.54756092 28.79424372
  6.91693084 12.69127852  7.13146352 16.0704104  26.17128187 23.6226383
 31.69242443 24.92170983 29.59396408 23.22213672 25.40331778 11.58985978
 34.72630411 36.51165436 12.44032403 23.67857917 14.70127004 29.31582423
 10.86884525 31.89885237 21.83584634 42.32371897 20.25454799 14.01391664
 13.76447887 19.1499504  34.56215633 20.24792988 30.34833041 46.04337317
 17.47508535 27.18614871 20.54628609 32.10374343 40.46801066 32.69278263
 18.91466506 12.25574796 33.1155708   8.49651923 14.74921187 11.1102651
 27.59361277 16.54910044 10.03687357 19.19117515 18.41993215 20.72402423
 31.8911728  25.88513276 33.20037341 21.22311178 21.69629753 21.0038274
 20.10596566 12.81634665 11.32928797 37.08498573 26.24709808 38.25385134
 29.80149348 31.12710372 33.76291357 28.42071686 10.18072565 44.09776503
 18.09390939 17.83819154 17.42795095 34.5651831  10.96700784 18.1839294
 15.10448446  8.24826548 28.12003432 30.75027227 25.43255323  7.38664678
  6.75072565 29.79573225 20.88333876 26.82052125 26.88596172 12.91363681
 23.10453356 15.10004831 15.98529331 38.31568648 25.98469455 22.74457265
 13.72369006 35.26687144 23.21625248 35.22710465 11.04517898 18.06938892
 17.57215849 16.09076196  6.6838902  15.710511   15.2024097  13.71125486
  8.22882644 27.01234364 12.54879112 12.8934939  21.93461976 12.36398513
 39.2716505  14.91471505 30.58352893 11.71611402 25.2714455  14.25923324
 41.83571615 40.73795158 28.91631275 32.06714396 35.49474142 22.30261627
  9.92238526 20.38617751 22.24416588 12.26864683 30.39838043 17.55643603
 16.45556175 18.72271897 11.47223414 15.73568681 21.05231348 19.55821347
 15.4369836  19.43102397 39.25231411 14.03795645 13.115559   19.90621038
 13.76343668 23.78435071 25.86158111 18.26961379 21.87538951 30.51233897
 11.82436475 17.29068728 16.17487302 20.02044067 26.10197096 14.16863768
 16.4116219  17.47760507 24.11642579 20.30495514 17.49090807 15.31126899
  9.38853597 40.33310695 15.72399738 25.33021499 30.75846055 22.21004785
 22.20061968 25.68707595 18.29111699  9.85069119 32.78925017 16.15191882
 12.61452451 33.25345896 24.07475495 34.00673608 31.75954072 24.86506358
 35.6816858  18.3112344  40.58780323 15.78824419 35.26377849 27.57707229
 12.29994167 30.3923684  23.61716365 22.03200822 20.95097026 18.77417621
 25.36449714 15.36323072 11.33588479 15.87328966 16.2175571   9.8643808
 26.79359018  8.92074689 13.3985086  12.85967823 28.14397099 44.41838073
 39.43034531 22.73977368 23.15971211 22.82069177 21.16534083 18.54388053
 14.98873898 20.83177201 49.41194312 17.43934288 20.17276873 27.7078954
 21.1829339  14.00411618 22.75073015  6.41367028 16.54822397 16.87890384
 16.78212263 26.75020102 34.38175056 24.01339628 15.74872025 21.31286709
 15.96600954 18.02418807 11.41866595 10.03764118 18.46142788 16.38683236
 17.57763322  7.33978343 41.97377075 28.04812274 15.74149901 23.86306092
 30.62111972 13.61622818 13.2236289  20.311386   14.93107523 13.11065687
 13.29985762 31.53258169 23.47563858  8.34842159 23.4724474  40.0168011
 28.1910771   9.23893896  9.48027095 31.61468933 25.83204872 37.69026459
 13.96152779 14.57077591 24.29710461 45.60851726 33.23784378 10.82472598
 23.00701003 22.99825294 19.31653842 21.34239102 14.56270297 23.95952093
 19.94501641 28.43499511  7.89276553 10.44680061 32.34051912 12.52181126
  9.96442093 15.65591861 18.54890622 21.71032534 28.00575085 23.84344557
 14.86211693 14.57954461 13.36005766 32.30369132 24.9705044  36.19906326
 16.26700113 38.03777287 21.69572039  8.42178905 21.03640106 22.34700392
 26.91214277  9.79739759 25.84606026 37.96552568 23.21660533 12.71930237
 12.45365846 25.21707542  9.71850781 11.83425154 11.55014326 24.28358288
 28.73934421 26.31964856 13.59808405 25.55663206 27.55182961 12.79412569
 18.28109646 24.66974718 20.6334589  45.69935585 23.25067441 14.00003018
 16.6070401  13.90546678 26.23191827 24.23508699 22.01371818 18.53327098
 12.46542725 25.54204598 15.9877138  30.38801857 27.2560832  18.05148658
 15.31074272 12.75580332 13.93153053 17.2439375   8.24774333 18.42183057
  6.434406   18.06953703 30.93364061 25.44594325 31.42737622 12.92178953
 33.91805492 28.13699608 19.97569415 14.70103655  8.51760441 30.18029687
 23.75282745 21.31486505 22.33447742 17.19502708  9.93029427 17.85624197
 10.61419439 18.94591703 38.39895217 16.96028401 36.02179342 26.07509794
 22.0018095  16.05671009 12.44185209 14.19587194 10.75360478 19.73992479
 36.24980294 16.70020822 20.27077044 33.78501382  8.82326303 17.60999209
 20.22460136 21.51603302 17.6603732  18.90044632 11.51015267 20.38423554
 41.73372556 24.00658115 13.25944334 16.3052036  24.24448255 28.82995816
 33.69067367 26.35722744 17.03667565 16.84279066 32.7480359  25.96789808
 22.52554032 19.42463871 25.40427224 23.90607128 31.84058556 14.80776071
 16.21975832 26.47935316 28.42139293 22.55752133 25.05627238 10.31476363
 18.56008834 32.63968779 36.38009023 11.84073536 27.90042161 24.90242313
 20.72778639 14.99410779 14.86273747 34.7820147  19.94334459 20.14458781
 17.99796306 35.10261539 30.35205387 14.82020199 26.22791612 18.76868576
 11.45235633 15.95944873 54.54108471 24.87673486 18.57001881 33.56092707
 11.91703986 18.92863534  9.1127088  24.51817681 24.8616704  30.74679347
 27.19145726 30.28123898 37.58555448 12.00937151 14.56174042 28.19129385
 20.30845138  6.63742333 22.15062078 27.79209909  7.44714337 14.80242328
 17.55732067 16.53963642 14.43920876 22.07037338 10.21534719 14.25100874
 15.84757478 13.41073631 36.34502081 15.66121008  9.38848599 27.56785059
 13.20495243 22.97895615 23.97755526 17.75339482 12.65814278 31.71133651
 15.16462647 10.66468951 29.12495954  8.36033117 15.47170716 14.1706426
 10.7092231  31.86741987 35.37956501 11.38281263 29.79348932 14.76272597]