[36.64124765 50.61246465 43.54501195 49.68768784 47.27230298 54.20954107
 54.21583653 55.99738906 45.36938108 39.39308517 54.69213626 47.18022663
 47.11991098 57.62320975 29.62745742 54.50565847 55.81045655 39.34083905
 42.12756439 55.46975117 43.95373113 50.88639313 31.69435418 49.57644994
 29.5211858  46.36309201 51.95024309 45.68446482 55.77294531 49.65262314
 50.29885229 39.84464664 54.9101306  45.73555123 54.44569514 37.19391437
 36.59110091 54.68388244 56.15336991 57.44194711 55.13811094 32.57324607
 53.73752609 54.48403005 53.64011951 42.32211923 48.58770184 53.30608878
 41.70861227 48.00141085 53.32433848 55.11579607 54.50019814 29.65913591
 53.89377834 48.29333714 38.9324683  55.41067276 57.08470221 37.7553358
 54.07952064 46.27720329 55.75794276 45.00687909 42.11560202 42.22129458
 52.10158651 54.31896187 56.53522881 50.72627682 55.95615391 48.85168004
 55.94221226 46.72822589 51.45388915 46.36324324 57.65613397 56.47079341
 55.65520726 50.07918094 48.61536164 53.412049   45.7227347  45.84885926
 52.34344865 42.58392757 54.5734741  39.36686333 32.91244562 40.66425853
 56.19321271 45.3116099  54.99289454 40.00664443 47.84982563 46.31804932
 50.65108042 47.94488693 52.16975677 26.27226832 49.55685129 50.30540464
 35.29967174 49.66606547 30.6642257  54.27563465 54.96237369 40.80040618
 53.0420077  51.57079736 52.26655138 54.51639209 43.31489841 51.48273623
 31.79448908 54.64542848 57.37944806 53.53503999 54.84147207 56.31765912
 56.71765375 33.12838969 52.39495159 40.97314201 51.97606225 54.59363731
 33.7954385   9.04313885 59.78005434 57.1314854  54.57718236 52.34353083
 48.79705076 19.34644933 57.97571433 38.96071126 46.29633622 56.44689517
 55.37017744 40.92233472 56.73765065 47.40112917 13.30599739 43.55649931
 52.60876541 50.39507653 58.11448989 48.65981513 43.21113168 47.73192415
 41.09262887 58.6136235  47.54941682 55.54034465 55.96969764 29.19445688
 13.68610519 48.93690403 50.60349354 53.84615659 33.49071594 54.05002576
 51.57106939 49.75823946 55.22824346 23.56651676 48.49910954 48.58006377
 36.03401621 36.82422625 47.70408998 57.42069679 46.90624755 48.69982675
 53.59526677 58.15006096 44.58861828 52.32025093 55.80613695 30.77265598
 58.21748634 54.74275747 36.66552023 56.92610753 20.12844029 28.80575398
 53.89718319 50.98031625 53.53415387 57.64154398 49.26660017 41.93187247
 30.3133182  53.33258875 48.88068077 54.57235758 51.19831905 50.993491
 55.9383127  27.68113668 38.66744999 24.47856967 32.46912315 53.18937399
 52.71729495 59.32590849 53.11242332 58.56807967 50.93960103 51.61021928
 48.83585118 50.72871509 40.8363423  58.11250417 29.95378652 55.7046791
 42.64472346 39.9993688  22.09579117 39.93675702 46.52431607 48.24418531
 43.18733256 49.50138236 45.32643228 55.87552732 46.35359222 49.81545693
 50.49147191 35.75951179 51.96848675 53.14867396 22.08093144 36.10757082
 18.93396706 54.17305749 53.90724442 51.96694422 55.18153964 53.39865966
 11.13433546 30.6834857  28.09582295 54.19723699 55.08984745 58.40080674
 51.16311642 57.59292588 54.94598612 46.64486969 40.69437534 48.49351733
 20.14506629 44.24687155 44.84184992 57.2878386  51.81767632 43.89852058
 51.93865266 50.0352628  46.06333746 47.52959012 52.56197412 51.58625454
 44.03782008 52.15105013 55.22785372 54.69192552 54.69843232 53.24736495
 36.25805634 15.28848502 50.34855592 54.21300166 52.61744479 53.05222541
 47.51389483 38.0488022  45.9619248  49.86278241 44.10815059 50.20593038
 45.15610311 41.78895539 44.09044615 47.888861   49.23583924 54.07070935
 36.64690776 50.00760504 48.32605471 49.99021087 48.45757368 45.15816146
 39.57307848 26.82609802 43.48406046 56.62063136 42.66111575 39.46972121
 40.51764919 56.4756681  56.58722802 18.62661827 56.26488961 57.35184839
 46.12462056 56.96518314 54.59488052 41.57957369 51.74540813 39.65481784
 48.2332341  57.93032993 52.58332469 46.47667637 45.94055503 54.19761871
 54.29371919 43.76526135 38.11547887 53.04287437 51.44551005 55.83539899
 45.31202644 51.78898616 46.60062672 35.83233948 57.34329594 51.86767586
 49.97338456 53.1631511  46.17073245 34.26390978 45.57374807 58.11944795
 31.80556634 57.4704936  53.72772309 49.95668073 27.55436159 50.8748881
 56.5962017  49.9928076  40.1467266  41.37999302 38.12404678 47.36518048
 47.05582782 53.82030871 46.2694143  55.67154462 29.56640316 50.08067507
 52.10235425 39.60852821 55.6476909  56.36455464 56.28588783 34.14563162
 49.68131639 55.41981483 22.02046382 51.29417294 34.6839459  54.37056171
 42.35529323 33.16039345 38.79010751 42.14756159 11.29870781 57.1519339
 46.67504098 30.93361263 40.17941722 53.45311933 53.40140771 32.00254001
 56.10302129 45.92804043 50.18472934 53.21083156 47.01204136 28.94872174
 50.04291852 22.05319383 43.89004794 48.68240061 44.9092191  50.33281187
 43.49733257 45.79839777 57.70044837 52.642085   52.03969185 55.38615323
 55.19006904 50.76489828 49.0593273  55.60624724 55.39183958 51.20759485
 52.4400677  37.5508213  49.50578957 50.07701339 43.73701135 41.8463181
 57.06656921 48.05361185 51.80425521 52.69633635 37.12641818 40.95609423
 37.84614617 13.96073666 55.3341532  46.19093588 44.10603427 15.55831713
 52.20765133 37.54910131 33.94273756 50.15817469 51.17878145 50.9739455
 54.25324991 55.89704968 34.08367995 51.38301277 52.0240821  58.79546527
 37.69088613 47.41988766 56.96982386 53.44027351 50.01240924 33.1048607
 47.90797126 42.42041332 44.07362852 41.92234774 48.54606505 55.63282915
 57.12813641 35.48264132 47.86862318 54.92462902 52.65474676 42.94117664
 47.52050008 49.58289753 52.14467926 55.71859164 53.65730103 59.11316219
 54.31729141 49.98317575 50.7093895  44.18661967 52.81049434 47.04776344
 48.26406125 50.48613655 46.59111731 52.1710017  53.14778602 35.35639444
 44.09226563 58.73712434 51.05540901 33.3709437  55.28407788 55.93884842
 55.45907621 49.33949753 51.24958535 47.46185732 27.63796417 43.87975764
 54.90936384 21.43034171 49.05196881 51.75035007 48.3936306  47.85557488
 25.1800751  36.33311055 54.80818436 49.1915917  52.37103221 47.15704383
 43.80071977 30.68553756 55.93688044 53.84803922 54.42507728 49.8249681
 42.20052127 50.0083275  36.55858084 35.02977446 44.23262501 45.19988457
 48.22380431 47.79670464 33.0937089  41.70582357 32.00993518 42.49066086
 53.21812949 52.02194211 51.12160968 44.92836984 47.05278009 47.40659012
 50.81702349 40.25028076 55.67963816 44.56749688 39.92269107 55.99631919
 51.38653968 55.48954417 44.80914773 52.71082051 45.97729366 13.40310377
 41.70197946 54.01372212 27.48486291 24.89387194 59.35637469 45.80161823
 51.95289974 12.21888569 18.90768745 42.67021593 51.74062929 15.14172968
 41.7602824  55.8499349  47.55921392 53.20227384 42.00151276 52.81636813
 41.79181344 51.05126189 36.40384151 47.91552921 52.8285658  54.14789476
 35.35116501 50.1932822  51.12411161 34.51469838 57.7852687  48.29010877
 56.66417089 26.45754519 42.40661875 55.16741284 38.01714366 32.06779621
 49.56799692 44.44097963 45.92618365 44.05833163 50.29558198 48.07594301
 56.34634921 51.11207724 48.90120746 49.43216214 22.16234845 55.94667872
 12.87228535 52.66761872 55.46835805 52.24419648 55.48201951 51.33955202
 55.03887711 50.9029087  42.72235719 49.72690051 54.26918231 22.73002484
 43.73549163 58.81949049 41.28631658 53.59307764 49.54727453 52.82546373
 30.68860665 46.35333634 16.32363058 52.43405704 52.84499818 58.33257536
 52.61139622 30.03858225 50.02055729 51.88019796 52.85437899 37.48457862
 52.46976475 55.25891169 50.890437   56.53957031 50.48551128 50.49669234
 56.83382595 53.18305877 47.75972047 51.78771097 44.91856099 42.95120592
 42.80282682 54.04659597 37.80300251 36.68917287 43.17717456 39.03331305
 37.11366666 52.32194813 47.4293452  55.79389865 54.74916699 51.16827009
 56.78623544 41.42087717 45.04461075 55.10020319 52.1485495  49.5428194
 54.86627981 52.63156388 38.48988754 55.78623358 40.5547675  42.92892438
 23.32750751 57.32443886 50.67743552 57.91187583 47.99755969 37.61585406
 52.28527593 23.17867089 50.4781652  32.19261049 38.61250372 45.66563176
 48.32895891 47.62280875 53.07233257 41.49869947 23.34307679 56.96619014
 35.45431932 46.30976563 56.15991213 36.66080261 31.37792445 52.10459583
 56.10975642 50.89747074 55.53592946 10.49358559 40.88489142 53.58086037
 36.87591378 29.09274628 53.82796555 51.65835759 50.35981003 54.95857603
 43.99023987 37.75925937 53.37025094 48.39536147 55.10328334 50.21067877
 50.74715975 53.70954255 56.72717943 42.17013795 47.35930076 39.02293254
 50.44255399 35.37162069 44.58624469 41.6559472  54.30813772 47.95458529
 56.34220919 56.73945673 52.29347447 31.35270791 53.41264201 53.04197091
 43.18909529 49.23575075 38.42745248 55.49867419 53.27375066 54.39940048
 53.77594291 43.31567081 52.81510169 50.53517199 49.19586084 46.25121145
 43.67988192 36.9581225  43.97564845 38.84879285 19.7787023  53.81062516
 36.44045016 46.91394033 49.76427237 25.08576354 23.97929575 53.14176653
 51.10505992 42.32957875 48.11596966 32.09082593 56.71468007 54.01396734
 43.44971313 50.7004786  39.34743843 25.96554572 43.52271501 54.67032678
 54.83727727 18.20798199 29.78135672 42.78594119 52.34749323 57.25689356
 55.87194649 39.08186755 58.63846955 59.57498494 53.40405478 49.26611203
 53.00193981 36.90245475 44.62535956 53.33129803 52.61084792 43.92140843
 49.47833628 51.60155354 47.61816678 56.36307272 47.96270571 49.29813037
 18.42111869 55.82622691 46.59517649 51.16697009 49.29898689 55.87595805
 48.68924019 52.02818085 56.7506348  31.60093783 49.28980761 53.12963314
 46.58375183 34.60113022 47.24364471 54.26610932 18.42797878 38.39669541
 48.63763833 45.15287493 52.12149733 49.72845635 16.91738175 39.28900474
 45.01895063 52.55005767 57.28300657 56.1511968  41.56665683 45.11820338
 40.21469178 53.6912537  51.38622943 44.56802437 51.54569113 53.74560647
 54.55484175 58.01248451 40.337715   50.6954343  53.02576807 53.36555029
 49.64958903 31.64799666 55.11039448 53.90688392 57.16926573 31.93542003
 46.36969631 42.97802269 44.56845851 35.78720986 33.03880586 55.51199242
 51.91521714 49.16882654 54.8787176  50.76805218 45.54925369 54.09825077
 57.21193065 48.95254881 18.49060279 49.99504207 52.12028863 30.69520492
 45.02844854 51.30821187 56.06223413 48.64331813 49.72955311 42.02857435
 55.45578094 51.29600317 24.94104044 49.74046663 41.38470639 36.7882504
 37.99900927 54.1857749  45.36532406 54.71224667 54.39616148 37.11740533
 42.39960105 53.65835136 50.92628654 55.82084021 57.44759178 25.71684816
 51.86706577 29.10901506 15.76239864 47.50047907 54.45282884 36.82212844
 58.16275803 56.44320624 48.31701902 33.6890056  50.66449129  9.22312222
 42.0504094  44.72283178 54.46463573 50.35300378 48.76742328 48.40316521
 38.9815366  54.4786997  44.85848196 22.29928716 55.51184001 28.46966069
 56.9628751  55.9475822  53.91579121 46.70496313 53.44337421 55.51401589
 31.3938821  28.33187114 49.61704858 56.99863785 49.3616379  53.42364678
 49.32739586 49.03504163 39.35263491 33.38688081 54.15407077 45.45916842
 47.83327526 43.06392053 56.40677754 40.60884874 51.58203304 23.89343563
 55.35372198 48.01447553 49.62216428 46.16912943 51.72302031 45.63182491
 34.64712623 54.52135568 51.59757047 48.11411017 47.3698686  46.38560819
 18.33759482 40.95718734 54.43621256 47.91460664 54.54301259 52.13435929
 51.03543811 34.47797582 53.02976412 55.18743604 25.15640693 42.03551784
 54.00077807 54.66809221 43.84034444 35.35722045 51.74421153 28.27810459
 42.71513046 55.01071663 58.05765942 50.72271309 40.49326055 40.78615416
 58.44271095 54.7347164  48.60722133 42.77869038 50.79744821 56.8300776
 45.74768931 52.69763816 56.4847398  25.04798124 56.90444736 52.99096005
 50.37779941 48.40966702 39.5426095  47.26656746 43.55225008 50.91051839
 54.82556576 41.49860522 52.23813683 31.41462613 48.3603381  57.7920795
 38.25434689 13.2216433  50.33869816 53.06853415 53.72644248 57.16932612
 49.60918083 35.8440532  56.28731766 54.66037992 57.20383981 28.40975609
 55.49663523 42.64388792 56.50320296 52.07126664 44.3971449  56.40704479
 47.50951204 43.88579506 55.87263203 54.1853665  46.3578067  52.07785701
 49.25928962 53.24718522 51.99726011 48.5149426  50.13115409 28.87595525
 44.67288031 42.21459193 56.98796032 52.11001418 51.38726251 44.9506869
 12.32035991 31.29618258 44.91664438 48.04284809 49.74935259 41.96777685
 49.58214924 51.68407926 31.67912552 45.2761886  47.01792328 50.85855027
 45.36627999 55.34379416 55.02692165 35.79081419 38.47227635 55.05638887
 42.09755804 51.33442742 53.40637772 42.77790575 48.03989167 46.41642003
 39.65485622 44.73426679 23.38154264 34.48465025 46.51860909 56.87465121
 46.38108179 37.66621893 57.71082092 38.99291613 45.32497295 51.16951211
 41.37789993 56.48453188 53.64853672 45.97694813 53.82269409 51.09078315
 48.33609483 52.43178435 51.86872283 47.19929341 48.02719142 55.23420708
 25.18213664]