[20.99357249 14.51160787 10.25271244  8.71529708  9.81983407 37.56805762
 10.63057865 20.51320805 11.06244457  7.67045089 14.54396325 15.42011576
  6.93036417 17.79098003 10.07029255  8.02173584 31.28270156  7.80413522
 16.28695964  9.79963393 10.95785818 25.86370312  8.95074272 10.44082038
 13.84642687  6.22265154 13.72721354 15.36098889 17.27801394 12.341311
 16.40999721 18.88501466 11.55161759 10.45090282 11.97387239 16.58560563
  5.38969298 11.9497     16.89121409  9.06165313 16.84657841  9.00562225
 15.40168602 16.01606244 31.4890767  12.28042551  7.7555232   8.77182669
 16.4484418  20.29038431 16.32947168 11.15223633 15.9733783   6.84093737
  8.47147621  9.44418986 18.4614015  14.24704692 16.27384616 18.12199598
 24.30603188 14.28406844  8.28624194 12.340526   11.20721621 13.13504397
  7.19629872 10.39482175 21.89098793 20.26564384 12.53795274 12.54225187
 10.95757546 16.26787336]