[48.31425004 40.8481836  39.73159221 34.29174804 49.4486533  48.74557939
 51.65695404 55.80899853 47.26923546 48.91412296 37.93313071 31.70331378
 42.33697953 30.39634829 51.37334205 44.36503367 48.03957652 54.83340302
 39.59644522 48.76349857 51.99886535 53.6045997  50.15840266 38.19761436
 45.60125208 49.49750069 55.99457051 38.75830662 45.06924297 34.74933347
 38.86102833 51.76532226 52.54849704 45.69218387 28.92043222 49.580313
 28.58822149 41.71630636 47.69040156 48.4969649  53.84137034 51.62946318
 33.99827043 48.10914514 38.27878847 42.07845026 54.62531862 41.4538771
 52.56875749 56.61078682 32.88430583 52.14180903 55.9466764  55.01507082
 39.03740845 38.13841851 54.99005817 56.5327791  51.70033318 38.7891583
 52.24935108 57.86597645 54.29616845 49.92348609 46.15340892 53.2003463
 47.88952525 51.86111793 41.81683585 45.44611559 51.82203317 50.63233574
 33.10895224 47.30020681 49.9217859  43.32467936 22.12038001 29.7593783
 55.91645284 47.78165735 47.5197857  56.16049505 51.30843829 45.64040593
 46.31696756 45.20481888 20.95832658 55.36176442 53.68936158 38.40728042
 34.34566515 29.20108093 44.6404862  53.12342264 43.81236897 39.88506998
 42.56119521 51.29509809 49.22763771 30.74522796 54.76548953 50.87683523
 47.7736117  49.76233764 28.50842301 53.52404317 56.22146841 53.0702579
 56.53887453 54.45878833 52.83693278 45.19876196 41.44838825 38.16790312
 56.9638245  55.78653556 46.74166362 50.61592523 57.69482137 52.77030416
 47.84307998 42.10176297 48.49873016 43.90432854 39.6575577  47.62441624
 39.36564833 46.55734285 40.25241664 43.93220245 44.25112242 19.17868888
 46.31783065 43.87880376 52.40402493 53.17304604 49.70675573 49.95380552
 52.98571319 44.46501611 26.06582153 34.66145779 55.03368112 49.0856062
 55.22771001 38.92958048 58.98974151 40.3098188  44.47989015 39.8155372
 52.97129868 40.22704644 20.7619116  50.74797188 55.69119855 28.82126657
 46.29380877 49.90364333 45.16438338 29.54254581 53.43915269 48.75377733
 44.4228351  27.14554602 18.48914353 53.27940257 55.83532893 55.38961349
 52.47048528 43.99635723 53.16775129 55.61197937 54.39525924 49.56798546
 49.07326736 50.01933415 57.0146585  45.42726001 50.12963941 55.23831298
 45.40622034 50.15249491 51.52408032 25.53071479 39.0417568   9.75134331
 25.19819087 47.584717   53.36705403 49.63212532 43.15116441 47.90927647
 52.43850454 40.90484512 53.87663831 42.18305124 51.06936973 48.74099793
 49.70892779 45.71575177 57.5718627  45.1183607  48.50262896 47.54252584
 56.94335565 48.06941807 53.18066901 45.64484258 25.3230483  52.66049605
 53.99097581 46.08771333 26.07489909 39.43083125 45.19850494 43.30773157
 41.94900319 49.82621023 54.4463395  42.79921412 51.01990779 52.00793167
 46.60564321 47.58778035 26.03768084 47.94160636 51.44248186 47.57006572
 55.14008988 34.45861354 49.46543369 53.42223606 53.24241665 46.00592886
 56.25955814 36.09842092 42.54347123 32.45360561 49.09585641 53.21334265
 34.96255824 49.92718402 48.0904965  31.88974728 36.61323045 37.83890301
 47.62330473 46.6821895  42.79118412 47.09423627 53.28525258 53.04932508
 20.54987044 51.83252592 35.41349589 39.80521393 53.11008109 41.8115725
 31.2070787  56.76305341 53.02213854 52.24886363 55.54815837 49.40008155
 36.62164143 42.65983209 40.91742733 57.77379635 43.98745276 48.24626744
 50.54068689 52.07839727 51.14799018 49.49759886 51.40176912 32.96305803
 54.46812565 41.05156939 45.79391437 32.17528116 11.87970904 45.88240822
 46.85010952 46.69449332 52.62373107 49.74998473 37.74101022 17.95205388
 46.95203672 51.37496679 48.13073301 52.31785888 54.32045077 32.61137907
 47.39323008 51.63263917 45.6131632  53.69590383 47.22689162 49.44912028
 26.60041742 56.04208341 49.87430185 40.43192174 57.27325979 51.32691848
 23.73461631 42.68757653 41.66881811 51.70949071 50.44173779 44.71796759
 54.42154192 52.02431185 54.00823225 36.58042142 45.16027677 48.53775552
 43.09434637 50.42733595 47.90362933 40.20166526 57.34531865 20.0694088
 52.09303229 42.84442589 54.28996777 49.62461803 52.86116624 56.8601162
 38.75714917 50.00739286 55.37950169 50.12875756 53.17145149 46.32948971
 58.01261496 38.35685473 53.21361344 44.17106326 55.42624654 51.87623232
 51.05023949 34.16356275 36.25759242 16.89113897 51.91155748 56.60275482
 51.81852004 49.5129721  42.05228017 52.44255056 54.66254714 32.31128432
 23.8817462  38.80922916 33.35116565 57.08999838 41.97007001 51.98846005
 48.44694069 48.73051268 53.21144695 31.73046708 46.96143126 51.74932494
 50.55816048 53.88655355 30.37539938 52.43523828 34.11263992 33.70349772
 51.25681443 36.82632639 49.5828851  47.86971146 49.88821427 38.39207564
 41.79612641 56.72901574 54.14757957 38.15842419 50.83813609 54.0610971
 48.71472268 47.81849278 48.48026676 52.20157677 56.79298786 44.19274386
 48.21031346 51.29745818 57.38887013 33.6763566  44.17593113 49.91994559
 44.73116309 49.97745781 39.66551412 28.51740925 36.68727261 55.03892442
 46.05882102 51.05292419 49.0488792  42.6533675  44.51183806 55.63308079
 49.1043231  33.47707151 50.15051461 40.18199981 48.96387478 56.63185356
 33.04900913 37.80496032 47.48210953 44.6869217  47.37825074 52.43807124
 16.81365262 37.15211048 49.91032586 18.03614776 29.0119261  29.11464299
 24.41698505 38.29006809 39.76654416 38.65367802 56.22346853 36.21540665
 51.12948506 55.20482844 52.11030738 48.3483354  49.49704566 49.38545948
 51.81732981 47.74056562 52.55541036 52.64137374 26.61086591 38.26213739
 56.53821018 27.48140394 44.65916599 42.59583365 52.64522574 22.6021225
 47.17044015 52.65681344 40.07864088 49.48439907 33.53473346 53.92698793
 44.15616104 52.51833915 47.77094884 54.70106152 39.5938736  55.02380018
 44.10908681 57.31067801 50.22035024 47.38775686 50.83966859 22.16260255
 41.81681007 23.19033987 41.0383814  47.66908237 17.42339379 33.89591894
 51.56710989 47.59747618 51.05673798 34.42736606 54.76404406 29.02782077
 48.69149059 16.95624568 54.29900043 56.81791801 48.14495442 45.18081175
 50.21894287 56.03269571 46.5349472  57.3520385  42.85018687 57.58745772
 46.62267686 57.20763407 53.6497548  38.9726391  31.29943868 55.48994952
 51.91272083 49.8707979  40.75309454 54.41326912 48.36268591 45.12923187
 43.39957502 42.21235577 43.61205161 35.62176203 56.58363606 55.62299262
 46.8914738  49.63386682 47.57949483 39.83537987 44.61254378 44.30006047
 55.91700321 57.408436   45.89381709 41.70720083 36.31284071 51.78909052
 44.05043672 44.62637339 37.13911052 48.10430147 49.08474291 51.75026486
 21.85498781 24.63707611 33.66068656 57.18948354 57.98372933 17.52252362
 47.84070631 55.64863645 34.50189469 53.80177138 43.61936318 36.58083325
 55.48567162 53.30815868 45.82868401 37.89370374 44.75618993 55.93094209
 49.09920985 48.10387357 58.02007044 49.82725985 49.6317878  38.57151423
 49.54630622 46.66144077 57.66798887 45.93249447 55.95196781 19.70064305
 29.33305051 37.63359381 43.26404836 35.05773582 46.82168952 51.59733041
 25.53788621 20.77848455 40.33047084 21.83055196 24.76947512 53.89327644
 26.86469221 32.64215801 52.02816038 50.10030341 56.33693685 53.85026358
 16.27366437 49.03411364 27.32578023 43.38476544 51.87038461 44.79885676
 40.9420623  51.83227298 27.28373977 47.96679627 51.4587561  16.72717848
 46.72800911 52.45258121 40.5181907  56.26637338 51.44287979 54.28297258
 48.09342976 47.25938404 45.88199936 54.10699819 52.06339396 41.3225348
 50.52677077 50.69817982 36.69733774 53.35502665 52.53698012 38.94151506
 48.64952612 45.11950338 50.05227379 31.54605644 29.1204565  50.63671808
 54.41615093 40.57930891 45.9227385  47.01879614 19.30071587 30.27956614
 47.60981311 46.22067592 49.62273332 53.11422564 48.61915171 56.02212913
 42.74144582 17.10426519 44.42038549 48.36994331 40.99428364 55.87446283
 34.14999879 34.97017519 53.91588599 37.97258246 46.06298026 48.56323391
 46.49307053 55.14322863 53.75919851 23.19737868 18.48159704 49.83727992
 48.70156631 13.41552433 51.66718317 30.74801838 47.71044235 38.08230809
 49.2313973  37.29058358 53.12269505 56.36988288 52.97788645 34.13889613
 59.50116352 40.43872064 48.93540116 47.19530831 35.84162114 24.46963929
 48.9454988  44.78926254 49.45637472 16.05756983 56.05915939 41.8149651
 47.26136781 53.2247636  44.24377777 48.36684956 44.39013488 51.57254672
 39.06645996 37.16386214 48.39893452 20.43380296 48.9416321  52.13613702
 38.20560231 51.14834183 47.78887625 49.53360973 38.14186933 48.26657593
 43.29169471 36.49081241 53.22424101 54.86526763 53.87866943 45.88264793
 44.05369199 45.7049997  45.13372631 50.15226224 45.0374283  43.26865195
 53.72666822 47.097362   54.37341037 44.54812468 48.89345432 44.53500515
 52.29430646 54.21314343 46.24906341 45.04668161 52.53044543 46.90274888
 34.33362605 39.3761499  41.97751107 43.43729538 48.26248488 43.98216783
 53.89864557 46.36872857 51.61121197 55.33196436 53.55911382 52.6012342
 52.34701201 30.82536836 40.73128349 54.9457186  47.67898768 23.74285407
 55.42368518 51.11872725 45.96155981 52.85458997 48.24650808 44.77717543
 55.15021137 51.9925311  22.19360727 51.66772898 36.76519584 49.60124586
 50.6619122  52.30873413 49.71065593 53.59354515 41.81563243 43.24203757
 40.1962098  47.03516765 54.99806493 30.64727589 41.68380747 42.85394452
 22.27103179 52.23949833 55.63176826 49.98326662 48.00059027 50.52605312
 38.22020609 53.37519822 53.47535495 35.31101579 35.94376829 53.8966785
 40.61961145 37.64025564 52.70168533 42.61821381 24.39012837 40.35962669
 51.67434301 52.10750465 37.06356746 54.28437057 43.77553245 46.7809662
 21.10595919 52.21195658 24.7504604  40.89608457 48.81213389 44.11461414
 44.3548856  46.86678768 55.53399419 18.6037505  44.45759053 41.16035603
 35.85890354 55.93053103 55.34326763 41.06099733 50.28147069 51.23515125
 48.82472883 49.04011572 50.31767456 39.96997859 31.19332503 51.39558764
 38.62813868 36.57545288 49.43522424 35.76515924 49.7182591  36.13745029
 45.24784919 50.72203605 52.25593169 48.7194033  53.41424169 51.12890698
 33.86006731 13.99164571 53.27544099 49.07484514 47.01222569 44.71554515
 42.42694089 43.12607333 32.00476704 48.0783844  44.66582793 46.97560844
 50.27930031 52.46969743 34.48235187 49.26769875 49.72322432 51.81390605
 15.39410385 52.58943032 45.57287007 48.89976835 34.96628399 43.36602236
 49.20302807 48.97314665 40.60126606 50.43761583 55.65034448 52.10636744
 21.91281916 54.94890377 29.0181984  41.2614746  49.43256436 55.92597747
 31.47626914 44.16580152 31.27477071 47.41109301 53.63757866 45.85250153
 36.87498147 40.50657481 27.87058375 49.78744951 23.78200319 53.20995154
 53.01861093 54.2200764  40.71567577 39.33789377 37.38957775 54.35556066
 50.59431569 48.9700326  50.19483725 50.58395118 53.39824644 45.33739941
 38.8666078  53.328195   43.46795    45.49892331 28.6637199  37.9177457
 55.55339324 55.49486411 52.62696162 55.70974134 53.43390341 52.00161493
 46.73426478 26.7290059  45.10108275 52.93982467 54.14919476 46.05837344
 24.02237011 52.92427683 39.59551774 45.74968304 33.39115419 50.27335708
 52.74473558 50.36967757 35.54152306 16.04412821 26.08389811 49.28685012
 57.09671613 53.14603741 44.1805582  39.17916694 30.13146727 55.46521194
 47.00446688 43.86801958 49.40312664 29.82641116 54.36086027 50.30818425
 41.84759999 46.20228876 41.77846237 46.5988372  53.07368494 54.47693732
 49.70163673 47.69920962 39.9334165  47.25408889 30.82090956 46.41216102
 56.23754562 50.34232815 52.50918534 52.74410614 53.46103625 54.24385147
 53.60128048 33.37918034 51.68380355 36.91414878 57.06575146 57.8644728
 41.57220916 41.28404629 28.11392682 52.84750565 46.60853839 36.28319452
 43.39013901 53.30786392 55.82319282 44.08836372 34.52882525 33.69095846
 33.506511   49.47243172 58.36060501 54.97001456 45.88269091 42.01977607
 41.48838233 44.04066817 56.74018997 54.87753251 23.40417782 38.80092645
 39.84090028 56.30697459 50.90154387 52.55050894 39.73476683 52.56029758
 52.36829107 53.45282551 52.72683868 32.94030019 43.90925129 33.59552618
 25.38815706 53.64127306 45.05676506 51.32168311 47.1118441  42.02280005
 54.87202067 50.60970905 26.99102708 46.47605085 58.23101556 45.09590126
 45.62718343 49.47042796 54.83403487 52.25906768 50.72311805 38.59065588
 50.99124638 57.51806611 50.03410781 55.77343598 38.24451245 49.30757004
 41.98880821 49.89840064 45.50904922 47.36883187 44.01776126 54.36715248
 38.27842834 46.49342582 28.91046565 50.13866702 47.7073812  44.85965654
 39.31716122 42.56857671 46.33404511 53.24279758 36.68754882 37.94517621
 43.53335909 38.26689925 44.74059374 52.49678093 44.85256909 51.80218713
 45.36592687 39.22366832 35.87697749 56.06996517 40.15346545 44.045597
 52.20091372 51.70273253 53.06190683 38.25077281 49.85022045 52.52345249
 42.14822123 24.59141163 32.29517039 47.31546457 45.17180433 53.642226
 54.95270206 53.76822945 46.95644764 52.6150748  50.16120101 28.60982979
 27.67618142]