[41.10440708 20.07812556 15.87336973 23.52398333 14.16043653 25.4388459
 33.22330573 18.2814702  42.91416843 31.82007572 26.79638839 14.9154581
 15.07313582 13.81836597 44.81830652 10.38165967 21.02373927 25.87854281
 33.98455703 24.14048824 36.66672007 43.00772979 34.90857221 51.87307941
 11.46273685 20.51006994 18.16229454 16.10428363 32.47974254 16.16168878
 26.07182415 19.49266029 16.45651551 26.72345732 36.12928471 44.02788623
 41.49477522 11.01378062 35.13075105 43.52569769 22.0432049   9.11837706
 39.40394684 26.16407631 33.12313664 26.66209612 16.57470731 19.35878172
  6.40905786 24.294007    8.64694659 18.7768268  27.09998254 11.34324252
 11.4783048  37.3167698  29.76869299 22.96411339  7.67858573 21.40368808
 39.15790377 36.46492145 30.84981652 39.01421404 31.08796401 32.27711293
 27.56307705 16.37272229 37.81112654 15.83529017 29.55623105 41.13312349
 16.10645399 49.99789017 27.46721822 42.24594299 44.30384411 16.17965571
 12.3532282  26.10635243 17.44747018 20.48815374 35.32937984 32.65775839
 41.07507108 41.70736833 44.25646095 30.80039557 25.55817321 45.66206599
 20.25332347 42.45629993 19.39895885 25.02483574 33.57373929 14.32843551
 45.12144725 52.42689994 46.80514523 14.79115714 29.2459344  42.93370577
 22.37018072 19.78120549 33.92298835 21.46175914 13.87543568 31.36446641
 44.47756255 32.41318147 14.89405025 11.75653983 28.36982599 46.68036234
 23.41751774 50.49255517 40.32560887 18.83546377 25.05114854 30.40903176
 27.48078685 18.01564967 40.24968534 47.7946623  39.02468883 30.71879236
 20.37497828 18.68018791 26.74353749 28.84030333 15.20397108 40.49295748
 19.80010376 38.5582865  12.59198874 33.71684613 43.37741604 19.56670923
 29.90100894 11.01431675 33.65797879 40.52902333 32.91082945 14.66485269
 37.42140767 43.95943709 31.67018489 24.66991065 30.02398938 18.66232955
 23.10667133 36.15319945 20.12862936 36.18858343 19.79003676 18.14028698
 20.63429953 16.99019359 23.54273634 41.84145836 34.98510497 38.07153184
 32.53635883 32.47753625 25.26476754 23.48173624 18.66295382 28.74071431
 40.21376314 37.64190591 15.60896058 37.14232653 29.59836284 11.53394744
 15.32171674 43.04821713 21.16226901 50.44971196 29.71789255  9.95145111
 19.73817099 25.12475848 29.67673479 42.43925753 29.9664099  17.3224093
 39.61055947 27.88303689 23.74367457 47.53120553 45.36301994 13.90418936
 42.80386796 37.41104174 33.12334028 40.43462162 18.52216336 34.61578503
  9.99052749 49.52035719 24.60531616 17.04034076 47.63335613 24.07884534
 18.63367152 37.60616158 22.20759533 41.56758025 31.25988179 29.9140143
 28.97707551 44.59838884 36.60842879 30.36217985 35.58510205 18.19817368
 37.50047568 28.50992999 30.58601889 40.13861805 25.77206723 34.59537428
 30.8243285  49.26203617 32.3316424  41.73710137 27.25460813 31.78357335
 23.97669367 18.67539776 21.84049083 30.78809543 26.31891335 11.75712762
 48.27470633 40.92390067 15.54488201 34.82421009 45.18012916 21.0956128
 45.89424153 29.89677392 17.9402714  43.85913505 24.75978594 45.76255137
 19.43016213 19.06161075 28.39025567 37.99830701 35.91235256 15.17136719
 34.39855692 37.90551236 44.38192862 31.23262796 12.25927247 28.20652804
 51.78199541 16.50168572 44.58503036 22.93237809 18.21551344 11.03172311
 34.22883982 22.12420047 12.49669067 20.39726624 37.27817926 32.20692122
 34.07990702 34.81005331 39.09963115 25.19536608 29.26103778 18.9762572
 25.76547069 31.48314614 44.1785291  31.43920763 37.55673984 21.7190459
 22.91017041 28.59207938 22.89968492 33.13356984 24.86739255  9.21731156
 41.6947908  39.36962592 11.71010596 44.20057463 28.91646878 21.00983941
 10.76657027 40.94247843 25.75243731 12.72077606 22.91393622 36.48030439
 20.93818117 46.63038976 45.5225094  22.64391382 24.04117109 15.91209413
 26.56448799 42.82394811 29.51742675 41.20517177 39.0417542  14.78830408
 31.09885203 25.38328934 32.39826053 34.67774098 24.28760841 35.99826908
 17.98272045 35.45855466]