[21.80427207  8.23137965 22.41581006  8.42393012 27.10865047 15.39833381
 26.28218505 38.54916026 27.75677181 16.6917814  31.18037814 24.00730759
  8.43314301 15.71043062 18.06709737 26.17967798 16.44172315 30.6238175
 24.96694553 28.17536052 15.29871831 11.00026726  9.38861373 16.44896198
 21.97906005 19.41459769 25.53964851 17.85118514 18.34731216 24.6708986
 10.40789919 34.61176077 12.34255499 17.18259156 15.40137137 21.53774551
 22.87460274 32.10886477 22.18923793  8.93261577 13.6631836  26.78825346
 17.72245613 21.57090504 22.92598328 22.27351484 13.35584725 15.52599203
 31.14298919 28.70136261 17.87645673 14.46169428 22.01058344 18.88159755
 18.99889642 18.73409047 42.4318006  11.90079004 31.32602739 13.05937858
 17.62762835 19.46439545 11.43031333 14.19910629 14.61113277 15.12163708
  6.04392424  7.49074813 26.81718408 36.62411276  9.3785491  24.56466135
 10.54997954 16.50758464  9.20615784  9.94875099 22.86157658 22.64306274
 29.87285948 15.66926189 24.04209893 14.03148211 23.69322604 34.36508957
 21.21459874 19.69355518 13.52073744 36.23967145 13.2917112  12.78790904
 16.71330984 35.43511908 42.47495175 18.6631111  23.40533491 13.68803436
 11.56244301 31.15435299 20.60759848 24.84960787 27.83833665 32.23775899
 36.85998095 24.22695645 17.27371333 12.76267036  9.6555376  23.62947776
 16.59792255 36.70797413  8.60293615 31.10119546 18.7722761   5.50476125
 42.99611304 14.88449106 19.89713677 42.52799874 11.6497075  29.68181272
 21.4187282 ]