[35.67611702 20.50945992 36.94245276 18.5370218  13.61070959 32.48737976
 27.83344449 26.74423437 21.26045014  7.24220398 39.64960652 44.55097162
 30.36891846 38.01297061  8.87066858 10.71464203 34.21403446 42.2660754
 16.53657734 29.84405251 34.32934361 28.73291402 19.4896972  31.74266527
 23.62122173 12.99313111 33.2509759  33.00394239 11.3977985  15.13322693
  6.79222505 13.48660775  6.82856839 16.32397366 43.13926981 23.59547899
 14.68429331 22.51541209 28.61175584 23.91125033 36.23678285 37.26809716
 13.15861849 12.98383493 26.47546436 30.02119761 16.66463184  9.69999868
 29.72177916 17.68837969 35.06587688  9.36876187 36.10310074 10.20520734
  7.99025136 22.06541735 17.38092612 38.62932648 25.27876743 35.80262772
 16.18189515 11.08996656 23.89430826  9.95052667 27.90516104 50.68036549
  7.51608597 48.7301115  17.60474322 46.78193269 35.0925348  18.72177015
 27.98430185 48.38402084]