[22.54038178 26.97381568 11.41858382 34.59329371  8.07530101 35.68162425
 33.0443565  27.83550216 19.77011425  5.42188185 39.88012323 36.24942933
 32.441704   35.1320064  11.84922989 12.65510741 47.47771795 18.45169362
 25.77222568 12.64743886 38.85608092 35.11923958  8.50599221  8.60465108
 10.4981727   9.28690075 30.49770836 23.39119707  9.17036954 13.41791769
 23.58395178 31.49320825  7.08946857  9.2735567  22.68749144 20.36277797
 11.97025997 24.38021488 31.61300411 20.70736098 20.72140125 25.54746121
 22.11965485 19.83153729 16.31962424 26.74533847 13.55853595  7.31158296
 14.12449903 12.2405652  19.21108117 42.76116259 24.26930604 21.39546061
 11.19288702 30.56780726 37.49654699 23.56398838 25.37056003 17.32780799
 25.13735445 17.57326149 29.94752273 29.61446932 37.04959057 24.21991409
  9.66821147 21.72613414 26.18323834 38.54457139 29.87935804 18.23838455
 20.18073245 36.29353188]