[24.08999835 24.31884298 34.32318389 28.62986751 27.36350549 37.33177235
 30.30897929 51.23185264 32.94704765 24.93240771 25.67084929 28.36199174
 29.66380214 24.06133518 34.11973189 26.48179962 32.80262704 28.38944759
 31.73286978 29.72975997 30.22491243 33.61271449 28.72955504 46.8703911
 24.20086593 24.44017298 38.34656429 41.60369974 29.03653494 30.56854483
 32.88294564 28.04918968 27.62489848 30.67464849 25.93581386 42.03561482
 38.69394368 21.56161796 29.52819762 30.01281158 35.81272798 29.62062111
 27.70403968 31.33455791 33.44787985 39.22004115 24.83330453 36.62763463
 19.37005396 28.69250294 20.69292469 32.07967982 27.12745199 30.30807003
 25.19096785 40.57806156 30.88990445 28.84950645 36.40399749 36.80304773
 43.5586256  43.74907631 40.44083922 39.39275287 37.59294701 31.65097462
 21.47660123 48.03168116 38.1101957  25.44207159 28.6946099  27.92001814
 33.22947608 23.97689827 23.63565697 25.14438529 18.41722435 26.50042928
 34.39355994 28.44751432 33.61077122 39.23919399 26.32019151 28.87517697
 25.14152936 33.02666908 35.20124192 28.30419001 23.77287931 37.04240765
 24.93202188 47.58200899 25.32105477 25.5328005  39.4475683  27.07510381
 27.71179332 27.44812607 37.01589429 29.40053625 19.62850339 22.46152469
 28.26311616 28.22888835 22.69065317 25.77428416 20.05114035 26.84726042
 27.52809715 33.89745498 30.67817368 31.36491326 32.27135415 47.69989624
 32.74797686 32.85988282 23.41008947 15.04087488 21.86352718 36.39428174
 36.54848455 31.31958201 35.52656591 34.06227836 31.23503525 33.77091857
 35.7708481  28.52518667 31.90107402 36.86499287 33.87944358 30.84475615
 24.05807592 30.12323457 32.50062045 29.60613351 31.2231626  24.31655076
 28.63485971 38.15669858 29.12357922 26.12119302 41.14468982 34.82735226
 25.41776226 27.04693798 36.80055256 44.66811999 21.79911795 26.78051052
 32.31767667 42.67798937 33.36689264 27.49756416 47.3240539  34.67350122
 29.54179449 39.2831649  27.23912764 27.14587427 24.04925284 23.46717841
 27.57666503 42.63613842 30.35728816 30.50600469 27.17763088 34.1012934
 37.82347688 36.16941628 24.69517531 43.87195104 31.59419974 27.05670003
 29.6221558  37.11118296 30.40312221 36.57216939 42.97613511 23.96789504
 31.7088371  33.10419778 38.66206231 33.79318565 32.18068111 25.63487076
 29.4964316  32.13432089 26.68278955 33.58483325 25.42852115 38.9673001
 27.98829333 30.64728321 33.23146513 23.42791137 25.24648534 35.37993213
 28.84352488 26.26965181 31.84290552 33.32389764 25.87465429 34.61850253
 33.43134735 23.73486629 25.10954913 27.69858851 37.71337802 34.214201
 32.72313787 29.26580843 23.27583567 36.65308836 28.27436879 37.75092
 32.48827846 31.80877433 33.00040577 30.51846929 34.73602465 34.06752503
 30.07152249 35.26878014 26.74074801 29.23525469 35.58042879 26.67262325
 26.1758424  33.24161612 35.09321042 31.45470863 32.0532462  31.57083009
 27.84171441 31.75806513 35.47826096 29.9010589  27.18481377 27.206894
 29.7462979  28.31757619 29.38030683 35.81239274 41.76485438 24.30196441
 33.41260977 29.08392284 31.83908214 23.1069153  25.09749586 31.06612382
 34.2597089  21.04421318 23.90608361 33.48266702 34.39567113 28.68263519
 31.13765471 34.8317011  33.64780727 25.81747489 30.83294261 32.69096006
 31.30012032 39.89124301 26.35584813 26.55849528 24.7804826  44.66196717
 34.74272506 30.50366143 34.75949083 43.63515193 24.24564953 23.58637275
 36.40506732 20.17353211 41.33652262 33.29958813 30.73282375 28.54274254
 35.99445863 26.61820479 32.45596242 25.03132596 26.26967617 47.12868292
 41.92397056 28.00699291 34.99315908 29.95980685 33.48124967 42.53005001
 46.65699601 30.56075313 37.87166861 27.7879592  31.31510912 23.32363013
 32.97302402 22.95779894 36.74535006 23.1286772  25.80330253 34.53634724
 43.33180458 27.5676077  34.95203028 36.10922403 26.77886049 27.35960539
 20.00940997 23.48099683 27.61551961 30.34618311 32.79597073 23.18893509
 31.3738937  32.37232328]