[30.93798235 13.26317992 36.52122934 16.87292423 26.46917342 41.58967746
 31.2092897  26.10420096 32.16328462 17.81722385 18.51270571 17.58929161
 18.91755519 30.47075841 30.92580371 15.80446954 12.16729985 20.53197681
 22.32811538 35.47575669 18.64340099 25.53095735 18.58575821 28.3822849
 41.02736261 28.93001496 18.11001117 13.02695802 22.58207666 35.122766
 12.75747868 25.43177301 13.15188219 22.76026574 31.33498943 24.82091936
 24.54350866 13.54349485 16.39285011 15.20873394 14.54162085 15.9720941
 19.98593342 25.8139387  29.42828283 20.09753483 21.38358566 17.88454662
 13.50561423 15.7373485  47.56482125  9.47655156 26.44776421 20.33646005
 28.17983406 47.91531743 48.17198442  7.93875631 30.69739698 17.19475868
 34.72008032 24.11023494 17.15700312 13.80478817 14.45161675 19.10619247
  6.27235236 13.47448626 32.99617318 30.53309972 11.55987655 24.75955309
 34.10825284 25.19625528  7.11906385 11.54342318 31.7802666  15.06485813
 13.39388383 30.5252092   7.89814249 15.18146537 16.29558351 36.11287674
 12.95145227 11.11285908 10.33016276 11.28747589 33.48381174 33.48175813
 23.42164529 40.451697   20.72072299 36.27784224 20.44676033 45.73617958
 22.78213198 29.91539226 23.76851229 14.36187948 16.03415088  7.67890085
 21.07514347 48.14945977 12.28344252 24.36107072 22.4984187  39.6338105
 36.88759085 30.16617128 16.37167925 16.10383606 17.93711871 10.3401558
 34.60817915 18.01644164 26.56655215 43.17386055 13.03738407 25.15974965
 26.28109051]