[31.42951001 11.96784575 15.99821247 23.85817012 14.67043754 22.30687676
 21.47493015 10.88106386 19.02015031 12.35012893 18.56502524 17.42334733
 28.65868137 25.59678129 14.01251238  9.28505201 10.75512586 16.65775557
 13.37730312 17.77985635 30.10901429  8.06825057  8.54943467 22.36645863
 22.79121986 21.39239243 12.28194494 25.20158111 17.38465507 13.70010491
 18.96776826  8.70888941 25.65116381 15.31072019 15.52023885 12.05693303
 13.51065096 33.57800316 30.65633557 17.94025998 17.29986415 23.73689192
 15.21226806 14.24806836 15.87873419 16.23431232 18.89288268 21.01593281
  8.39881749 11.85857893 17.23398392  9.04353131 20.68720463 16.37270264
 18.21238196 24.09760427 28.95821682  7.50003129 28.6055943  15.03675074
 19.08372149 18.75562293 33.4500844  11.64675543 13.58009276 18.73931569
  7.51821191 16.0909785  23.73701254 22.72711943 15.84593442 17.88148788
 18.88023765 16.15365683  7.53665166 26.94296326 19.75432209 22.51353676
 17.95753735 18.39382984 26.13353814 17.54837287 17.9369631  18.76917781
 14.84293089 31.15041222 18.58043281 29.25195682 18.07406312 11.89547476
 12.29060008 22.59748609 13.52569637 27.51597457 22.47968111 17.19057772
 25.64269134 31.88867903 20.21148172 18.40667589 19.52086694 12.56800711
 15.72701015 21.81235172 17.41465609 10.29127218 20.85078757 19.15622855
 27.89715406 12.51195881 34.20435239 18.83034145 29.98327714 17.15064997
 38.88201268 24.72532109  9.75521379 25.00837679 11.90442001 17.61059606
 22.9901186 ]