[13.96483967  6.8251826  16.41886425 46.57304471 25.48166288 36.00739904
 20.28696933 27.37692833 44.30195081  7.3619748  43.24243926 44.5838345
  8.91824074 39.43491427  5.5357973   5.46849709 59.73391365 15.32088173
 19.39065021 14.33068012 38.92826452 24.78141942  6.39593429 12.41607047
 27.18570147 46.96826775 50.93793775 16.33214008 29.35017247  9.95197011
 53.17325383 55.01943284  6.92555429  6.86253647 24.54621311 23.64810354
 31.88399998 12.23557852 30.84240287 27.31488318 44.0788201  42.62052715
 18.89371512 21.02792249 45.1951068  39.25658485 17.48065882  7.28087075
 18.02797532 47.27596553 42.25216782 15.70039689 31.0100986  21.98699443
 15.19900144 18.95481138 50.12259783 34.11144017 36.35061394  7.81839136
 20.95794856 24.78495403 26.95100317 16.95875165 31.51112908 16.74664045
 31.21056488 42.63714924 21.31770394 44.14092413 37.65761138 14.9133486
 46.12553468 20.63522535]