0
[25.94228052  7.93375864 41.80488605 49.43962862 24.79474865 22.82999072
 17.39730218 25.51963845 34.52832839 15.48312344 55.95037411 53.84761377
 16.8948605  30.55764834 20.29746174  9.8590998   7.99946515 17.4625251
 49.72185497 30.27716652 55.99449288 45.73819938 36.40897499 31.35833851
 49.5579992  40.96075574 50.87886388 19.18196196 16.94150298 57.17019167
 26.31134387 31.59171291  5.42348401 25.51011944 53.51971813 23.38151164
 26.9051519  31.1476131  42.1638076  44.76103569 32.92404272 29.93205747
 20.74232835 48.92462468 49.34699933 35.04272769 43.97942553  6.03420028
 27.96815373 39.88929627 42.01292083 39.4825148  53.57335206 48.19621783
 38.46359777 36.05218887  7.39338556 20.17939347 15.69032817 28.27274052
 22.98046615 59.95267332 20.10856016 26.4281799  33.63495685 55.57863615
 17.00208081 27.03889911 43.47973445 11.38153495 22.81881717 20.43185955
 31.5763937  11.44806989]
1
[36.10755056 43.68102273 15.21095032 17.54835874 47.07212557 21.17168312
 27.21146552 29.04648935 17.30421863  5.98254166 24.68506417 23.05542605
  8.29390071 48.70177825 39.92918069 13.63258857 44.71136905 25.6610111
 10.09926102 44.38543856 45.42458285 24.81475755  5.48342093  9.0260516
 12.81845069 16.48358796 25.4001205  46.57632256 42.27848935 42.25946779
 22.14073052 30.69242459  6.62917909 13.22992104 58.91598779 47.48164445
 23.80426459 27.39659075 47.43180783 18.90585542 38.64315759 45.09174112
 19.22350227 30.49268311 51.3894575  56.91651018 14.47411208  9.83164081
 35.19702083 21.02574095 24.35190855 41.11749342 26.44102697 59.78058774
 35.68961033 11.43749331 50.60927619 41.17486398 28.27209236 11.73569091
 42.02448803 22.02587551 26.10391234 27.51587293 26.7506114  40.88089
 17.41365158 33.89612589 31.73207888 23.08601451 33.66354126 40.73721094
 17.03109884 19.85301542]
2
[57.17626012 32.38989642  6.59989363 41.8918159  20.46723925 44.72287949
 56.18507508 31.7808132  17.23650396 10.04955207 51.65960924 51.35466214
  5.38240702 11.70254072 22.0229655  16.47667513 24.83333478 19.56941286
 28.74090038 58.86699919 31.37826975 44.86050944  6.50370374 28.92644007
 26.76306799 29.90802699 18.0561142  37.35008206 39.10047878 24.06508881
 22.67795888 22.91205449 30.39762568  9.16789048 49.75401935 37.27100608
 12.45250334  8.29716014 23.38583871 15.20222505 16.42223174 16.86648986
 16.7116546  49.6741278  40.18604228 30.07804386  8.28936819 12.07508714
 59.34870278 57.48045294 30.32505729 18.99548815 22.77337417 18.02832433
 11.12953861 30.4171889  44.92467136 25.2738884  40.14454873 11.9276999
 18.83471874 24.153514   14.27387848 12.39088813 23.66833464 11.88687722
 16.76639088 13.09548099 26.65946015 35.09048594 23.86812938 11.10352649
 40.64372582 20.10694544]
3
[45.52452543 24.34105559 29.95933142 14.7829981  24.12250623 23.19291888
 16.75244286 31.14651908 36.95735133  9.09741518 26.77313237 51.05504009
 13.50890589 45.62809291 24.30876058 15.7974064  28.92266485 29.60186984
 25.50241602  7.03579135 10.68529843 24.18963401  7.25398053 14.35006578
 40.57382148 20.70904105 48.5495077  57.38922141  9.73228642 50.45739773
 40.31027207 21.17347318  9.09777759 21.66608423 47.09215164 25.1887227
 51.78799775 17.13309058 19.59827889 24.84707859 18.82838104 35.91099776
 28.24869787 16.1554279   8.41071045 20.97956363 12.77631761 16.36398041
 39.32279777 57.16997671 45.96880469 25.59091947 27.95194973 10.67334575
 12.81117153 12.82586311 41.3906058  45.66836892 55.15576365 11.38155445
 31.32459178 33.88138701 21.88696237 12.56188658 31.64858159 31.95986984
  6.7798496  31.87049355 36.85761396 21.67841186 13.91191298 45.13583091
 32.4083851  27.92433943]
4
[17.45495686 23.83837527  7.65832994 40.37425196 30.97758375 23.89506053
 11.24237671 33.5122305  23.41671893 21.65425163 44.59671091 32.95532995
 10.79253964 32.09151006 47.21321904 44.34028661 58.1908795  44.34914917
 38.71228621 13.47511743 20.04525018 42.1546359   8.23035853 19.5363838
 19.61819431 19.16513392 34.86682261 11.46611518 31.09410655 37.59366054
 30.7967443  28.60995131 20.67452922 15.13939799 52.33038427 51.95904118
 16.14435823 54.73745744 40.72380019 33.31074281 32.6857806  24.66412039
 20.80875617 31.84823962 19.98992083 34.66847704  7.12400503  6.27782846
 27.18970663 35.19224507 13.675608   13.67999762 20.63711739 28.97222975
 21.29679483 23.25067602 50.87827709 32.25595578 32.11175296 34.39726321
 30.1713607  12.37665381  8.10563612 48.04315835 42.76257998 43.02493937
 21.18175473 21.69049621 28.14047136 44.13750231 45.52418119 48.00623725
 18.51978506 14.4098824 ]
5
[31.1119987  37.74748567 24.15674411 11.52292665  9.68816989 40.22952972
 42.66261987 52.9609794  57.45944716 10.54667971 31.70299982 41.75134057
 28.49698912 28.33663874 22.2543749  20.44929916 28.43060527 39.53671318
 34.61312176 18.17464662 17.05052584 51.63644353 13.58089629 18.58344398
 21.5243205  15.3202275  52.81030284 26.76580717  8.79895344 30.3137562
 27.32025641 35.38959268 17.1214747  24.82926399 42.39417536 30.37499627
 14.60603737 16.02671154 33.48679911 46.54927055 34.32089774 51.9626512
 21.31425978 37.86872766 40.40813892  8.3801467   7.83391336 42.43182939
 45.66712917 46.61461281 23.42067503 23.83035576 46.48707244 19.81702765
 13.53876649 50.25884967 36.95609019 26.60757602 46.97338329 31.06777561
 40.17596359 23.4574375  23.99387441 42.20496368 24.51619068 28.47936868
 11.11669864 25.93360108  9.92800828 32.05668652 11.2595158   6.03051219
 18.99186843 34.85898071]
6
[46.13453826 33.17960309 18.94062322 43.87617862 23.0133011  35.56123698
 25.79227156 14.24968616 30.71311502 14.92069809 52.60811638 22.83282424
 25.6908717  29.90759849 27.22990066  5.70967953 41.38630428 21.94441097
 35.14378087 28.19287257 26.92316669 29.17020315 11.41119187 34.96038118
 31.70942785  9.48912533 24.42903807 42.87095144 35.65727943 23.37898834
 49.08808791 38.52015627 31.61963104 12.075547   24.13135285 47.34672818
 26.45951672 52.58514853 35.63652286 36.83757118 10.65587141 14.46197505
 30.34069466 16.35646306  8.58213204 54.10152885  9.22427777  7.88344324
 55.49934834 14.43765389  8.22335922 15.18102    15.1874114  25.52598463
 23.8956169  13.26128721 59.29157519 36.16614359 38.77477344 32.96116506
 10.39120386 33.00627768 34.45238428 23.03979924  8.49068136 27.93514244
 12.9311951  54.3392057  18.86401929 17.08762698 37.0021685  48.15157883
 22.60120111 57.39557016]
7
[26.01542513  7.73576059  8.12666592 29.28759452 16.3995697  35.77283066
 27.22538628 46.30040874 51.95022266 22.38910816 46.33464356 16.55612561
 10.91320555 33.72066159 27.42908933 16.31102644 18.14366008 26.22533084
 28.30324929  6.59061895 10.29760848 55.93245215  7.73438163 25.00141636
 33.48276087 15.55219418 33.65239293 38.18380733 32.77450085 27.12372845
 42.3421452  39.75700908 23.29336474  5.49372539 33.89639479 25.88118731
 18.18727762 23.1941173  12.96931234 13.53160524 34.94692324 26.06501944
 30.68743853 56.53525989 28.60808871 29.96716138  6.2632984   6.15923314
 35.37046001 39.1361361  27.88439227 35.23476382 11.53765195 32.62703327
 14.72982721 22.33712308 25.72935897 37.14233062 24.55614276 33.25961836
 37.54181579 13.44070002 33.09082565 32.22139095 10.23943748 44.96790986
  7.65956067 38.15585631 15.11108675 14.28668579 22.39761426 21.92694385
 10.21770039 39.38624988]
8
[13.25861413 52.73904134 27.55223453 18.28154857 16.73528271 56.36826059
 43.48031025 27.43488587 43.1361236  13.73009973 35.35517568 41.15479014
 23.03567038 13.53039993 36.57281583  7.75680018 40.47934943 26.4357996
 18.94379901 49.83349027 47.83647129 49.13614286 10.40886674 13.41446764
 49.0941622  36.17597188 34.40157997 21.61898453 28.67385155 11.5054182
 31.81489279 13.76064624 16.6098694  13.95341782 37.17404662 11.88694204
  6.09368062 35.75310965  8.91530391 45.00864595 44.36158125 54.30337585
  8.07889475 54.49150892  7.1713253  19.94549297 17.15179352  6.09885692
 43.11770379 22.07230447 29.41189069 13.99711032 18.64403328 32.78922152
 24.4521734  15.20231992 12.4713759  31.6042157  41.49316811 45.10713699
 21.39301432 34.61374743 12.4909145  47.55991123 16.11551595 31.51381996
  9.04899284 44.48393396 30.36942665 39.79655691 13.50897287 28.77120984
 24.69516396 10.3662052 ]
9
[16.60255588 33.86692623 24.10851394  8.9944644  27.3901229  44.18246082
 38.89240604  8.56703149 10.42922076 10.44725979 23.53280554 52.64475866
 23.75851849 21.69883731 10.97667919 43.37195454 59.19906855 30.3405951
 45.1595583   9.58564724 38.02326851 50.48759628 13.9963106  13.17620746
 33.9797186  14.53126433 21.51422335 46.13830789 31.04698943 30.92396691
 29.92821887 27.35685911 17.41833951  8.13341168 37.52427084 40.20731889
 13.65668502 16.09815016 49.38178537 30.60991432 59.87586081 44.58770501
 13.15025308 37.10353583 20.82803234 47.07179349 22.18003634  9.87245928
 46.87680066 16.69350041 22.84105923 30.17800887 37.60682574 50.10209589
 16.26356421 17.79330284 43.02541654 28.28834201  8.23607347 13.93983208
 15.1655121  47.19712136  5.96589369 16.93879308 40.89178587 50.32865564
  6.13365316  6.89454486 17.41370098 27.14889589 17.24219555 41.75786169
 22.90038549 26.53294615]
10
[27.99755845  8.14869723 17.68809306  9.18574283 33.84035896 37.9480684
  5.21099842 15.00389882 31.94483672  6.04206391 45.60310769 19.73919944
  7.00096181 13.51897388 21.82242093 19.34677206 55.92699814 14.94136872
 17.26495353 41.86706231  8.13046366 39.20674167  6.04565901 17.10687866
 23.49988361  9.84844777  8.85204914 24.92020713 13.89834775 47.07144888
 46.20034525 27.15056011 15.87335291 12.95150749 52.82838261 16.61081038
 15.92955031 23.90221987 19.23843914 27.96366782 37.27929696 42.73682903
 10.03085432 22.36939816 14.49653349 51.09430227  8.42291065  9.99144231
 53.05833863 48.80957634 36.07430467 25.85332154 21.02892115 58.70966262
 21.82376798  7.01508468 13.26092414 51.80536382 48.28764301 20.83779138
 32.14433952 27.13806827 57.8505492  36.26843066 26.14848977 19.60988081
 28.09379141 58.17552356 16.17438527 31.5558804  39.66024502  9.19297968
 22.74723989 10.64077834]
11
[21.32995245 21.6026531   7.4651433  16.89136523 22.9925428  27.89838442
 49.610197   18.90122538 14.62895663  8.95302858 22.76872864 42.40789801
 28.68560411 22.682619   12.23454555 14.93427976 50.3080851  19.20525592
 38.56810013 21.25268924 53.11384107 33.336079   11.74519276 11.9429014
 21.9950175   8.24258383  8.62713631 31.42905993 32.81962795 44.48364793
 21.54941307 20.3992127  18.71641026  8.94263635 19.17060491 29.95077095
 23.71246149 47.90168615 13.38492836 30.71324612 34.50934599 42.13222369
 19.46182015 32.44630326 47.8433906  59.95135214 26.61369385 21.47322551
 58.16495798 16.88767622 12.26097409 28.81107204 27.69700135 20.94572504
 26.51087397 16.14877273 30.50921423 22.61475303 54.62840567 45.46058187
 22.76103888 49.28892735 34.49208724 20.94915575 22.96463606 28.69792833
  8.75288596 40.19108772 24.49751914 23.99512319 21.58078068 24.35976772
 11.95546906 17.46195876]
12
[37.59860104  8.60389796 28.65258145 10.41436358 21.57940762 49.09661632
 33.00127668 33.85187943 16.3178688   7.78818232 26.50329883 21.66922567
  6.34797517 30.33374347 17.34353346  6.11345767 19.39901752 22.53652954
 31.81953022 28.20630888 32.62298161 59.29451563  8.92025377 42.54175615
 35.38564076 13.83523582 45.61948611 33.02420674 57.66634044 51.50498982
 53.06927672 47.31494702  6.57009738 10.25593435 46.8854177  57.06099778
 11.596367   34.84161472 29.74551705 19.49287312 19.21793494 51.99701555
 31.9464431  50.80177658 33.46398862 50.14967695 24.24365817 12.58993127
 40.93601086 17.77149365 41.48878468 49.06056441 19.12813118 44.23493216
 17.84995477 33.27306483 34.56518415 54.75707752 15.88952709 41.84818274
 37.07456839  6.34243731 49.24142145 30.97090152 18.62277549 39.16094852
 20.93321762 20.76145899 17.78945354 22.70168792 23.80083232 11.38297663
 43.23285089 41.62183391]
13
[13.96483967  6.8251826  16.41886425 46.57304471 25.48166288 36.00739904
 20.28696933 27.37692833 44.30195081  7.3619748  43.24243926 44.5838345
  8.91824074 39.43491427  5.5357973   5.46849709 59.73391365 15.32088173
 19.39065021 14.33068012 38.92826452 24.78141942  6.39593429 12.41607047
 27.18570147 46.96826775 50.93793775 16.33214008 29.35017247  9.95197011
 53.17325383 55.01943284  6.92555429  6.86253647 24.54621311 23.64810354
 31.88399998 12.23557852 30.84240287 27.31488318 44.0788201  42.62052715
 18.89371512 21.02792249 45.1951068  39.25658485 17.48065882  7.28087075
 18.02797532 47.27596553 42.25216782 15.70039689 31.0100986  21.98699443
 15.19900144 18.95481138 50.12259783 34.11144017 36.35061394  7.81839136
 20.95794856 24.78495403 26.95100317 16.95875165 31.51112908 16.74664045
 31.21056488 42.63714924 21.31770394 44.14092413 37.65761138 14.9133486
 46.12553468 20.63522535]
14
[38.32300951 17.43695217 10.79831164 23.54174783 43.89084739 45.78444305
 43.35903867 29.19037191 29.12591169  6.8476299  17.10427084 19.72474321
 38.53271144 22.92631343 17.50039265 31.27623924 57.89750433 53.71579666
 33.51390189 13.00017469 34.7922202  48.25846468  6.19057461 20.18230545
 23.41358136 30.86043113 44.59705569 17.17734389 41.5556534  40.40744176
 38.79820287 51.00291852 22.14823152 16.59295388 51.8006092  32.50497328
 26.68694164 28.85579674 52.60612304 45.44759521 40.44532314 26.36627821
 13.68729642 24.42725626 30.52348704 33.64725806 14.32578112 11.44540573
 52.67375583 24.19454693 17.48190252 18.12532253 17.64596926 35.37928546
  9.43677138 43.70175161 26.6974846  57.47143969 33.30473391 10.82063964
 56.03338886 16.54210675 54.40364053 25.09175149  8.17467438 44.28644383
 33.39459318 45.52287415 49.94300355 24.80176819 17.72577091 17.35283374
 53.54885259 24.53309808]
15
[25.20904811 31.7252477  35.0171456  28.81098149 17.18256053 59.38527386
  5.46486976  9.85085737 30.32229175  6.37319764 40.78007292 30.76501975
 48.42072171 45.62991942 30.48526105  9.20530977 37.6937205  23.86385838
 41.78957075 45.26378132 41.20385732 50.33358017 39.0182304   9.52144051
 26.30050823 17.40571269 57.89716343 12.8932844  25.56889621 41.69050753
 16.32423731 50.85021109 24.37044454 17.1897672  41.67149757  9.51608473
 11.29854145  8.71922684 28.05811596  8.72004656 37.57651532 11.55834534
 18.02633998 33.77747839 49.00006607 42.18929049  8.3724437  12.62988394
 56.18019343 16.69345026 53.11804643 14.17889508 41.91153873 33.90356453
 27.64898468 25.24935377 39.64577567 39.40593308 15.95513326 16.36696321
 43.07927075 11.6325272  29.65229586 24.06785668 18.38257142 48.75394452
 15.87187314 46.43417771 28.43834554 58.63606778 12.65456856 51.44863575
 40.17812318 26.65152999]
16
[36.38324572 14.95187622 23.77869525  7.01468411 39.20019383 31.63120201
 34.38955349 14.49303895 38.0060599  10.01780233 28.16932046 14.92458917
  6.35341769  6.86663298 16.24188695 14.77460628 31.10673776 37.38875799
 30.34392378 30.19575213 18.44044393 46.31649545 22.22000642 15.10821773
 43.20626508 18.89057921 37.72954354 28.63791817 31.3846095  30.7934605
 16.8261785  11.60354803 10.34380754 12.87713694 24.00874618 36.5655252
 46.70343224 17.81047575 14.80739614 15.16995688 47.92938337 54.57601004
 37.36238271 32.34928662 10.62754155 46.87560071 22.96590469 14.43991233
 42.24015618 43.99387183 17.04474977 31.47080495 32.43199468 55.35888493
 18.15570292 35.18049901 29.8129665  26.83493545 24.8478883  37.19874361
 37.71620887  6.94515725  5.90321548  9.74068581 58.946749   28.42580892
  8.39822292 19.67667901 14.71560847 16.36237763 24.00850354 15.35281356
 30.10702583 50.96371915]
17
[34.22329359 59.28891848  9.6119122  24.48429787 29.71285404 29.83540023
 28.07918197  8.34740756 36.39397976 13.43401293 51.36026451 58.21770973
  9.99353464 14.94871133  6.0527704   7.00257872 58.75845736 27.72955884
 15.68672327 35.96885522 35.52290074 57.88120239 12.50218319 10.64398175
 43.74923179 18.18308344 16.77606039 15.77062652 51.45117378 24.41255536
 50.33798348 32.52015504 10.82928621  5.37151333 24.57932811 31.08324777
 30.88072445  6.70456227 19.84360038 19.00121695 32.09686024 50.99480632
  7.8909538  28.10807881 33.57210577 58.14357103 28.96912685  9.27665405
 40.7522883  25.41906876 23.58434708 15.26670683 25.76965078 18.5392841
 12.47067045 15.46285614 42.10792101 35.09922893  8.22745062 32.04147371
 59.47459662 51.61629958  7.75294237 19.29090831 36.87720961 15.14173924
 17.1188454  37.10031871 37.03510346 43.53472534 42.04718425 42.60120733
 36.38129182  8.2635227 ]
18
[24.67180886 55.2078845  24.70740397 40.85877617  7.70922495 28.12247144
 37.84243338 57.25516102 41.39342962 16.02913494 58.85341784 37.75122102
 45.72396043 19.7284541  42.61949721  6.9771927  10.40547466 13.54167626
 47.36332669 38.92690441 21.370474   45.77907363 25.16639099 21.51447835
 29.56871834 10.91574308 35.64747345 26.99835791 10.3750325  36.55399366
 31.7825915  45.98455835 12.18471635 45.5685917  59.76273601 31.05068955
 21.77260365 46.25878475 12.65355835 32.43699893 28.76428409 35.43171424
 21.89331453 28.76698705 33.97054463 59.51695554 12.52949803 24.33478008
 59.93385149 41.72831968 44.20686456 14.28998129 15.96201965 35.32611355
 16.16562279 27.03442013 41.7675516  39.01478593 16.19917949 43.75952522
 37.26945616 17.21790898 22.83373098 44.26192942 18.76238491 51.26804135
 20.89765391 12.76337434 18.99096038 21.92122382 50.24014662 25.16276479
 19.01008694 26.28319076]
19
[44.59939377  9.12823198 11.47986904 16.57496108 16.87228893 51.24337674
 38.88072988 16.25991135 39.59914101 10.9458223  46.4509794  47.60803187
  7.31297827 22.10606306 19.48625896 23.56481816 45.31683043 38.3514351
 44.11335626 48.57284332 29.18514478 54.16029823 14.76287559 16.35127041
 20.28882334 28.34953475 18.67009556 23.65118459 17.82835131 22.20459705
 58.84778159 42.60340063  9.68681644 11.96844087 51.12185053 58.65741047
 42.96492365 11.01844029 31.31256513 15.26293681 29.55322469 30.37296081
 10.87640083 11.09490563 50.33310047 28.05438495 14.01066627 10.16223856
 10.74302122 30.08712935 46.74148675 17.83992337 10.09303911 52.15314147
 20.50604354 35.0776228  24.8219603  33.88784391 38.43996779 48.80947611
 20.98035107 49.10122649 19.85027237 55.79788451 33.95126271 51.12516748
 28.91983189 51.36090015 43.91202023 23.17160074 23.17218823  7.38077529
 37.27752613 50.24878409]
20
[58.19836248 12.99205063 32.59196501 15.66252027 32.39856638 32.9355688
 27.68289874 43.22906278  7.98650077  7.65380932 34.30585359 53.8656581
 19.99176523 48.40199079 19.50815111 40.07352351 39.9781959  21.58577783
 46.47160927 33.5175599  14.99585    49.06079477 12.39566087 14.32635167
 34.15046816 40.81363483 50.05015052 52.73897617 22.53890284 25.70147294
 34.8135005   9.002974   11.52912802 11.00276661 50.06372321 32.21130811
 40.41867482 18.94595533 49.7327124  20.10063031 39.05572638 18.15910289
 22.34249436 15.1202423  29.86433997 46.05137906 17.71636291 10.70684069
 46.84036968 48.28525037 36.40380541 50.95711393 25.98504662 43.9203874
  9.29169979 14.15619066 42.81228378 44.63027813 15.75485437 27.65473736
 48.75793491 10.26105842 13.73389066 26.20380134  6.85335187 58.84995592
 32.5230671  49.180848   47.76457018  5.94285496  7.55972051 39.5924152
 25.05614212 24.33574465]
21
[48.38385766 27.12825789 11.95032887 11.87382735 11.38480477 19.87154923
  9.62388082 28.31074402 25.41594506 10.43245734 44.62981094 29.80254631
  7.43835804 55.31108893 27.97816357  9.34535996 35.65175389 21.57247065
 40.57709681 52.57085967 10.24882826 29.93889708 19.25959846 36.62889591
 14.34949033 22.01632359 18.99269175 34.74650484 48.1688364  45.02840357
 31.42935023 31.02829909 11.61324264 14.45111449 56.64063682 49.98145308
 35.45249022 44.51953947 22.6456774  36.8715078  33.97697108 41.64218183
 46.51466742 40.05390931 31.11937105 50.7187319   7.13883485 13.39673475
 30.79693561 36.71214784 35.4866119  19.00626341  5.43855232 13.99306955
 19.86566271 26.73929332 23.65381131 15.52098064  8.14536571 14.37187295
 13.32172899 12.83428146 18.77062102 35.44441307 43.12315199 44.53394161
  7.44072027 50.40730839 48.6490763  15.04887832 10.8072234  34.98954148
 28.6829265  10.67708297]
22
[47.56923031 23.88672012 39.83566011 42.1021524  19.07236293 21.72924234
 31.64708952 35.73666235 30.76051106 21.43028097 38.00889328 34.92754835
  8.17976026  9.1949913  26.06020208  7.04243754 55.2631388  13.71349891
 15.58656113 37.49315861 33.86589184 40.93611802 11.96985464 11.24682382
 33.84965019 48.34407912 51.53584112 21.35143854 13.99260175 13.7940821
 42.78902035 30.13477621 16.83064386 25.08082212 13.59895759 13.40978107
 25.91281411 21.3962847   9.73512804  7.68704808 14.50812034 32.86265816
 47.89715194 49.14719331 16.72925221 45.01137739 10.14118965 16.84856371
 54.31828051 16.99763238 14.49990117 17.80222603 18.34768979 34.61756042
 44.86893432 34.59181637 58.64348745 14.67606631 12.31435978 28.9865407
  7.7218957  20.00851311 43.96700359 27.97728042 31.56903385 31.95842439
 25.04699097 50.9899914  24.47361692 50.7170581   5.2107185   6.87261937
 13.14934111 20.93395571]
23
[47.98058126 24.02992894 12.64336645 27.07072724 23.41871508 28.34936628
 16.59560555 16.36607951 48.79881575 20.01881398 32.18581609  9.8856272
 17.27754535 24.47687071 18.4966427  16.93958449 57.14001031 37.23048226
 45.38615366 24.01795284 19.90849597 57.50405082 12.18805104 15.59557479
 29.9434449  23.08816505 47.67773985 19.38023159 28.67133601 11.25864675
 16.06173228 41.57335431 11.56532938 43.6743375  41.62672209 52.30506994
 43.53954266 23.84314544 20.43783477 22.42719006 26.10351887 38.2159264
 42.40813291 19.68934186 14.08109024 34.49011293  9.99249569  8.3163938
 53.35119944 30.26816692 17.39891551 28.03178402 24.66252679 34.84254309
 41.82668911 49.65191541 31.20395238 17.77399102 58.74017957 23.88158173
  7.89317853 34.65016719 16.98157684 38.64072521 15.95379198 54.73133815
 11.25298684 44.13218144 47.29802109 34.67520426 33.39353153 18.51146435
  8.2497853  32.07583013]
24
[47.08971841 33.94437344 23.69875448 20.90763286  9.39172344 32.55703574
 59.30929829 23.60909431 43.79106938  9.93155846 40.69138368 48.16089676
 19.54864057 47.96636312 13.72271218 27.3455379  49.74008373 56.14869037
 57.72869529 43.44541398 26.5131937  36.33727711 12.33837112 16.33027207
 19.24141731 13.59371873 58.90719167 19.82934713  7.63621661 39.34903694
 52.11908969 22.84052371  6.00149785  9.98159262 55.76361161 53.95725769
 29.96330264 10.59720173 45.17706443 43.49981579 24.48804944 41.64775707
  6.14108733 17.79484092 14.4983041  29.77608096  8.51960958 14.63809641
 29.37403755 47.24049514 51.64282235 16.0008926  28.00527109 24.31071647
 10.95982471 27.81017803 17.09481981 40.68828304  8.34797715 20.08554423
 43.74264787 23.16640638 54.11435852 25.46348904 18.8092676  30.86557794
  9.8645029  52.24130323 36.76350218 39.47475448 21.6306799  15.2349068
 25.37290039 31.97260166]
25
[21.05105207 15.38537041 20.73848127 21.00265718 25.22668236 20.67583213
 21.87721784 50.92803211 26.36881485  7.2231338  29.16418015 26.98498042
  7.26855654 18.38160347 57.39305514 43.83383884 27.8417893  20.59872
 21.8305605  27.1284697  31.49747924 27.60449607 11.15626785 31.83829479
 32.52898886 31.7584957  22.35599183 29.11122647 48.80544901 45.88314201
  8.37350868 16.34386754  6.2547873  15.2598358  22.37336459 34.36625388
 53.61461838 21.56175103 21.54282196 20.95560543 16.93252249 22.03608976
 50.70884506 34.48019465 22.35714801 46.3957331  15.77861178  8.45560412
 51.9887005  34.41415812 56.02522525 16.74365426 51.690584   24.70901951
  9.69786809 15.32206303 43.14526017 36.16398477 21.42791022 51.11557746
 25.89248114 18.23432831 29.44048123 49.17811139 27.27144985 17.5450329
 42.84165717 10.37150575 13.59269318 13.44733799 27.63297287 32.4803539
 15.78053378 16.11368135]
26
[39.04956765 22.08142497 14.61900982 33.30476014  9.10111449 30.15737093
 44.60463166 19.33241525 16.8212831  13.25845054 23.04843767 49.68143523
 16.33000302 52.02826061 30.77876954  9.50611135 40.44542739 26.62159453
 49.3568461  16.16875251 50.30095917 29.61802047 11.14951102 28.47891796
 59.96398425 28.25152755 43.28210483 11.97690675 16.45350471 32.26193261
 25.34388725 27.61162358  9.09358707 17.00275738 30.27261652 34.08461331
 14.37746455 18.32852089 26.57845988 15.18564822  9.2999481  40.83042403
 10.14893916 28.8619209  13.82098956 37.76419071 36.67398162 12.91664644
 13.73260527 10.72267707 11.79003803 17.96385153 20.76903251 30.56094506
 24.97425856 12.23796297 30.12774646 48.50140869 58.32692642 50.08043475
  7.09821813 16.90689919 20.47544597 23.0014049   5.57307337 25.44289295
 10.99096251 29.30879808 24.31570088 11.80856953 37.08821404 43.95451679
 28.92965766 52.45019176]
27
[49.4589756   5.08638304 29.24004931 15.3276432  27.32393205 53.25747589
 14.86311642 21.34439151 36.18996048 30.32825848 51.82645041 36.27547352
 20.03872774 19.58066164 15.81214725 12.0905361  39.63107369 18.47218697
 25.55284794 45.69128997 31.40371015 22.17104695  9.22564877 20.59973927
 12.10782978 12.61220903 48.86442023 40.22993756 27.84546625 43.43119073
 32.87399051 37.620452   17.41046043 38.07215974 59.074592   25.83737984
 31.44696921 33.39467927 37.64582404 24.03876252 19.05990773 58.25503192
 33.82064715 52.81885854  9.0510505  58.92595679  9.22617897  8.02161718
 57.71517467 37.85274139 23.68590504 30.16104196 35.99226385 56.07989684
  8.69738126 19.71771037 30.91066526 39.45613164 31.58411828 28.28205385
 17.87344138 11.00351601 20.92704088 36.27875979 58.2090047  38.93951615
 20.86686096 42.27239357  5.13691254 48.13856199 30.54553601 37.70817402
 26.15352442 26.72861144]
28
[33.22011604 16.85241819 31.61059252 21.04638117 28.16762738 46.21480196
 16.44452525 11.50340102 15.11901449 11.00791887 51.13114736 43.04252386
  5.33313937 25.12282448 10.82008644 23.37095776 22.27566511 32.4678453
 17.94869752 26.9185914   7.60648249 46.39990675 18.39454422 11.61894872
 42.7835127  12.49900531 27.08355378 59.92969377 20.25427886 55.25873313
 24.58369665  9.02229979  9.01354344 20.10854807 54.53430382 53.67701597
 43.07312206 33.17008498 22.23802269  9.23624814 24.32385161 44.54974221
 18.0541933  15.24102834 13.62843832 33.15798303  9.2234773  17.18604001
 51.43795898 10.79418127 54.34169945 44.06726885 15.87055141 20.19434335
  6.5783379  46.80407819 22.68951735 36.14167205 14.98115245 38.10892505
 40.92652724 53.67889437 15.14639112 18.69394862 24.40403225 40.0625947
 22.99775166 55.0387582  27.31911055 54.96898394 14.07064543 55.85114112
 50.27727665 18.00496774]
29
[32.52126998 23.78740372 24.27273523 26.43122531 17.39458583 30.75435289
 17.8785314  13.40920944  9.31265856 27.78131848 46.60613808 33.02226403
  5.41820919 30.98378196 20.71932965 14.03932164 21.62188878 16.03055466
 21.59585997 16.55861101 35.02073452 54.77983545 18.7331248  10.33629539
 45.56633628 30.72374131 26.13303431 37.87346319 38.55294299 13.83796864
 25.9653722   8.07265143 13.89374999 24.70420577 52.40793121 13.18985606
 39.17828589 32.55023804 31.04652296 48.19356889 55.20642317 17.9804655
 26.17833745 59.09665848 41.744095   41.68019045 10.819474   10.74360422
 24.03824128 39.68716388 50.13966427 22.34608982 48.08463936  9.8569851
 10.34860942 27.88710978 58.08547002 31.57339398 24.24942002 23.38757617
 58.28814715 24.06187211 43.47559296 22.87709681 26.57193677 30.37640294
 21.42487701 19.34918346 42.17313607 12.96266263 48.51398799  8.15408214
 21.00068524 18.92852418]
