[23.21847007 10.86928588 37.62334728 10.4364821   7.29557196 21.08808307
  6.86253603 40.26467574 30.60024382 18.44616743 33.97313752 33.29592657
 11.00434737 28.17284178 12.5779487  27.25482056 20.24464579 16.82032618
  8.47989136 21.12757528  8.7783741  49.73414544 19.5869593  33.5549751
 37.93310672 21.9700267  26.38741645 29.82758494 18.24158562 39.90034969
 52.76385774 17.11307892 29.36765257 22.73662453 33.91889928 56.75071464
 57.22731183  8.26191745 15.53891184 19.37794727 12.37402656 57.66989611
 14.50920683 53.45543679 28.47892801 35.96349137 15.64141758 21.66820581
 41.49835044 40.94589801 50.27368516 35.44826709 21.76699194 29.64711796
 22.86801004 23.10159716 13.0201466   9.22067984 20.83581293 19.07281643
 12.51834414 18.67202802 19.82847047 28.12322932 37.32216616 16.63353265
 19.809582   46.16138286 22.56733968 55.68138749 36.48047061 25.57362147
  5.42505585 12.93385248]