0
[23.21847007 10.86928588 37.62334728 10.4364821   7.29557196 21.08808307
  6.86253603 40.26467574 30.60024382 18.44616743 33.97313752 33.29592657
 11.00434737 28.17284178 12.5779487  27.25482056 20.24464579 16.82032618
  8.47989136 21.12757528  8.7783741  49.73414544 19.5869593  33.5549751
 37.93310672 21.9700267  26.38741645 29.82758494 18.24158562 39.90034969
 52.76385774 17.11307892 29.36765257 22.73662453 33.91889928 56.75071464
 57.22731183  8.26191745 15.53891184 19.37794727 12.37402656 57.66989611
 14.50920683 53.45543679 28.47892801 35.96349137 15.64141758 21.66820581
 41.49835044 40.94589801 50.27368516 35.44826709 21.76699194 29.64711796
 22.86801004 23.10159716 13.0201466   9.22067984 20.83581293 19.07281643
 12.51834414 18.67202802 19.82847047 28.12322932 37.32216616 16.63353265
 19.809582   46.16138286 22.56733968 55.68138749 36.48047061 25.57362147
  5.42505585 12.93385248]
1
[17.5703148  16.12485291 26.69966689 46.09421527 21.92701989 40.37142204
 55.90308665 19.86131993 26.23339526 17.85974762 58.44833053 52.19659045
 30.92664116 14.62697425 20.28087266  6.4343229   6.7926625  24.46611631
 48.64072207 22.22846342 21.7913615  39.01184823  9.22217504  9.93843961
 43.59980153 12.98236609 25.26852253 43.56042006 26.39902879 32.91655128
 56.17136582 12.12205486 11.76561745 51.72179197 48.8729903  45.27946488
 45.2467028  29.93258837 31.33411701 11.65599757 25.96974674 29.90791985
 36.32055135 11.82682349 22.97273907 46.05381179 20.11312141 11.1388193
 33.81654124 54.70516304 29.09976401 27.80640784 50.73693901 34.29949651
 26.95659216 24.42497273 11.97138561 45.71024745  9.97660554 29.27245497
 50.9996842  30.32480749 11.47935529 23.33476476  8.72023787 36.93377422
 41.25866    46.3052017  39.63844074 26.24361702 29.16347566 38.23050749
 35.67175552 40.56448869]
2
[25.67507446 33.13483818 33.61306607 28.28632064 44.7730825  24.5745438
  8.11155452 42.6336658  22.53190849  5.00787773 32.76633528 28.89497056
 31.0903479  20.08395465 54.39320706  7.62294802 51.51620296 33.14760966
 45.57611739 11.8009426  59.18169008 47.59856456 11.87751388  6.3035383
 17.51180114  9.53399558 13.70782673 25.85463804 37.21042652 23.2672035
 22.69694987 20.30834545  8.34612891 28.67460352 25.97278566 42.60036156
 21.61848216 12.66058253 27.67409926 29.00006997 54.82626253 29.91156976
 32.43920932 36.82707748 31.07598378 37.00316347  7.06389998 20.33244078
 31.42333859 14.43334441 17.97226056 42.03514313 24.07785181 29.55534805
 23.23482159 25.30868035 21.08053672 28.70713113 32.2074294  14.88189979
 18.00641212 39.5418247  20.3494361  30.69635843 26.34937016 14.16845457
 13.81828427 30.6806407  37.43215197 11.93399678 22.84469274 26.13975051
  6.33179244 28.85218123]
3
[54.37785845 47.98251157 18.37078786 14.84656432  9.85602201 17.16087892
 12.81645704 42.50331564 24.79563717 26.23761012 49.7826266  21.69782088
 10.87351221 23.69939109 28.12675545 19.00280893 26.74746976 36.01586226
 50.1876362  32.26548547 21.84354149 47.12324682 23.33106513 22.02691548
 54.20254125 10.2727322  22.79962977 47.34559595 12.80242695 49.31284978
 50.43737191 42.24212682 36.10539759 25.1980887  39.86675237  9.60049407
 50.79860485 58.8497724  31.71870405 24.83742025 29.94518134 25.07764444
 30.23377752 37.56148841 36.26789169 38.11309226  7.77272333 11.8184099
 49.36773216 38.38748154 40.92579322 19.36196214  9.54657909 20.03778853
 21.38393264 41.71036588 11.53612625 56.22915726 42.58244148 12.60557157
 17.85899775 49.22206879 26.59441897 27.60444157 12.95093007 28.98383907
 14.56347762 52.39888054 20.2060354  26.90550364 20.80923497 54.55760438
 25.78217243 43.71224728]
4
[27.98200827 56.21805645 23.41824524 18.00285771 40.15550089 18.87168062
 14.15957608 16.24316875 14.03720858  6.6197     44.13399623 28.9863679
 16.26380626 27.88575064 51.05609708  9.72071193 50.98279933 49.88470496
 27.0409127  25.35177735 28.93300838 35.29571451 14.10269122  8.91748756
 41.2638651  14.25411001 51.42345544 55.32774681  7.66439579 26.61481194
 32.33947322 20.57479398 17.65104752 32.26974493 37.20830024 36.79221299
 34.80556157 19.11004458 51.41536448 27.28646584 43.93885524 49.47105603
 32.89807692 44.94961423 30.57185736 24.69529294 22.1396523   9.3006375
 55.42715579 50.58396166 39.27201015 21.22907633 17.94945675 44.33072483
 26.21317287 28.96701719 24.70288391 27.46403016  9.30025318 17.45002222
 11.76933685 32.50289654 12.61231789 42.74587021 46.46474584 39.28056821
 23.41256895 35.66295404 23.72831382 19.37422433 11.91782923 19.93446203
  9.32150691 41.96736756]
5
[13.60362049 28.58084074 29.94396712 39.57959246 41.10147342  8.65748649
 23.51985931 13.9906601  13.05717232  7.31264092 30.08624006 48.66378604
 16.5790953  36.18707233 45.54315166 19.42001977 46.29229161 17.18457097
 43.28672263 30.13904938 14.40014793 42.51257051 15.0899264  15.67979951
 23.99124771 11.78748442 23.42064722 23.35913954  7.59470275 44.84853532
 22.39837756 16.9685195   6.0871068  19.28718864 32.41021366 25.90192606
 40.08100837 19.54204385 19.3732483  31.22427694 39.31451966 13.78952812
 21.19193055 21.64663644 56.71363694 44.71507259 11.14003083 11.93751017
 37.55539445 31.85552896 29.55156711  8.33536733 17.85348695 47.83803167
 18.75050806 33.78273907 14.59792329 19.26394207 20.11725432 48.39014664
 50.16540914 15.02030237 28.88302789 34.18339369 20.88814361 29.81742639
 39.7716258  47.50076304 31.13377532 40.08412932 18.69880817 32.09799232
 54.65309896 15.16519367]
6
[42.18574743 52.43487297 21.72785898 24.91314161 31.98916071 55.86487792
 25.52487163 15.33769017  7.05999757 15.63048302 26.01292848 31.45573512
 12.27204727 38.86240507 33.59927265 21.62210106 16.6771939  16.51185033
 15.16550663 15.68799759 42.59961299 42.55945158  8.62412714 24.35391501
 38.31769244 25.38141672 35.2788521  22.71624222 11.92157661 26.50315057
 26.70641457 12.46594463 14.43571974 21.84356843 48.957336   42.02577168
 23.31195789 27.06093749  5.87723019 26.78929175 50.08083853 23.00262569
 20.39132239 12.54959481 42.08483524 44.14720997 32.49982353 21.24777824
 46.26736613 18.29648773 20.67661346 28.58771136 15.79606678 47.94353126
 33.41031639 58.88683663 19.00699933  9.82147408 18.19719294 15.72733496
 15.00831697 31.68289402 28.30935993 10.36835776 15.32645177 20.43563063
 11.04771822 39.94267032 39.2066113  39.06292862 20.93569743 21.21097299
 46.97183676 36.44081147]
7
[40.03953489 59.69202151 40.36999978 14.69302146 28.0792419  42.74601672
 10.26097861 29.63934647 24.88154947  8.93159656 14.87181959 34.47963937
  7.93120941 51.67504872 11.20808404 20.34894361 49.72973485 19.02760834
 15.8071051  20.2940002  37.72679896 49.51144704 19.38327492  9.06558281
 32.35465322 28.25807767 41.38427611 49.96817885 21.02276245 42.99507439
 35.84778788 16.31333329  6.79938585 18.36835466 35.32810764 17.87452577
 29.31965193 25.38073076 29.08806743 28.50463737 25.49188403 15.57946719
 35.36107016 54.46081698 29.00296423 33.28163822 33.00815982  5.6054084
 28.93052502 30.89677859 22.96033314 15.25702295 37.67682118 17.38775921
 10.42847851 51.49712809 42.91268021 38.49674287 53.53224409 37.70208385
 33.69740804 47.32552229 36.00527328 11.55105931 19.88742305 38.35237554
 15.25303617 22.27334144 13.72583711 18.33168029 21.79087385 19.38827142
 35.91357964  7.57209615]
8
[ 5.98859179 12.78363461 41.80507882 49.24454135  6.51385211 25.69125753
 27.62961023  9.0899348  10.81674563  9.47149676 36.07282808 52.91216823
 44.52367675 30.47178753 24.72480068  5.30770729 58.78584643 20.46596954
 51.67834169 39.29462163  6.91541944 45.55135522 20.52072263 50.30812901
 39.84208977 10.39526397 52.41492302 39.1128689  29.41835583  8.60565079
 40.72443685 39.02942026  7.93702763 16.87665523 31.9916615   9.40074202
 31.97033034 32.3145848  37.87675147 50.00202772 56.8978532  28.51692112
 27.37009826 34.56271207 15.62741328 47.70672676 12.29706118  6.39358776
 58.01089559  9.73208038  7.01095413 28.28345996 50.46003719 39.09450356
 29.93199231 34.8071249  32.40375292 11.15108964 30.65514572 37.03339323
 45.02779251 30.7377387  44.04572203 16.6436318  39.09216932 42.55590895
 47.54513228 34.7805774  21.78158949 25.55056734  7.7321003  22.91403312
 25.61933359 16.13767026]
9
[ 6.00176045 12.22372035 13.0693318  18.31846304 52.53666928 13.646403
 39.36972306 29.71843314  8.39938175  7.15038753 42.31074027 17.93887673
  8.07238648 12.49350351 45.28459329 23.14454966 42.75294318 45.85850347
 32.00491148 12.74436303 43.15998714 48.98775751 12.20398077 23.78598549
 18.38674244 11.944493   31.34033879 16.61117928 27.10301515 16.57779061
 26.44878351 17.37828063 19.95066824 25.00106838 50.6301309  26.69460659
 14.83720418 17.94187908 52.50639382 20.19668884 12.97949643 19.45391094
  5.4110627  30.58842829 12.90815638 50.30578168 15.38220836 20.33600237
 33.28303493 22.36037617 32.01485735  9.60602558 29.20980317 45.33601314
 22.2878899  10.60477275  9.24462433 54.24947388  8.0117675   8.02669375
 25.54322702 41.47315995 30.93207286 49.54367191 35.15266469 48.47444903
 27.5569805  39.27486537 22.2478261  46.39468067 23.64241212 41.80657059
 41.30674219 49.50731888]
10
[42.13494244 21.73142225 19.27835883 37.41175297  8.41405352 15.18362582
  6.908305   49.61087781 23.72384612 22.64135509 51.98208048 36.7527892
 59.75705171 51.10677675 28.4548747  15.90308664 30.95177216 35.25451372
 31.71269697 37.98594626 19.20313954 42.10206684 22.96940935 45.97613672
 42.35931596  5.51107164 40.36963473 14.95756446 10.96324539 26.55238714
 22.82623739 16.9528858   6.58119869 52.00310802 41.59821901 46.36517637
  7.74201192 29.23349848 25.40572552 13.40924773 42.51302396 27.58134662
 45.02870016 11.24848822 54.65686106 21.65731426 11.06783698 11.34364419
 28.4932208  11.34485459 40.62761473 25.43443766 31.47451588 21.85678828
 20.90952629 40.27681447 24.49506137 14.99677574 18.30007302 30.09710066
 51.11231658 15.86013008 26.15585172 31.7086973  27.13358123 19.2062027
 30.54293116 33.95061724 17.74639891 46.98479748 13.3825364  47.78973509
  8.17922084 17.81476412]
11
[19.62747082 20.33447312 11.37347404 26.27254858 33.43905855 32.37153272
 54.53453756 27.13366058 29.61432316 22.56095888 44.1160502  46.86912428
 13.80080043 51.34171996 15.59294777 18.47906201  9.73911927 24.02092524
 30.11592839 24.60099918 34.52796888 52.60045817  5.99307099  8.84722727
 22.21508539 13.55388996 55.86471881 55.27909897 55.24577804 21.37973221
 45.08155609 31.24246233  5.04613022  7.77870822 18.38778925  9.58109788
 21.57322702 38.32020485 36.71830662 17.52058923 24.92844415 25.39141289
 26.22579949 11.06551261 34.49597139 33.80839844  7.98972355  5.68265573
 51.13476064 33.0648242   6.77675731 28.5289799  42.1549862  50.28628974
 17.32340275 13.63623004 36.38073123 49.41251042 26.77674819 53.61140711
 18.86690929 11.42112426 38.70712447 37.58240022 31.37551278 32.14064393
 29.658706   54.05788429 36.15098715  9.39295423 28.45135812 32.47699859
 33.54154866 16.68160772]
12
[28.64639246 44.56020719 25.44718604 53.79826286 19.27080312 20.50321792
 33.33245084 31.5108354  43.79257139  8.7665592  42.14963298 33.92924596
 21.99839264 34.42607172 26.45070378 14.2274561  38.32202386 33.51582753
 22.96272635 17.31009966 43.4491572  24.03273255  9.35158987  7.25400867
 32.36560155 34.44252522 30.45666886 47.13112913 17.53955332 21.19250527
 34.88833315 22.6487374  53.5152342  12.04312056 25.91766631 37.63473736
 35.68392697 39.48101049 53.50091262 15.88268666 15.13411809 22.86511556
 14.07115722 14.49155554 22.39506852 56.25788727 16.88317206  9.94067049
 59.12356061 57.13318422 16.20769652 27.24756703 16.41947017 36.66713878
 18.58650549 27.18010696 19.78752392 55.42305824 28.78265065 31.01713745
 11.04234192 47.2409419  11.34585692 23.84523513 11.9608557  50.93872687
 48.22373005 24.76850683 10.43352916 43.86585521 15.84828685 28.30140696
 10.46085373  8.29200054]
13
[33.87271365 17.01207057 19.08513267 24.14683326 39.1169446  46.92618222
 14.89341064 46.75480639 34.71783375 27.04680753 43.52581152 37.69174077
 19.38772492 45.87419921 11.52730114 38.05909125 53.93208696  7.69543314
 33.02991753 30.41103157 51.02916876 44.71296739 16.3596211  10.08416561
 12.7935528  17.20394944 29.47491644 28.86216022 23.15253438 21.30993748
 36.05012624  9.1864209  42.99462773 20.0574446  41.6625263  39.54002375
 52.27906379 55.31034747 45.02250142 49.80986607 57.27643746 24.6615337
 17.12012418 27.09499867  9.36230001 48.38235507 11.01865578 32.58854447
 54.49612441 50.61528592  8.0156737  54.30921469 44.42072026 26.10395726
  7.93030684 32.22270871 38.94873116 49.25692522 17.06796038 24.43213119
  6.46057091 14.38122184 31.56176164 25.67933648 44.04476758 50.51183409
  8.5323776  22.77521143 11.60038156 12.35842521 32.82775938 27.02689097
 25.05705139 25.15152004]
14
[26.98500936 51.6544057  47.323795   53.25931341 43.65876761 59.49487736
 21.14921401 36.93019995  9.31016943  6.84491443 38.51439879 15.7893414
  7.83949463 36.87120074 20.08311717  9.36099849 23.12177563 35.87624817
 18.38978121 19.67181856 42.06922617 57.88199361 21.52387855 21.14608831
 16.55466776 17.00528089  9.34597804 46.52319693 29.0359394  36.19629034
 57.91481723 40.70881022 12.24299291 11.01450485 17.87361658 17.04035368
 14.34803292 10.3841248  17.13727053  5.02765336  8.83789701  7.85150064
 10.24806852 39.98235025 16.11466078 53.83460036  6.31172609  6.20987829
 37.730288   22.42902429 16.94971984  6.57325758 23.91210202 12.89659082
 32.48995231 15.83073828 11.36053722 29.03287967 29.28464448 24.66226877
 31.62168968 31.99653157  9.23045633 21.05783629  6.29422113 32.66191169
 24.10461931 24.98423729 22.09977317 38.80657612 28.73123002 26.9117695
 51.37463201  7.30061065]
15
[33.35097512 44.44951687 48.73791154 42.30998767 47.06039676 34.25820824
 27.00730534 45.68437346 14.73706422 10.1098293  28.88728872 57.39929127
 27.66385001 26.35557904 15.98196492 17.50972371 35.23503539 20.35675059
 49.35951629 41.72044919 16.5716251  38.23170389 15.0804773  11.71498112
 17.54780645 20.41168461 33.94662838 16.22238764 19.37672907  7.96513745
 39.39666199 27.73291595 33.7033422  23.05288824 57.56386188 47.64669487
 19.53697354 18.05958385 21.79190218 44.80822566 44.91451923 14.53973584
  6.99647616 31.28406319 49.74092748 49.93473762  6.16545755  7.67881306
 30.7178889  38.92413342 20.78480597 13.73713367  6.37635731 50.10779636
 50.29242005 48.98062315 38.58308703 24.35362501 41.66175036 10.82797088
 13.43316004 31.05770563 35.1686914  30.10976312  9.80163034 32.35479795
 32.35538489 59.19997155 38.32414108 13.96916178 27.61629422  9.54416292
 12.19329685 18.34668404]
16
[23.62461727 45.60110829 27.04846499 29.04504404 59.69750703 24.13173567
 14.11219133 57.16480221 13.95874779 16.3581626  28.99988124 37.78293397
 20.05104613 41.37477198 19.51693924 16.87622827 57.33254433 45.35496789
 49.55669232 12.16066935 22.9727678  55.27251021 17.65136727 13.19372122
 54.35416095 28.04121713 28.71032627 35.8148641   5.47579741 18.11629444
 41.53343901 18.15619683 20.83360117 18.63138402 23.97648861 42.47677563
 24.49599197 29.56172659  5.69974152 14.22109528 29.62844016 53.01470549
 33.70651439 18.73685694 11.82856055 21.88505801 18.49788321  6.83482427
 56.22170269 32.17923169 34.11669435  8.29633979 36.05416    22.15029053
 11.87966343  8.24955157 36.50322313 32.16725685 46.73416779 42.18952391
 22.2448213  20.27052912 41.92304564 19.09296467 28.19983789 16.71204848
 14.71383476 36.63255552 28.854884   28.71578769 33.70830706 30.7957849
 31.19408006 16.00012233]
17
[10.88804281 24.28024396 20.30415053 19.94479162  9.15968369  8.22209362
 32.75735517 24.00989881 41.39603202 16.74855495 46.2665155  54.11542287
 11.29544206 31.50942724 22.83940976 42.75599109 32.39506405 22.93508348
 40.70569222 28.13392524 46.9629249  29.83831497 14.0315096  43.62547989
 28.07705393  6.81102008 37.79828427 26.92071338 30.7391757  25.62137135
 19.15460305 45.64536506 33.56174271 36.03722872 33.54008444 45.27993497
 24.97185751 26.04059085 45.17982637 16.831789   16.14893141 52.33833876
 37.55012477 57.46545452 21.68836685 58.42350982 13.43156675  8.08224546
 41.43815618 41.37831199 44.846139   25.06150554 19.86182955 42.8364881
 13.90274031 16.34016864 21.22742923 24.72208787 29.9309286  49.67087898
 56.54995476 35.22250147 26.21870683 42.39256821 16.86902384 51.83287324
 36.70916201 46.38783755 22.09197738 35.16458192 36.66642247 20.05340363
 22.45941534 32.50890105]
18
[58.39315514 13.45532636 55.09431716 20.46893387 43.84421098 30.18366234
 38.94282751 30.55694789 59.93269556 27.30179745 44.79648104 49.11013082
  5.1376834  47.84844983  9.87548966 11.06126566 59.10988853 11.51080071
 21.34462451 13.2722218  23.75122653 51.66599346  9.57410263 37.74855415
 44.77588543 29.90690091 23.21853173 26.12037799 19.77447294 14.78471339
 55.14214952 11.37114969 44.18904914 20.36637067 39.24156635 38.40108699
 33.72791675 22.04759392 12.46179419 20.34385165 33.33617799 30.55603413
 21.75521578 12.29727394 30.15148995 39.59777615 19.94312696 14.4406886
 38.93129226 19.47794756 15.64762564 15.135455   14.98294248 47.61504964
 25.28752158 40.57105852 36.13111536 11.40623249 18.76990485 50.37570951
 33.32866348 28.09650087 23.35223456 18.01854603 17.37326753 27.55788806
 17.54087948 38.78089694  7.03199873 46.44654459 55.42784416 40.16016159
 12.06019789 59.0669551 ]
19
[24.95477354  8.49280022 33.8463032  58.835184   17.75188359 35.00802454
 15.78956069  7.19500221  7.48861743  8.71111737 33.9075212  47.80655433
 30.81351451 29.75729579 37.99869088 35.40520541 52.47282455 52.36517456
 30.32941286 25.7719023  30.01419947 24.72270633  6.22184266 21.00897147
 49.80720429 55.04599859 26.55684509 45.97587071 57.95610587 27.78059744
 41.69629139 14.12987723 12.31701485  7.39877838 15.88864807 24.76277994
 12.5764538  25.94119695 12.99976059 14.79739943 29.79221115 11.53064225
 17.78788463 15.4734161  35.71784664 58.08498551 25.37475137  5.05329619
 56.30442616 33.41810443 51.22655043 14.4752802  25.77931204 30.65276254
 21.19197301 12.98563079 54.23933509 10.3651982  26.54318562 38.70414736
 37.55562632 17.78633768 20.98558108 37.05483811  6.31140126 31.55013364
 16.10790381 13.32316259 29.98828599 32.51329225 40.31392046 50.23036849
 20.82940429 22.50952384]
20
[31.2542905  18.78148416 22.14300543 19.51311622 22.7833723  50.04808383
 40.5481685  59.98904075 35.44523094 17.79937271 27.57058554 10.58271391
 16.19694345 31.20972534 21.93609716 10.13921239 33.32344514 53.4779283
 34.24509742 21.76211597 50.93805927 39.92972177 19.88191838 19.04446358
 23.51399672  5.47576199 29.23661441 16.20582664 26.3844333  23.03660462
 47.73393808 20.99356571 31.07977391 53.67635386 16.16229462 10.09526244
 15.07161432 20.29145501 35.51640571  9.92299293 58.01300904 31.26808727
  6.25691471 12.11463922 31.7883584  37.56171856 21.84413961 19.90054095
 33.33179704 24.38401107 15.85984936 33.20679053 45.60679534 36.55537765
 14.16251074 45.34373575 20.87830243  6.78901008 18.82938077 33.68159766
 13.76888904  9.782007   27.54193633 19.40658045 17.36229216 32.64580176
 26.12163269 40.16159379 34.45124972 53.53046835 19.56474271 30.18816303
 13.84804355 50.49586261]
21
[12.01921337 25.84630802 49.6050465  43.59746435 10.02526054 39.12929592
 25.99895038 19.8000634  40.02311846 13.315667   25.73549804 45.59328701
  5.3726319  46.44309532 41.57418664 10.82706891 46.37222723 24.42753884
 41.92227073  8.35748208 31.62466261 30.36939861  7.11621407 23.09943729
 17.99433819 43.1387594  33.48067369 14.89785908 26.30805112  9.71567709
 59.5183303  33.12037311  5.88680316 15.14599916 11.24741028 28.9608989
 16.78810235 46.1802969  23.13760301 10.98334764 38.56696652 22.85343992
 16.42704032 45.39555671 24.72810756 32.05725967  7.28206129 21.49379798
 54.23017266 22.95472155 59.71994226 33.30949574 44.39155294 22.62138802
 12.11602589 38.34915858 22.23305543 41.57345563 26.66865288 46.51804422
  9.6053253  19.69818517 22.32932226 37.88447343  6.58687151 26.77417195
 10.5555389  31.1311931  18.35987237 30.16408686 52.06507594 10.83746263
 49.14283754  8.85054192]
22
[ 9.03874894 12.28420363 27.2217742  16.55472042 26.36666175 18.1186074
 29.27449632 57.49128435 14.0516179  15.23812446 41.29358575 15.26711898
 19.32210682 14.87367634  5.55806579 15.87862477 54.25268765  8.09548662
 26.10518621 24.07863204 48.9274573  52.18116925 13.63110161  5.21521852
 32.2819983  13.06756774 11.78895936 20.43231949 13.23220869 15.85298136
 31.1155058  34.47367142 32.89964867 32.5784082  31.73552461 47.85851381
 28.99888548 29.50537372 17.87945624 22.87360021 18.50263845 29.0964953
 18.49393479 24.16263049  9.7897988  56.45582045 12.04554724  9.07694334
 26.00958879  6.85064872 17.1381938  11.08581348 16.61354184 54.29002637
 19.27348286 15.13447824 25.50144742 13.72070346 25.38380313 48.33268988
 44.72325038 26.19197861 41.01859583  9.57613084 11.31340637 39.2789747
  6.7086592  52.10869805 13.21027687 37.28026151 18.77815472 45.03545991
 20.60724469 45.49540806]
23
[27.70790623 20.00496772 16.86656855 27.02019745 56.73049459 54.5392332
 12.07133761 55.91286692  8.95399488 23.5336458  33.9874124  36.86169057
 40.21791449 31.78280346 28.13839979  7.00920527 43.86028772 18.71269571
 34.79586333 45.81939164 36.79115564 43.81848945  9.73158517  6.81356697
 52.98824349 28.84902881 28.4967235  38.04460532 41.85246521 36.78433357
 56.40951822 14.7400578  49.45488671  8.01251149 18.28895413 23.65797512
 45.54768463 27.15972815  6.27168324 21.42669434 27.9792343  28.2686528
 19.3453984  19.30336761 15.98347241 37.1259244  21.01137004 14.39287118
 52.7028395  14.812725   26.00551234 20.98484788 51.15971186 40.73209211
 24.32062884 17.90132162  6.32927043 49.56728117 18.86469452 13.55030189
 43.77650714 47.57172888 31.2980592  52.24810848 36.34490877 51.75251171
 21.81807295 23.78882356 34.99596998 51.84320141 19.46739453 43.5455909
 49.44305504 25.88951629]
24
[52.65052831  9.6578571  52.9202343  48.98184702 24.54724074 53.18359474
 20.95408352 24.55109257 27.03551073 22.98870112 30.43909541 59.79207312
 28.95324342 24.85961094 34.7018968  34.77747686 35.13314953 28.35336875
 15.83747907 19.70865857 21.53198397 36.90280952 22.13358062 22.54889403
 25.31689438 25.48618753 46.77114666 22.45693686 17.04677924 44.00007717
 49.0416841  17.35227284 50.55063603 17.08823407 17.37557359 48.96541118
 32.34528717 42.6327445  32.31949951 25.21055818 54.39218428 28.79884325
 25.67578626 17.76025236 17.54061655 58.28598992 21.42673748  9.18432807
 48.15301056 24.00006147 10.69963996 31.76323124 36.05248506 48.127547
 29.79876486 38.9049741  20.87505162 38.85357937 59.94926906 30.19636628
 39.22776217 11.89429143 13.97640165 32.32714206 10.22207791 28.75717048
  6.93415325 17.12128666 14.12031054 35.95792588 23.22977333 17.50246819
 13.71969945 25.55361575]
25
[25.99005721 15.91027359 18.01862685 19.97014785 49.69447406 30.25272477
 41.2972722  46.10050712 18.50639414  9.47834702 59.82492269 31.25313231
 33.69778308 45.94085394 15.82277035  6.20616081 25.25041199 18.2976623
 24.74301224 16.42184605  5.6695138  44.02712022 13.66696852  9.35279685
 37.8870636  18.90079727 32.71828423 19.03021743 30.1232436  22.9458233
 34.73427237 52.8005827  26.18486779 42.02992114 22.3289106  28.40296167
 28.59428978 15.81022277  9.81543895 11.2167931  21.48934378 17.97319293
 18.02594095 30.73751601 21.83583304 44.74658937 11.52435395 26.50309925
 58.01912118 27.56291465 19.54392678 10.33868933 52.47711193 55.147652
 30.82777304 20.72195879 34.87200058 19.96450744 13.68556593 20.63302419
 29.52729478 15.27345929 21.04621557 36.35885597 14.69283375 25.62213013
 19.65609108 40.12426489 58.3448012  23.6240794  46.77302291 47.36122281
 39.50101698  8.41294297]
26
[10.55475211  9.43831275 29.96905592 36.49408945 17.78415913  8.24634159
 17.01743445 33.4422898  35.09093515  7.63472723 49.04210378 23.77628362
 16.03416603 18.54734638 23.3782879   7.24594046 41.86881583 44.99212493
 26.31395038 14.54626483 32.31869147 55.84467362  9.18688769 15.44578861
 57.47895018 21.29611012 24.4125016  24.0396848  54.99681246 25.11582801
 27.65333699 28.17733207 36.57664567 20.0193975  41.14578372 33.64356991
 25.70232328  5.39481081 54.3996478  22.5966643  52.24026193 12.79072317
 12.1663758  30.54392944 24.68353574 17.79044736 11.10515179  6.46329204
 37.47470308 43.31434476 26.28512053 14.06837714 59.69733715 14.0230601
 13.16749374 22.46974983 42.03394204 52.36965612  9.76762018 17.61456327
 21.1257003  41.54584481 24.07381805 34.4084355   8.96552883 22.32541219
 24.017313   23.85170633 16.87610612 52.70433424 14.39865571 26.17361016
  8.07546698 15.85388059]
27
[51.33981253 37.30730537 31.50580842 20.00637288 22.47009447 50.48270359
 12.08195948 50.23965553 40.92385762 11.74054427 56.89328739 33.22193013
 13.79025618 26.33847709 24.84995172 14.45722684 20.94526924 22.35526282
 15.76616937 27.60098173 53.04255792 46.01252479 11.51052225 20.18859449
 23.69452184 13.99127462 51.82067586 28.92634884 16.91135238 24.96460009
 44.26686113 24.52525045 21.38548559 49.52674793 27.32533602 18.02274304
 11.35884977 11.01472407 51.44418613 10.92597252 13.25890989 35.32973884
 23.10758869 15.05183457 49.24989125 48.31363041 33.79898606 15.51165439
 31.7495466  16.01017601 20.91230225 36.30110383 44.95381602  9.73924551
 10.57317262 40.96497765 17.08097952 11.14662967  6.81591021 23.48065492
 17.86813668 11.96847468 52.15000817 50.381456   41.51580134 53.68803672
 39.41274471 37.31898364  8.34219415 11.86015849 23.94150096 24.46529861
 20.76484892 23.12725831]
28
[40.94089125 23.91304633 19.81263811 30.37455312 11.58782179 18.22923894
 34.20250278  9.59502174 42.06463331 15.91898697 42.02556332 14.32303879
 13.27162961 49.64425219 17.21342671  8.63747612 28.52308867 34.44013748
 19.8188105  12.53705438 21.8029903  39.25457327 17.63652716  9.50024019
 29.82364814  6.47900558 21.17901332 47.34929075  6.48348344 30.01096437
 12.93410151 13.82385966  7.83289881 40.32335416 11.65904382 21.36715821
 11.4491886  19.02745111 36.59454461 27.82794391 27.65584333 26.59174598
 19.6750127  42.85514714 18.02441928 45.56497637 17.84144096  8.94281993
 43.00214373 48.47653285 58.79055311 20.37133185 18.87103972  8.12310437
  5.70514638 28.71140009 31.69215096 10.25771134 25.61638414 46.65545373
 37.44582451 33.32250488 29.81703545 12.21133013 38.55803782 49.99612839
 11.22827839 48.98880706 39.3275568  23.08913719 15.37776065  6.04518788
 33.70693638 37.51357873]
29
[27.02316033 28.9052628  29.15663751 51.98909283 51.94187315 37.53547314
 13.77724698 22.32358001 11.68261011  5.84154438 19.97911046 49.65889228
 18.84617551 31.02217507  5.01600816 13.56060881 45.82636703  6.6420496
 19.55433157  6.25158105 52.59712716 45.49084357 11.88154489 16.12617008
 28.57837644 38.36566904 56.61512129 34.12432336 39.47208848 21.40167311
 46.68639184 17.33747485 16.28506607  8.83142594 12.59958469 13.7449075
 31.15587501 48.12323687 10.14932106 17.12544232 28.69853339 22.52317099
 53.54666445 43.71859195 30.56150392 58.58986348 15.11079055 15.90333195
 29.20778483 21.16437602 31.25816052 53.605757   49.57507444 45.94320284
 17.40756735 36.26945017 23.36678316 48.75306877 27.98710573 45.45929059
 20.84243589 20.63040078 40.06752714 23.28333947  9.52566107 25.67692405
 16.32170914  6.16339353 18.6293425   6.96808568 14.29501548 35.54135004
 22.66731755 20.26875622]
