[41.44365662 48.28951455 36.00623174 33.16889333 27.57623928 50.8490939
 47.16326282 19.3269479  23.32846108 19.21567084 40.81586592 16.55761276
 22.10512467 24.89151446 28.61028403 32.67110277 29.33464521 39.0917593
 38.64227427 34.53370251 28.16851058 39.97070201 20.79727077 14.04522868
 18.26886743 37.1186727  20.55876883 24.00204403 18.18045825 14.64923657
 50.50897482 27.02525906 23.12643362 21.80209053 36.6826488  39.17589733
 47.13396452 25.53244905 23.4690719  29.44359893 42.51204584 42.51513729
 21.82719156 25.66397553 38.76780314 44.56277891 18.72038426 17.17815328
 37.96875495 21.28586424 24.40500778 29.00429677 49.53813031 29.84339166
 21.85675556 36.50743499 31.66692838 32.16067481 24.23684297 27.51344843
 28.94568607 45.11411243 26.99889583 54.22724437 39.0389382  38.57732481
 41.27578335 18.88761969 19.09228425 34.5674162  34.08426644 41.64296616
 35.72524292 16.67990311]