0
[35.67250475 24.39102338 39.48007991 39.91123275 17.36927544 26.59219262
 43.74706074 43.4853637  42.72049896 29.06646026 26.63343069 45.38743399
 41.12035455 42.49745038 34.60997925 34.04784783 16.42186765 13.15088944
 43.39066224 29.37571279 49.11434035 23.85681059 20.72736788 24.68723837
 40.34927253  8.56897501 27.50025208 17.53782075  6.21563835 29.64052631
 31.5031013  42.32079582 27.67441027 18.7198513  17.08865272 44.22114269
 31.06350507 37.32995979 48.14304739 40.38738889 15.88704639 44.33233326
  6.10611065 21.94907335 41.67342855 43.7699803  15.87358708 40.88476305
 27.08804447 49.98645879 41.60284584 49.24941319 28.92507529 13.86696313
 20.01418924 41.98110466 22.82864735 47.67758095 13.6306959  19.39258152
  8.23064362 29.58227799 44.68474432 45.16353669 18.54745919 36.96798818
 11.72746284 31.26055527  6.26422402 18.75609994 46.73526926 26.28186036
 46.80317699 16.01581718]
1
[11.51201298 27.68624813 15.78388657 15.39238625 20.873995   30.55131622
 32.53556788 32.03439751 36.08732865 16.06566135 40.02839584 53.60763245
 25.24484548 23.7682685  26.6705092  21.26078912 15.20355822 24.15713345
 18.2863269  14.40167447 34.11728842 36.10135793  7.38479736 27.02400594
 47.29173737 22.01222762 20.21462388 26.65356227 19.79069633 20.04121416
 32.24637356 23.39941095 19.07822159 32.75542658 40.62551007 27.83350942
 31.43352318 27.5812845  25.04122632 31.05326398 22.40569746 18.58927672
 37.97657846 29.95460362 29.17006399 27.87076574 28.15194057 17.06595098
 25.47688863 47.06959964  8.52619683 26.18454496 37.16051122 23.10550245
 28.1842466  29.17012206 20.61973451 34.20232398 28.8559164  23.32245072
 26.00529827 22.05719268 37.65001753 36.72049384 21.027088   29.4779788
 11.94166311 16.13253675 28.69743263 29.08965652 46.76533128 46.92999856
 29.22244398 47.95420061]
2
[14.1382145  31.53504496 38.43964819 16.52291217 14.74324312 48.9204957
 27.65329476 35.60747053 38.77880516  6.57009225 24.8005915  45.65950929
 12.93143545 10.67660143 40.65822706 25.23101179 20.46209853 18.63951722
 26.95667116 12.32148506  7.72948861 33.67856114 24.72234597 20.37961661
  9.87821435 34.84773039 30.17950329 26.69020738 23.87966975 24.14034514
 12.67179778 25.8971844  35.10501037  7.87539834 28.67339113 23.15498253
 12.06120812 17.92987212 35.48179342 20.66264519 31.7802716   6.86044623
 27.08780084 45.05850335 25.77774191 47.50888245 31.83783023 14.00204378
 43.81404622 40.44414061 15.42788566 15.33316852 19.03546792 28.20840734
 34.68852123 23.14984517 32.74172652 27.16546113 16.55025357 41.91997594
 15.93054777 32.06122808 23.53094153 25.43303056 36.13057703 17.89157856
 10.89890336 15.92255604  7.85098272 24.75111688 36.38000923  9.63421601
 30.35216888 21.77143075]
3
[25.3781587  42.75570013 24.15924871 36.72639682 38.06304556 30.14277808
 47.55910099 47.65430003 15.93818987  5.05882423 31.02767946 46.36321399
 17.5143106  25.22750848 15.29142187 12.84551245 40.68730684 30.51053862
 18.69414271 16.61511178 17.28591044 30.0633682  43.57386715 15.45788558
 27.62366549 16.69849014 48.39199407 21.80047922 13.2073571  34.74224129
 46.11499465 43.6607103  27.13243156 22.51345887 30.23465155 34.2712222
 19.02410925 38.23434035 27.15861011 28.72731477 45.98253261 15.47396528
 11.79263935 22.40807457 42.73422308 23.67521434 12.92315778 28.21893545
 27.89083077 20.85553478 33.38120134 36.67782925 22.92368234 26.63014869
  8.18970126 28.02511676 20.70219381 27.48057258 19.95776851 49.75217991
 18.57262546 35.80378319 30.86059283 10.21581657 25.03459441 28.5661726
 31.47028676 11.48167993 24.3524145  13.8688802  39.4225705  25.1830031
 36.3026211  27.88682888]
4
[36.79144571 18.91699223 33.1569968  31.59039338 13.01413805 20.95665955
 16.55528517 14.12194187 31.31046766 11.59282181 27.57421632 29.69582563
 34.96574751 18.92292992 43.78478059 22.45788962 29.51030103 39.58013189
 19.11811335 20.36976091 23.80934047 27.5300797   9.67537979 19.4304
 26.18372953 26.11163849 24.44193885 23.81604953 39.39188707 15.04936998
 12.54804318 11.08344068 27.18233265 35.35906255 22.88157801 27.26417181
 21.88673048 16.63279536 20.1476352  42.80217782 23.55158033 38.71075194
 17.89891868 39.73493788 34.54930923 45.7416185  21.21445301 14.53524262
 44.20582602 26.20227742 43.98133857 50.72441628 21.91709238 45.50478678
 25.80221027 12.15609218 55.79611658 39.97713244 46.42448581 25.2707555
 11.62419427 37.16114421 15.56180642 12.3753128  19.13053033 40.31955858
 13.87291615 29.43123401 30.32646397 23.29084662 41.78609213 39.92692293
 20.470651   38.18204978]
5
[25.62024389 17.22829749 34.2460142  26.71311796 32.36869167 21.03170477
 21.96166404 34.15283558 29.66273382 25.64878387 30.82514668 30.17985285
 46.40500948 18.84164321 12.21117929 34.06637401 14.86368869 19.58196875
 34.01142985  9.72327878 48.01024934 32.58862508 38.99907792 36.76931441
 25.80321141 27.42316375  9.22032154 31.8622418  33.43419103  7.79152665
 10.4147012  23.34281383 33.98471645 11.646974   47.22324849 46.44655049
 21.12721955 18.21909245 20.51511397 31.12892163 38.33208473 36.49674566
 31.38794553 21.98558737 21.15394412  9.9833855  29.3354746  25.02254335
 17.03244765 29.64756506  8.62405022 17.56685881 19.83216727 11.41291323
 19.28813507 32.87391914 21.57610471 31.4347078  11.19025365 40.35505649
 35.52610594 38.57250145 21.83939254 14.78556057 28.42937315 40.97716594
  8.17991502 15.66681686  8.99391502 16.78703997 31.96004212 21.94882076
 15.27526605 34.2840686 ]
6
[ 7.84827717 40.40667998  5.2871996   7.70008818 21.46259298 32.37267375
 34.80170248 43.8343054  44.01639734 30.23081021 30.89209223 19.68209291
 12.41011831 19.71352753 29.9042583   9.22983046 23.42089636 17.72868428
 14.63492522 28.6850509   8.83429485 41.48687891 11.77787189 15.57561574
 12.67346399 19.34240279 23.10115201 31.70101889 22.55515111 33.74280731
  8.41157671 16.47324026 33.33473405  7.24563148 23.25051982 45.11011152
 26.16282104 25.22145626 15.37897635 24.05089287 19.20682297 27.46312536
  9.9398841  19.353907   14.11209484 20.63256289 14.25903025 33.14181028
 26.10809291 19.80580267 13.25973542 24.72234509 34.94184979 24.23061072
 10.67535491 10.00884574 34.32129377 19.74175861 37.1785443  23.47482973
 28.6305557  21.53578226 15.03751672 22.85660927 33.44506439 10.57432822
 16.60726175 25.58564895 35.21159965 18.16284924 44.0463233  28.13706444
 13.16234005 21.0094885 ]
7
[24.3370256  24.52781429 18.37538618 15.46054227 26.64544241 45.39943463
 14.06800867 21.19646156 22.28313829  5.78187051 17.68633091 15.20419287
 32.3184299  11.57888279 14.54828614 14.05600432 15.71356355 17.09833578
 12.26819927  8.26583409 26.65321047 22.59815571 21.37309957 32.65853509
 18.92126113 12.89917393 15.82892308 37.48265273 18.17795528 11.186979
 14.38893095 46.391073   17.05649106 11.46024284 18.78255758 47.21090152
 13.82825701 44.12870933 11.01942091 18.46486546 19.20262627 17.19956258
 15.74843303 14.30710844 15.62512798 31.32365597 11.18716471 16.38063647
 10.7095589  15.28523302 13.97638359 29.05713759 13.74820499 15.85924411
 21.43107455 22.32223512 15.59664511 16.42726615 19.08443899 36.25084765
 35.68502054 18.97594356 11.70298671 13.32723745 25.94644554 19.10955821
 20.15812155  9.49097327 26.7147297  14.78108918 23.74573111 19.1026756
 23.06420185 48.76919182]
8
[22.54830356 24.2391557  22.56825121 22.61311449 48.05486881 29.27842277
 29.10786584 25.81221852 26.32977531  8.76327784 19.43744364 32.71042994
 15.32973255 51.64442461 29.51988496 48.71842941 14.00492554 38.03225894
 20.62494957 29.02857452 22.03047696 31.98522031 28.08808349 11.4211715
 20.4174681  15.8223254  17.04907745 12.87621975 29.27787058 28.87662586
 12.51489268 18.17536518 12.05388363 21.3476538  27.77062366 29.07914246
 25.5973116  38.51580893 29.89909557 30.76487402 42.75302952 18.98475382
 17.01941021 20.36944583 17.10234471 27.62361387 16.75974102 26.70232356
 23.65103696 38.594668   26.50631737 25.38668526 24.95429136 22.71273976
 12.24346573 23.16345542 20.3747841  26.75677188 18.65627609 19.19038514
 27.8340193  20.16496213 36.59833809 18.74546788 12.60834125 15.07913381
 17.02939327 39.82189087 35.56363647 25.62422178 30.29149216 38.51276284
 22.07137913 13.88026004]
9
[26.2759062  29.88086138 36.52965903 24.86562978 18.93761204 40.68385711
 23.30361928 18.29785073 18.83760318  8.13696338 25.25611387 24.40191116
 21.97701741 24.08464615 26.44134911 15.74277608 18.54270818 33.80414162
 23.57977129 43.81318066 15.45387871 19.51893122 17.23603905 22.94152801
 34.06600479 20.59215342 33.51401283 16.54687958 32.68619044 25.03193957
 13.87153768 42.02323829 24.0036381  12.48917893 34.66927185 13.3865809
 39.02289623 36.66018055 35.60197595 17.4988817  14.37098075 55.00329162
 28.12992225 14.60781034 21.18147738 16.30779517 21.35878023 41.67416273
 28.90655742 43.78142796 30.10738333 33.95283735 38.02793744 19.16159436
 19.28978553 36.16265052 17.42391169 35.75259211 22.64332573 12.0253511
 18.72573753 28.52649157 39.0380348  35.30323807 35.97207128 25.61798855
 15.41408296 10.20581041 24.49079066 20.66453866 10.54681523 24.9339604
 15.25722986 12.44977414]
10
[11.76847567 22.81408164 21.13044069 25.90299653 18.97702478 26.17961553
 17.94287224 35.83628058 43.44982392 11.18151864 48.12266128 45.54959443
 28.48164498 16.76328726 35.44502331 21.01757076 32.94827422 18.41304675
 29.28982156 43.00234276 18.8779048  25.60536854 14.3797632  19.15611037
 26.15371295  8.0731593  26.36265145 30.47168644 41.67743755 50.81672688
 41.20858702 36.23336136  9.03027592 11.5058906  14.30595041 25.09890662
 36.26792482 40.13952153 35.98177732 22.02733524 15.76457441 22.07790862
 26.63508322 19.40579811 28.9856527  22.86617077 12.96160035 31.56556265
 18.04896707 14.45529887 22.07806114 22.90400943 13.686684   18.08548111
 23.97430885 11.76561988 20.29200035 31.40340175 19.06788236 41.4620768
 29.89078955 17.4175788  25.25325733 37.67779203 22.75972566 21.92078475
 28.12011126 32.47266158 31.90956869 32.16345993 20.2444586   9.49136438
 12.38498092 31.98603874]
11
[10.72023659 51.40032236 20.77437025 26.37490408 29.09162554 34.60816322
  9.11447068 52.70655233 43.26791387 27.69679704 30.70587548 22.30806838
 21.46684881 19.23185718  9.47027129 11.58730273 12.74102035 15.28320087
 48.96619788 43.0874136  20.55924653 28.20953897 11.35284505 36.75744493
 22.35667794 22.50713332 18.18173919 51.43763965 18.61558848 17.2045485
 35.58451994 19.59264141 19.3397953  56.74094637 24.61705536 43.89267487
 42.94434673 11.3350063  19.35039398 24.06936597 31.45284222 37.75780934
 12.00564232 47.63489097 15.06894956 18.93310713 20.70578852 15.74466076
 32.54986845 11.31381308 11.056464   50.72529804 33.753199   10.38044648
 10.61710155  9.1072379  18.83187875 18.05998014 45.56507978 34.89372844
 53.26178213 11.30187485 37.76248688 54.1291391  10.12585056 22.12760567
 16.99921474 45.26195842 27.29232525 37.40864205 55.61524519 10.90408916
 38.82592094 10.38540265]
12
[24.23992462 19.94232442 18.6227335  24.43481192 28.40128967 31.09498339
 28.18753    19.38288002 39.59938389 21.65218882 39.55920099 40.51529112
 16.77424388 23.44870835 34.85881431 29.03237956 49.04722286 25.87333376
 43.8740136  26.96665916 20.608271   26.69562649 29.72270968 33.09103313
 33.25242569 35.51918701 40.49487654 24.55366327 16.05022999 15.67126218
 36.16304781 35.15972309 13.35287149 45.85047631 39.40075927 24.07806772
  6.06918976 36.15084087 39.26746991 20.12200529 17.6442769  39.97851522
 10.83750617 28.65070167 53.22320986 25.19961907 31.30405215 10.49366776
 41.01174885 16.36127323 31.54612246 21.45468245 33.29759852 37.11635547
 15.85222581 14.40281086 40.42828853 21.0938138  46.39062234 31.1350575
 41.91786108 50.30235548  9.70022097 21.27492161 22.75995319 38.38103288
 42.63083039 44.13314556 24.00471813 23.94093267 33.55597453 40.40394534
 25.61879369 24.33450317]
13
[22.18508394 21.05923316 14.44053089 50.61946277 16.15440988 21.16082894
 13.68655707 11.19213237 11.64051252 27.99421007 18.37170898 15.68512637
  8.8600677  24.68298194 11.70956964 28.1506926  12.69661812 14.69477699
 15.84106369 36.75098733 17.24690891 23.13864303  5.18753878 18.27348642
 20.78821509 40.9321606  38.12764366 11.59365692 17.00651138 29.31873907
 34.77059757 21.01977945 21.30921066 14.05779937 12.64497007 24.16537884
 44.48669113 19.93622461 17.25622297 26.858108   14.03517581 26.02470079
  9.22318638 44.80654142 24.80856094 44.60949605 25.35802203  5.7788732
 11.1558803  29.17414708 16.06803375  9.61140665 24.92382654 44.8664023
 11.40621416 35.7589804  17.08952201 14.40374861 35.79529146 46.96831549
 12.09073249 14.60486952 23.48494757 23.71578088 32.37567734 19.03914204
 24.89777685 23.29910999 40.27335235 14.6846709  38.35615106 33.53174156
 24.37135412 15.88283865]
14
[13.66288374 29.2856711  37.00777143 23.34431356 47.26987274 43.29879242
 19.54434669 26.98323224 18.27082908 16.12054913 13.08514937 31.40581294
 16.53275642 16.95314637 13.79659252 40.60856485 37.04545884 18.02672507
 14.91215871 41.09805242 24.24383734 32.65185357 24.57708312 31.450671
 16.22434698 40.62991222 28.35612398 23.73210508 26.65122952 30.20963126
 39.86971891 42.1068892  13.32192145 38.39678142 37.86285607 17.90960152
 25.22377444 12.25921834 23.09452177 24.02987091 16.57907433 34.17125255
 11.51828527 33.97480067 29.78436936 37.71451001 19.14217217 17.17308482
 35.84727933 50.83405391 21.60030044 47.41283088 30.64517412 26.45057025
 19.53464141 41.62530459 21.46176195 43.36959687 16.28099138 21.40600278
 21.58168979 32.73691985 30.5937351  25.16564807  8.76186498 20.91816934
 14.63056856 23.96061769 22.83974234 25.85815475 21.19633078 31.72785886
 11.83873876 38.19414241]
15
[31.14833566 22.96413244 43.11036025 17.41986092 51.57695627 21.78693845
 25.68016246 37.60997143 39.23084986 17.7868503  43.8026616  33.06175909
 44.92329029 35.48514729 49.84128486 14.82413505 36.86416256 11.92415821
 41.1044895  16.42956844 30.72173264 37.17542528 10.01172094 22.24574674
 36.44921329 38.41224146 21.554249   28.85837883 33.51059361 46.19579088
 18.0936823  31.01446087 30.67496915 23.70973179 38.36226498 23.02389438
 39.76130146 38.54865183 18.68830872 43.44161897 56.54537998 24.48536471
 11.87007776 35.14324998 25.91442481 45.60215739 21.04029172 23.01748142
 20.46737179 12.47037341  7.45897428 27.48400762 13.54253327 25.91644436
 32.80621277 36.11987059 14.4783803  35.64753382 15.39102157 29.14438676
 24.24768576 12.58105979 43.29499203 46.6454601  22.25171395 23.29457252
 32.04790739 16.59301545 20.92920354 39.04630516 55.30118283 33.26919032
  8.00806009 28.14665509]
16
[41.44365662 48.28951455 36.00623174 33.16889333 27.57623928 50.8490939
 47.16326282 19.3269479  23.32846108 19.21567084 40.81586592 16.55761276
 22.10512467 24.89151446 28.61028403 32.67110277 29.33464521 39.0917593
 38.64227427 34.53370251 28.16851058 39.97070201 20.79727077 14.04522868
 18.26886743 37.1186727  20.55876883 24.00204403 18.18045825 14.64923657
 50.50897482 27.02525906 23.12643362 21.80209053 36.6826488  39.17589733
 47.13396452 25.53244905 23.4690719  29.44359893 42.51204584 42.51513729
 21.82719156 25.66397553 38.76780314 44.56277891 18.72038426 17.17815328
 37.96875495 21.28586424 24.40500778 29.00429677 49.53813031 29.84339166
 21.85675556 36.50743499 31.66692838 32.16067481 24.23684297 27.51344843
 28.94568607 45.11411243 26.99889583 54.22724437 39.0389382  38.57732481
 41.27578335 18.88761969 19.09228425 34.5674162  34.08426644 41.64296616
 35.72524292 16.67990311]
17
[54.91106511 27.50520351 30.81826849 21.4228121  29.46363861 51.20047261
 25.69538931 31.91155584 51.93198078 13.18811981 28.05634022 42.36489251
 18.65153854 54.68010396 43.27046897 12.67995635 37.49738257 31.54075118
 20.01182098 27.80226    32.05082268 42.63835629  7.27590012 27.35713586
 38.55400185 14.91772739 33.37221327 21.1818098  36.36898689 36.4700663
 44.74533835 39.21897145 13.47911555 16.97226444 52.86328627 23.63974811
 32.75337326 21.36558415 43.588113   35.12159007 50.87583953 48.43951101
 27.79562798 43.27344768 33.00243282 41.03559101 10.4744234  12.17409731
 24.37965167 33.20119094 44.18089806 39.57338303 40.25677261 46.03234699
 14.15866901 37.94359018 44.89945715 24.19087202 16.34615492 26.05018157
 41.03413599 51.62662373 30.03536292 51.70537339 16.20845225 34.86535745
 51.31671584 44.26606966 31.80228994 27.2695033  36.76165845 21.16972495
 48.54425744 24.51254555]
18
[33.35288617 20.19149946 35.45326043 25.98167642 16.59410151 33.80649508
 28.26780095 33.24183108 30.29317225 30.34778606 37.56682378 27.30512546
 26.67009237 35.62658645 35.29710676 26.11214718 38.94889095 39.58140499
 32.81252887 28.19553822 27.27379176 47.47117461  6.85556172 18.29610934
 41.53900787 24.6807185  37.26107994 32.55765267 30.31577157 28.77959714
 36.03421947 31.28833257 42.98459276 33.92711284 30.76701946 49.0455454
 40.39988287 23.00338479 21.05152342 39.07150324 36.46135225 43.81795724
 19.99632276 28.20302632 19.92149186 47.83748467 20.80431152  8.27408101
 16.79078697 54.21895304 26.91642664 25.11131002 30.1328611  47.03077114
 27.0334374  35.64507155 37.53240461 27.11697598 33.6927364  33.10262133
 25.76117773 33.62661479 52.42962905 31.42592649 38.9731523  27.70877317
 16.3120034  43.13709732 15.71257427 31.75199115 37.04200438 22.05510038
 33.03046351 16.20201513]
19
[32.06728753 38.45547142 45.61744522 46.59139703 34.62618117 35.12034826
 15.38785649 24.09014826 40.65408119 29.23087551 28.38428202 33.82141504
 36.28330275 34.8802098  28.00957563 37.88044768 40.77000988 27.62649673
 43.77397085 38.12362022 39.66070592 34.17099129 27.1560524  26.98933073
 21.01678786 45.60904003 25.10122575 48.12757757 38.1777632  46.51791309
 14.91300499 27.86939733 25.26019546 13.91369542 40.36955467 18.6074569
 46.28271808 45.11444135 32.93845084 33.14230848 35.07534157 33.96576004
 40.06649641 50.9931989  14.76971862 37.92792599 24.61518492 47.17258471
 40.43504247 25.88900269 36.52178574 28.80343455 29.1658011  16.57421245
 18.26105738 37.57525429 26.482811   22.22626407 31.79601692 45.42159281
 28.52484093 38.03575763 13.43142936 30.48022147 23.83455658 47.25885354
 31.88091812 46.48092787 40.12087621 37.90329047 39.81813394 34.16494925
 27.79306146 44.3037498 ]
20
[31.70403538 38.71247988 26.31817112 22.38988835 39.40227478 21.76421304
 23.58545337 41.54956048 40.86039762 27.2776859  37.23000354 38.92672661
 22.56170604 43.47680882 34.89750704 25.52840112 40.11627265 38.42563381
 13.98624676 30.58070585 40.7695406  36.00465563  7.16438467 34.05510308
 33.02727537 19.04272293 29.29186322 33.29109002 38.49612076 24.60184856
 52.24808881 40.76936505 51.29804618 13.37408722 42.7065842  31.41183023
 43.8553109  30.14010507 48.38329838 35.793151   21.68440054 41.17062016
 31.70800867 49.98133717 16.95927156 49.46990189 42.17964664  9.12397886
 29.90660252 40.92469398 43.4235596  15.19325288 41.21001748 43.91564811
 38.23667064 38.60021204 43.94281419 28.50918433 43.96742955 27.86291753
 14.67460969 32.82741423 52.78131416 23.38213115 23.0277399  53.49835565
 43.74971297 15.24876127 19.41999994 41.5835739   8.84713746 37.25870146
 44.30152301 20.44469516]
21
[23.3131404  46.31398441 18.33887622 17.41286408 28.288637   24.53459433
 19.59273604 19.05449614 38.70436479 15.45906171 51.60614055 42.86715166
 33.27576895 32.88792382 15.53880008 36.86350792 15.21970184 17.49999472
 15.35559276 37.00236935 38.1551724  31.98441486 23.79370728 14.00315322
 34.856385   28.8395883  19.7974283  28.20553281 17.57360126 23.40296074
 20.47154977 31.37592689 31.82452534 30.94361208 40.63673721 27.8711437
 17.93376055 36.9989477  28.11081576 23.59645583 13.35051565 26.91113406
 22.4309987  39.56540349 13.69375225 37.19057661 37.53366511 12.03877527
 31.5941736  30.13293297 38.91907557 22.6051754  25.63164605 21.21298335
 40.92198069 26.30834033 28.17047085 12.76645589 20.33311985 27.9643322
 22.62642699 43.09065069 48.50584325 44.40275245 31.59922417 38.75326465
 24.34529414 20.37112079 44.35347245 43.83018945 16.98748274 10.03109336
 18.83602719 22.08674224]
22
[11.79815716 18.73322254 37.18451066 41.65729633 45.21054387 28.08749497
 18.78056717  9.1389107  44.96061042 33.18672093 54.03239254 32.71478605
 50.45518228 31.52317463 35.47660087 20.46749847 54.20294581  7.40548923
 33.14055117 20.60079084 32.79896337 21.79897983 37.87533842 25.32854692
 11.91435818 30.83266473 21.92893028 35.74655628  7.64149252 34.67365626
 34.96865277 13.18019301  9.41314347 25.04249197 20.49214289 13.08608049
 19.76277642 25.43657536 12.36753627 24.70992552  9.86863473 44.22507497
 18.25917093 10.86265615 20.27887614 28.44401657  9.41534961 30.16866835
 21.18113215 21.94988278 25.73113663 48.38752808 22.23504237 14.22631473
 25.48153198 37.70133642 55.91765447 40.90011088 24.93292603 27.75346133
 11.77279743 20.53064584 31.71258351 13.15774238 40.14132209 20.00847559
 13.28580406 14.95165588 23.44670536 33.88427803 24.19833896 19.37673784
  8.35516281 26.04370124]
23
[38.0167866  20.81172812 20.73411103 19.73900722 26.77971659 39.01456018
 42.80966192 49.51129983 49.15636535 21.41590668 20.1557358  40.12007717
 52.21092971 45.00777699 13.08504287  8.1789998  16.64578165 13.68643864
 28.23162682 19.27792578 33.94136391 34.62589956 16.55147741 19.89413414
 16.63259196 15.50633805 16.31983172 41.94305601 11.48070471 47.73716034
 36.89114714 27.48397683 19.37689098 10.4457396  16.10754315 11.24278786
 31.73728937 13.67185876 13.75731972 34.94280401 36.75349458 41.43371653
 30.75638805 42.21664835 38.18081798 36.13464525  9.12523985  7.56813085
 14.73895269 26.23119239 27.31830822 40.37955553 23.77377812 16.25956964
 10.18768009 16.09461641 37.43905906 13.86336938 11.7810126  12.93614721
 26.69044182 18.73343751 24.49530824 20.13430354 15.17790622 34.72461233
 14.23614741 15.79517241 21.3944777  20.8746205  30.01349356  8.50452797
 35.03466607 14.08700134]
24
[34.63474222 27.89962964 24.00181875 21.89212397 40.05506045 33.78323686
 10.71919331 19.94697472 48.85297172 22.00467499 19.8730039  44.21936304
 15.92882493 17.52787115 48.39813213 25.02394792 35.44882855 22.48078336
 42.57512527 28.91747631 34.35944365 53.6471024  36.14253632 28.7300007
 23.53111817 17.73253041  9.95055276 30.79264194 23.00176469 29.60314133
 34.07537564  5.23177728 48.71759915 29.18766148 15.27716929 13.08863956
 27.80844104 48.22420341 29.35977693 11.70150224 42.25470188 34.83402185
 37.25396676 39.78251865 49.83618664 45.74639628 47.89930317 17.93357267
 46.94133492 44.15761259 33.67470833 25.05943767 50.35398811 38.99941957
 13.12262091 10.54128197 22.72544433 42.058014   19.21186754 17.90524691
 23.52500457 26.15073015 45.62988913 42.31779433 42.70310349 29.89288548
 22.67995016 19.37442248 49.15858044 53.70541958 11.86682302 49.45005404
 14.83768138 37.21514258]
25
[14.09610263 26.8886122  20.92217675 15.10577658 31.54903854 37.98043873
 32.94153003 33.12229643 23.49692023 14.49880089 28.36775294 21.20033698
 14.62111614 40.82946957 10.19863672 15.12222164 51.46548821 34.09765438
 24.34694481 21.40220431 35.86220255 27.45419671 36.93486411 33.61118177
 35.09224163 29.46986803 28.03423167 41.53581664 21.76989455 37.69900525
 12.99781219 25.93333246 30.93543689 39.62046396 31.57480694 27.08172292
 21.50812713 35.86235932 19.00958458 28.27849512 28.36889326 25.66261447
 16.10635295 50.49525696 38.7512235  41.70545181 26.41874699 16.90412609
 41.64840438 30.36111526 39.27289268 25.45165063 28.10362369 25.51137826
 15.37372005 22.13637469 41.57253654 34.17720357 32.58891639 32.87234691
 41.7259945  47.8462156  28.75267439 12.37300759 28.31349172 29.19293489
 18.94982774 27.2045801  41.13160336 32.58189754 30.70648274 32.10711729
 40.00923826 24.08573369]
26
[38.51541438 49.10303621 48.33291942 34.51002581 36.26918208 21.59620405
 33.85434921 22.88493095 25.79503837 18.23381098 39.59330222 35.69255341
  7.81915826 18.16962854 46.26115971 44.01707423 46.62803688 21.03778557
 24.58193911 10.22647193  9.21920316 40.07161478 41.27842833 28.56946343
 37.93247594 13.22843121 30.61159372 38.23047323 26.41356925 27.59690855
 27.18242683 39.40817375 14.87157019 14.63394305 35.58316624 37.30199006
 28.69679325 30.39859499 44.22760293 35.00483146 36.30749689 33.55756517
 32.80951683 41.88726329 30.26310894 31.15818258 14.44754883 15.80411561
 20.95927913 17.97989333 24.1129953  23.21171537 17.49544566 35.26855945
 10.35799545 39.02140379 25.78909235 38.59929132 14.48710514 36.10704392
 49.13217158 28.73614585 22.31818788 36.98636008 17.47151956 36.15001642
 16.97735717 44.6195303  14.45495811 21.45987059 19.13506131 10.88518405
 40.41879326 25.79625456]
27
[15.0664812  26.20885416 26.67225941 24.57021589 26.41464458 30.53646917
 18.84964195 35.26014711 36.47889368 38.47739658 39.57216042 30.60150709
 20.21664938 20.52148067 42.60241114 24.50704679 33.04205486 32.21974611
 21.3398171  34.48337142 33.5156727  23.56186327 33.52571899 21.60438085
 26.74351568 22.71401918 38.61338872 37.41469155 19.97501152 20.9890457
 18.30739039 24.93696468 37.15593003 17.99062713 26.28879979 19.37981905
 42.64644571 19.24458605 31.12582218 34.64877651 36.01626832 30.89035773
 19.30898472 26.28280384 25.02937891 33.72230946 30.42878201 18.85034248
 18.22406876 37.6753789  32.63855708 28.75816404 17.32674149 18.58415107
 21.50429891 24.01640166 28.35824552 24.05055997 15.63673853 20.35002199
 26.99175123 21.65248569 10.37657778 21.05013967 22.39075016 15.22917118
  7.90526065 19.7849871  24.88099543 24.34678355 27.61019764 26.41897273
 24.14614238 24.26188566]
28
[27.24819482 33.1723993  19.34934801 17.22890935 13.75671675 27.74319188
 15.71541981 34.40152584 11.14429278 21.52446629 16.22433042 36.39441203
 11.898391   17.92157559 45.48002999 10.25226899 21.41857598 15.36443969
 33.65853512 19.4382289  24.96436839 25.80720205 15.61213531  8.82699131
 28.77694565 28.96559027 24.46407256 26.82426324 23.30260311 19.85290428
 32.5869042  27.97539155 19.76230153 28.07801549 16.47206278 27.06745286
 28.33390753 15.8629393  23.53836218 35.86894093 26.98065799 48.36767791
 18.96259294 48.28405347 26.15596188 50.62849465 14.86240808 27.05114667
 17.64456677 27.83449838 29.13356449 49.38361002 22.73423995 23.3931923
 35.00964329 28.83308704 30.93116829 50.92625208 32.59888702 17.91460769
 45.22002714 16.40143018 26.3907127  12.51270348 20.01048982 30.93972016
 21.53325781 25.96607075 27.72703673 16.29457785 30.67569699 26.25663226
 20.87240186 20.85523476]
29
[45.14004335 42.8570803  29.35355807 40.43634585 32.20544938 26.08653906
 38.20236706 31.89731428 16.02694911 41.77315634 53.01951996 32.53306397
  9.54400718 51.24050866 22.45932559 27.97388942 24.19869499 50.83871164
 36.35589622 17.45320676 34.38594039 18.95473628 22.0738739  25.25367388
 54.21212415 18.18983375 33.72203492 16.81203688 21.43060544 29.76584455
 27.39674092 23.78347456 46.44033688 34.5680448  30.1196562  33.26904178
 29.87175068 33.98663992 30.69676736 29.41647477 40.64145626 42.99050737
 16.6815702  20.7187805  31.70716793 57.93863807 25.3661728  16.84384671
 35.15562649 13.77476427 55.1106609  24.80631559 51.17225335 54.66935841
 16.09186554 50.74221425 23.88542045 17.5336251  38.24666338 23.86166757
 30.55444731 38.78694583 18.86991022 24.30871262 55.78722939 42.94874261
 15.94655395 49.6293645  24.403363   49.06650093 53.99974727 29.98374822
 39.24488617 12.68543726]
