Ave_complete_duration : 
 [62387.8        63207.13333333 64188.63333333 65053.7
 65030.5        65413.93333333 65494.86666667 65727.16666667
 65718.9        65788.5        65684.         65613.9
 65599.5        66004.4        66249.5        66223.2
 66086.56666667 66437.5        66445.2        66418.63333333
 66322.76666667 66611.9        66781.1        66976.23333333
 67114.33333333 67018.36666667 67018.36666667 67018.36666667
 67018.36666667 67018.36666667 67023.4        67274.2
 67274.2        67524.16666667 67632.03333333 67906.86666667
 67785.33333333 67756.13333333 67756.13333333 67747.36666667
 67552.9        67552.9        67669.8        67664.53333333
 67717.53333333 67717.53333333 68097.46666667 68222.7
 68229.53333333 68096.8        68096.8        68096.8
 68096.8        68096.8        68096.8        68237.16666667
 68237.16666667 68337.33333333 68337.33333333 68337.33333333
 68337.33333333 68337.33333333 68352.93333333 68352.93333333
 68463.1        68292.23333333 68292.23333333 68211.13333333
 68211.13333333 68409.46666667 68304.43333333 68327.33333333
 68318.46666667 68381.03333333 68224.03333333 68224.03333333
 68224.03333333 68286.2        68286.2        68286.2
 68286.2        68453.13333333 68540.23333333 68540.23333333
 68724.03333333 68724.03333333 68724.03333333 68724.03333333
 68724.03333333 68724.03333333 68724.03333333 68724.03333333
 68724.03333333 68585.         68555.8        68639.6
 68580.         68534.46666667 68534.46666667 68472.3
 68472.3        68448.36666667 68448.36666667 68513.8
 68513.8        68480.         68480.         68480.
 68480.         68554.06666667 68554.06666667 68599.03333333
 68616.03333333 68585.93333333 68585.93333333 68585.93333333
 68585.93333333 68585.93333333 68585.93333333 68585.93333333
 68585.93333333 68585.93333333 68585.93333333 68585.93333333
 68585.93333333 68585.93333333 68544.66666667 68544.66666667
 68544.66666667 68544.66666667 68544.66666667 68544.66666667
 68544.66666667 68544.66666667 68544.66666667 68544.66666667
 68544.66666667 68544.66666667 68407.76666667 68407.76666667
 68407.76666667 68303.86666667 68365.3        68365.3
 68365.3        68365.3        68365.3        68372.13333333
 68404.73333333 68404.73333333 68404.73333333 68404.73333333
 68404.73333333 68404.73333333 68330.53333333 68400.73333333
 68400.73333333 68400.73333333 68400.73333333 68400.73333333
 68400.73333333 68400.73333333 68478.93333333 68478.93333333
 68481.03333333 68481.03333333 68481.03333333 68481.03333333
 68542.03333333 68542.03333333 68456.03333333 68586.66666667
 68662.83333333 68593.83333333 68574.33333333 68574.33333333
 68509.23333333 68509.23333333 68673.         68673.
 68673.         68673.         68765.46666667 68765.46666667
 68765.46666667 68765.46666667 68826.46666667 68826.46666667
 68610.7        68766.8        68766.8        68766.8
 68640.3        68640.3        68640.3        68687.63333333
 68907.2        68894.76666667 68894.76666667 68924.06666667
 68924.06666667 68765.83333333 68765.83333333 68857.13333333
 68852.1        68852.1        68852.1        68852.1
 68852.1        68902.56666667 68926.96666667 68926.96666667
 68926.96666667 68966.33333333 68966.33333333 68966.33333333
 69022.66666667 68941.2        68941.2        68941.2
 68941.2        68941.2        68941.2        68941.2
 69079.7        69079.7        69074.66666667 69074.66666667
 69074.66666667 69074.66666667 69074.66666667 69074.66666667
 69074.66666667 69128.3        69128.3        69118.13333333
 69035.86666667 69064.8        69064.8        69116.1
 69116.1        69116.1        69284.33333333 69266.66666667
 69266.66666667 69266.66666667 69266.66666667 69266.66666667
 69263.43333333 69263.43333333 69263.43333333 69263.43333333
 69263.43333333 69254.93333333 69254.93333333 69254.93333333
 69206.13333333 69206.13333333 69027.7        69075.2
 69168.43333333 69168.43333333 69168.43333333 69168.43333333
 69239.56666667 69430.2        69430.2        69430.2
 69430.2        69301.76666667 69301.76666667 69301.76666667
 69301.76666667 69297.4        69297.4        69384.26666667
 69350.33333333 69373.63333333 69373.63333333 69390.36666667
 69299.9        69299.9        69299.9        69299.9
 69259.36666667 69277.16666667 69277.16666667 69185.1
 69185.1        69185.1        69185.1        69185.1
 69185.1        69185.1        69237.43333333 69248.46666667
 69248.46666667 69272.96666667 69211.13333333 69211.13333333
 69211.13333333 69181.36666667 69029.03333333 68964.36666667
 68964.36666667 68964.36666667 69121.83333333 69084.86666667
 69084.86666667 69084.86666667 69084.86666667 69084.86666667
 69084.86666667 69112.6        69094.46666667 69065.1
 69010.46666667 69087.23333333 69087.23333333 69199.
 69199.         68930.26666667 68842.46666667 69153.76666667
 69153.76666667 69042.         69188.86666667 69188.86666667
 69217.2        69126.3        69126.3        69311.33333333
 69529.46666667 69459.6        69459.6        69459.6
 69454.46666667 69561.13333333 69744.7        69994.4
 70016.93333333 69926.5        69941.16666667 69941.16666667
 69875.56666667 69875.56666667 69874.83333333 69891.36666667
 69891.36666667 69786.8        69786.8        69704.36666667
 69704.36666667 69704.36666667 69704.36666667 69748.36666667
 69517.6        69517.6        69552.8        69616.63333333
 69710.4        69619.43333333 69619.43333333 69523.23333333
 69523.23333333 69427.46666667 69485.36666667 69445.93333333
 69445.93333333 69460.86666667 69460.86666667 69460.86666667
 69460.86666667 69632.36666667 69649.5        69649.5
 69866.43333333 69866.43333333 69790.83333333 69790.83333333
 69790.83333333 69810.66666667 69810.66666667 69810.66666667
 69810.66666667 69818.         69775.43333333 69775.43333333
 69605.53333333 69573.7        69573.7        69478.53333333
 69478.53333333 69484.         69714.6        69894.9
 69973.9        69973.9        69973.9        69973.9
 69973.9        69909.03333333 69880.13333333 69731.
 69731.         69793.56666667 69793.56666667 69874.16666667
 69996.8        70024.46666667 69934.66666667 69934.66666667
 69922.56666667 69922.56666667 70013.23333333 69816.26666667
 69816.26666667 69821.5        69885.1        69884.53333333
 69884.53333333 69950.3        69952.73333333 70104.66666667
 70287.33333333 70315.53333333 70315.53333333 70315.53333333
 70407.5        70549.6        70483.         70457.76666667
 70433.33333333 70651.53333333 70651.53333333 70636.3
 70636.3        70501.7        70501.7        70441.4
 70543.8        70611.46666667 70497.         70232.16666667
 70232.16666667 70110.8        70129.03333333 70078.66666667
 70181.56666667 70051.73333333 69995.83333333 69995.83333333
 70010.93333333 70004.9        69989.03333333 69989.03333333
 70141.46666667 70228.03333333 70236.         70161.46666667
 70161.46666667 70104.1        70114.3        70114.3
 70112.3        70163.8        70310.8        70310.8
 70219.8        70219.8        70327.03333333 70352.66666667
 70305.1        70305.1        70469.66666667 70469.66666667
 70469.66666667 70446.73333333 70279.06666667 70081.86666667
 70067.8        70154.9        70170.13333333 70249.56666667
 70249.56666667 70137.2        70137.2        70173.43333333
 70239.93333333 70088.26666667 70088.26666667 70181.43333333
 70237.4        70090.63333333 70193.8        70014.96666667
 70088.73333333 70061.06666667 69976.86666667 70130.13333333
 70060.46666667 70060.46666667 70060.46666667 69998.23333333
 70019.33333333 70139.46666667 70069.5        69986.
 70200.9        70200.9        69995.6        69995.6
 70112.9        70213.06666667 70213.06666667 70265.83333333
 70207.23333333 70218.         70257.86666667 70011.36666667
 70061.26666667 70061.26666667 70208.56666667 70187.73333333
 70235.26666667 70235.26666667 70299.2        70369.6
 70561.         70460.96666667 70460.96666667 70502.73333333
 70613.5        70703.73333333 70785.4        70785.4
 70785.4        70815.16666667 70815.16666667 70821.6
 70559.66666667 70512.63333333 70512.63333333 70449.03333333
 70400.8        70400.8        70438.86666667 70547.96666667
 70557.1        70502.46666667 70546.43333333 70585.23333333
 70659.63333333 70515.36666667 70515.36666667 70667.6
 70667.6        70667.6        70623.2        70623.2
 70625.63333333 70625.63333333 70568.7        70906.4
 70713.43333333 70526.9        70029.93333333 70142.06666667
 70101.46666667 70333.86666667 70413.56666667 70487.53333333
 70487.53333333 70608.76666667 70505.26666667 70504.23333333
 70577.6        70324.66666667 70326.4        70356.26666667
 70292.16666667 70286.93333333 70300.1        70225.83333333
 70327.43333333 70302.16666667 70365.46666667 70365.46666667
 70496.4        70416.4        70588.83333333 70561.7
 70555.06666667 70553.9        70546.43333333 70503.2
 70655.2        70588.63333333 70588.63333333 70524.26666667
 70515.53333333 70496.03333333 70582.93333333 70655.36666667
 70796.1        70796.1        70696.66666667 70535.33333333
 70519.56666667 70544.7        70506.8        70554.13333333
 70555.73333333 70536.83333333 70536.83333333 70583.9
 70671.63333333 70847.13333333 70865.46666667 70869.86666667
 70926.76666667 70938.43333333 70938.43333333 71108.06666667
 71116.23333333 71110.36666667 71155.53333333 71058.56666667
 70979.7        71053.86666667 71021.         71021.
 70985.23333333 71051.46666667 71051.46666667 71021.4
 70921.66666667 70905.8        70930.96666667 70925.9
 70972.53333333 71016.1        71049.43333333 71005.9
 71006.43333333 71025.3        71025.3        71052.4
 71131.06666667 71201.2        71199.13333333 71213.76666667
 71213.76666667 71231.26666667 71231.26666667 71116.06666667
 71050.36666667 71050.36666667 70997.56666667 71005.06666667
 70807.4        70832.2        70720.7        70720.7
 70701.73333333 70662.13333333 70647.86666667 70793.36666667
 70616.96666667 70609.53333333 70545.26666667 70550.23333333
 70491.73333333 70514.23333333 70396.06666667 70494.6
 70577.93333333 70611.5        70559.8        70596.4
 70596.4        70754.7        70878.7        70759.23333333
 70812.73333333 70812.73333333 70814.06666667 70844.06666667
 70802.66666667 70705.13333333 70711.5        70734.83333333
 70789.36666667 70838.46666667 70838.46666667 70881.
 70858.06666667 70906.93333333 71001.1        71161.06666667
 71144.76666667 71174.         71173.43333333 71194.66666667
 71187.53333333 71137.03333333 71156.4        71278.96666667
 71298.36666667 71213.73333333 71182.66666667 71241.03333333
 71241.03333333 71241.03333333 71230.73333333 71177.5
 71163.03333333 71199.5        71168.6        71189.53333333
 71217.8        71209.53333333 71165.13333333 71092.56666667
 71197.4        71166.93333333 71244.53333333 71218.13333333
 71211.46666667 71200.66666667 71291.73333333 71263.7
 71344.3        71364.2        71364.2        71377.33333333
 71365.93333333 71360.13333333 71384.4        71425.73333333
 71425.73333333 71479.83333333 71478.93333333 71478.93333333
 71478.93333333 71495.83333333 71495.83333333 71495.83333333
 71495.83333333 71495.83333333]