Ave_complete_Veh_num : 
 [343 349 353 358 358 360 360 361 361 361 362 363 363 364 364 364 364 365
 365 366 366 367 367 368 369 369 369 369 369 369 369 370 370 370 371 372
 372 372 372 372 372 372 372 372 372 372 374 374 374 374 374 374 374 374
 374 374 374 374 374 374 374 374 374 374 375 375 375 375 375 375 375 375
 376 376 376 376 376 376 376 376 376 376 376 376 377 377 377 377 377 377
 377 377 377 377 377 378 378 378 378 378 378 379 379 379 379 379 379 379
 379 379 379 379 379 379 379 379 379 379 379 379 379 379 379 379 379 379
 379 379 379 379 379 379 379 379 379 379 379 379 380 380 380 380 380 380
 380 380 380 381 381 381 381 381 381 381 381 381 381 381 381 381 381 381
 381 381 381 381 381 381 381 381 381 381 382 382 382 382 382 382 382 382
 382 382 382 382 382 382 383 383 382 383 383 383 383 383 383 383 383 383
 383 383 383 383 383 383 384 384 384 384 384 384 384 384 384 384 384 384
 384 384 384 384 384 384 384 384 385 385 385 385 385 385 385 385 385 385
 385 386 385 385 385 386 386 386 386 386 386 386 386 386 387 387 387 387
 387 387 387 387 387 387 387 387 387 387 387 387 388 388 388 388 388 388
 388 388 388 388 388 388 388 389 389 389 389 389 389 389 389 389 389 389
 389 389 389 389 389 389 389 389 389 389 390 390 390 390 390 390 390 390
 390 391 391 391 391 391 391 391 391 391 391 392 392 392 392 392 391 392
 392 392 392 392 392 393 393 393 394 394 394 394 394 394 395 396 396 396
 396 396 396 396 396 396 396 396 396 397 397 397 397 397 397 397 397 397
 397 397 397 398 398 397 398 398 398 398 398 398 398 398 399 399 399 399
 399 399 399 400 400 400 400 400 400 400 400 400 400 400 400 400 401 401
 401 401 401 401 401 401 401 401 401 402 402 402 402 402 402 402 403 403
 403 403 403 404 404 404 404 404 404 405 405 405 405 405 405 406 406 406
 406 406 406 407 407 407 407 407 407 407 407 407 407 407 407 408 408 408
 408 408 408 408 408 408 408 409 409 409 409 409 410 410 410 410 410 410
 411 411 411 411 411 411 411 411 411 411 411 412 412 412 412 412 412 413
 413 413 413 413 413 413 414 413 414 414 414 414 414 415 415 415 415 415
 415 416 416 416 416 416 416 416 416 417 417 417 417 418 418 418 418 418
 418 418 419 419 419 419 419 419 419 419 420 420 420 420 420 421 421 421
 421 421 421 421 421 421 422 422 422 422 422 422 423 423 423 423 423 423
 423 423 423 423 424 426 427 427 428 429 429 430 430 431 431 432 432 433
 433 433 434 434 434 434 434 434 434 435 435 435 435 435 435 435 435 436
 436 436 436 436 436 436 437 437 437 437 437 437 437 437 437 437 437 437
 438 438 438 438 438 438 438 439 439 439 439 439 440 440 440 440 440 440
 440 440 440 440 440 440 440 440 441 441 441 441 441 441 441 441 441 441
 441 442 442 442 442 442 442 442 442 442 442 442 442 442 442 442 442 442
 442 442 442 442 442 442 442 442 442 443 443 443 443 444 444 444 444 444
 444 444 445 445 445 445 445 445 445 445 445 445 445 445 446 446 446 446
 446 446 447 446 447 447 447 447 447 447 447 447 447 447 447 447 447 447
 447 448 448 447 448 448 448 448 448 448 448 449 449 449 449 449 449 449
 449 450 450 450 450 450 450 450 450 450 450 450]