[39.20208819 37.84211596 29.9743385  34.02288249 44.82113684 42.1580892
 36.48221133 38.39776275 36.93297124 36.42025723 39.04702431 42.23978307
 25.16926868 39.76076367 35.61181824 35.7548157  41.97335627 37.57405124
 20.60772735 46.30432013 39.16862837 40.48067483 29.02326768 29.64406047
 36.93451    34.73108289 39.18818096 27.10190591 27.28202469 49.7764435
 36.4306692  38.15671635 31.85500211 41.30007648 42.15909995 40.51174471
 36.2521909  38.05687108 37.9303381  31.93830374 39.08461505 35.42632848
 36.94821137 28.59671338 28.08651497 40.79828164 28.1340356  19.08172906
 41.12510518 27.48992967 39.92738931 37.99332531 40.30808308 30.43865601
 22.93400079 28.3006479  38.12715333 36.79371196 33.74349975 38.06587125
 35.39731841 40.01890352 33.82243828 42.49232522 28.29724626 37.7290913
 31.00477347 36.56956462 34.19923807 34.24632846 36.0148757  41.89672388
 27.23520046 42.90140348]