0
[25.68406563 29.31112273 20.99149368 38.37854304 45.29372105 32.10467709
 27.08546356 45.29372105 19.7681191  24.54486064 45.29372105 38.58902329
 45.29372105 32.86386887 14.74177723 34.84124904 38.58349626 31.38439497
 27.25658321 14.83316106 15.28460082 45.29372105 22.74162237 39.73237156
 44.92482562 23.01079917 32.65424987 35.20093334 34.4697004  34.04305511
 28.48620643 38.77138502 23.3282605  42.65671567 36.55183758 29.61182035
 30.61660115 45.29372105 45.29372105 29.24753517 29.26254084 44.91691688
 25.22909435 44.56583846 18.13239456 45.29372105 22.14021017 15.09121779
 45.29372105 39.12814282 33.65589974 23.38968057 27.47304589 39.46324288
 21.03711692 25.76055445 35.21025162 45.29372105 33.51740641 38.66135632
 34.06006232 30.02751789 24.76694229 40.53642879 45.29372105 45.29372105
 31.3976275  30.80398983 23.52303182 45.29372105 24.86487028 33.6590627
 30.07753085 24.81164022]
1
[33.67565122 23.27161493 25.82123322 28.85713455 32.02209327 33.64775046
 19.50695793 22.30029781 22.89342441 31.18303871 24.63772124 36.46421771
 48.03691396 24.41585704 33.32338387 40.40193766 44.10208674 24.60404616
 23.16115339 36.10741058 32.74039069 41.21763943 12.4297348  24.74394423
 33.84394479 37.56916207 41.63790221 39.68484952 37.31914978 27.07570584
 42.44918339 31.11380972 30.21132552 31.07368949 20.44521    21.9968793
 33.79223785 32.42979514 27.52418898 15.79575377 35.89799079 35.29912973
 22.93105181 33.51553207 29.99114405 36.21817537 16.18235604 14.45995882
 37.83074744 35.8174876  30.82717855 20.1119606  28.17376906 31.11239894
 22.2554314  35.3040673  25.79100302 35.12883064 21.06799069 38.63219571
 39.38132082 38.33325919 26.93077879 36.13898436 32.31032519 26.86912039
 29.96547037 29.40462935 25.04309003 29.34466515 24.15258768 37.80969338
 28.84579406 28.82853182]
2
[32.87143964 31.90780479 26.29798223 29.87443745 27.05890685 31.18522479
 39.12252707 32.759414   38.22075635 27.95355683 46.40237036 44.95684062
 25.67676453 39.41590233 35.37505214 31.94686502 40.40743032 24.31445586
 41.19455533 46.8885223  35.88184099 49.17890154 21.79534079 32.20895617
 41.65035589 37.82257667 33.46941311 44.53767801 23.80830892 40.11800193
 41.36102826 34.25559895 34.69727439 35.96739922 39.84871895 42.37816713
 35.65473837 35.842543   34.71661907 34.2305443  36.36991449 27.07702287
 35.21294675 30.37633242 27.38958179 42.85085128 25.90126716 15.64787488
 45.0911923  28.84070589 34.46188199 42.22204072 42.47709206 46.7100287
 38.35838209 27.47944214 37.39526228 39.45390779 38.74729231 32.62769843
 36.56124673 43.11052117 46.97947745 44.66589097 37.22447506 44.02468508
 49.39369208 42.97655516 43.40400512 29.89305181 42.17651616 45.03779195
 30.9826961  31.11951665]
3
[47.15846356 29.85578632 29.13979441 37.00142936 38.40700722 36.54728667
 47.15846356 21.06209056 34.81085705 21.40662418 42.07881422 58.31855703
 19.72454996 25.48211256 42.91099815 47.15846356 36.90080573 21.97745324
 31.89012911 47.15846356 40.88820837 47.15846356  9.007774   31.75400474
 21.67241792 33.34397962 47.15846356 47.15846356 29.19455649 29.10798077
 38.83422116 36.95246922 24.33920581 27.8352934  47.15846356 24.81270156
 23.33540517 47.15846356 15.67945543 25.67955581 34.65350233 34.01244671
 29.95556481 47.15846356 47.15846356 47.15846356 17.55514686 10.16143502
 47.15846356 23.7707604  34.05252479 21.61632096 47.15846356 24.88605778
 26.24189938 34.21801556 26.17135495 47.15846356 25.51957731 47.15846356
 25.0599984  47.15846356 27.14962433 27.43339015 30.8909149  27.00854378
 25.54551894 47.62611236 24.38636737 25.19049466 47.15846356 27.16169621
 30.97950252 44.00241593]
4
[42.00588347 39.0392581  49.48814623 40.7257428  38.90540322 39.82164304
 27.36969006 40.79072914 26.64318422 20.87292353 39.54110515 41.99764444
 30.98689526 25.95861671 32.94117652 32.50064467 34.45517175 41.23768698
 29.36160884 43.57588039 32.15539602 51.57303918 27.95352555 34.00906614
 24.65309885 36.93942195 27.62790698 34.96708382 40.99977659 16.44743194
 49.18943264 37.41530864 23.08405647 32.92216958 30.92296001 33.16119136
 48.41976427 36.79173263 41.72969697 21.68445923 39.17730813 28.43792283
 32.50798605 37.82707487 46.46394862 52.07140388 31.94089955 16.70759476
 51.60839758 50.15632985 32.32736112 56.84190771 26.456504   36.64179706
 40.05473997 21.77267591 29.67345761 32.82807542 47.13859117 54.46769946
 39.2892267  35.12152376 42.38453374 29.31766923 20.54280153 43.21466739
 34.30436493 48.18578259 21.87701751 33.20216312 35.03946746 33.07322334
 16.43321348 56.73987212]
5
[20.44620629 32.78332021 24.64481428 19.2579455  34.35705942 23.12986998
 16.94598641 29.92769405 29.17935295 20.59618704 34.32864652 24.2167112
 18.7105184  33.11067344 31.5971054  23.64779868 27.97817676 31.44283819
 21.52053704 34.52691287 18.11242477 44.50519141 18.30843547 23.68722584
 46.0310141  34.58208711 41.03737501 16.99399051 35.09825156 25.4098639
 32.82495769 16.88761092 44.41448033 18.11242477 18.11242477 31.49222874
 32.41032467 17.45215039 36.36409933 37.20262845 37.04059124 30.64989961
 43.18706719 18.11242477 54.40009167 35.16780439 12.6056103  18.66133879
 36.30866584 28.14318586 43.70064733 18.11242477 18.11242477 50.28527369
 28.07883903 22.65734523 24.41838893 18.11242477 33.89536105 18.11242477
 37.54320342 47.10576792 45.23141414 38.00526467 18.11242477 18.11242477
 19.73372323 18.11242477 28.98256039 36.99281676 59.19696804 37.51500772
 19.38521228 32.97581043]
6
[39.75443157 42.25072633 31.50717479 38.52976706 40.05103395 33.10448438
 41.00157184 32.77795214 39.94527493 38.91966022 38.65526961 41.53946651
 29.61888708 42.75735565 39.56293707 35.11235083 37.8600497  36.91797086
 35.00936794 35.99646526 49.66444374 45.17482108 18.31622539 35.55310488
 35.74423796 38.14692569 32.992665   37.40274061 41.88546467 26.31853503
 39.40878998 37.70710117 40.82485069 36.54031037 41.40834776 32.98149518
 34.32787836 44.48423092 38.05932309 28.23147566 40.65452686 37.7921199
 36.40207528 43.47890277 35.28804302 45.82524943 19.51794825 21.80002813
 38.74030392 30.72466949 30.73188499 35.28280193 39.79973233 41.57447052
 40.85072954 41.03992705 39.79535893 28.91042642 29.32940259 29.79466158
 47.04289881 37.43237113 29.72540875 34.13323534 50.13294178 41.41542266
 38.5809833  28.62840457 36.31939015 40.00079988 25.31227885 32.43575687
 29.87135175 23.30377262]
7
[47.1663436  47.1663436  47.1663436  47.1663436  17.66898196 47.1663436
 47.1663436  47.1663436  47.1663436  31.72491176 25.51794938 47.1663436
 40.5614162  26.37532723 22.04425727 25.60807164 30.3496383  26.53916056
 20.79881658 47.1663436  22.28193302 47.1663436  22.34607533  7.06358891
 27.79035857 22.82162259 47.1663436  27.6272371  26.97900011 24.73546773
 47.1663436  16.96920092 27.14168809 14.21251505 18.23534657 18.16225343
 17.77977434 13.01179024 21.65037694 47.1663436  32.83958915 43.70670948
 47.1663436  25.48776549 33.42081587 47.1663436  16.36670151  7.57350679
 47.1663436  47.1663436  32.10264321 47.1663436  35.68462659 47.1663436
 16.96835245 47.1663436  47.1663436  47.1663436  47.1663436  47.1663436
 47.1663436  29.65346586 47.1663436  36.9852648  47.1663436  29.17967913
 14.48474342 26.02628231 27.95695039 47.1663436  15.66458843 23.22115305
 47.1663436  22.68800409]
8
[53.65911856 53.65911856 22.78178451 28.79827892 53.65911856 35.7135846
 27.67461692 53.65911856 25.52242904 27.12368836 33.49668391 53.65911856
 30.10926324 18.69392386 45.19349336 15.02414318 55.93498121 33.47842053
 27.11418557 25.21628481 42.58805683 53.65911856 22.60688079 21.28970833
 53.65911856 36.98869885 32.60745603 34.64500436 53.65911856 35.65191733
 46.72903474 30.21586168 42.61806514 39.41412295 14.35160092 10.74621997
 53.65911856 28.72954679 39.08251598 27.39198099 53.65911856 53.65911856
 17.00405815 40.43781369 53.65911856 53.65911856 35.10677132 21.9533301
 53.65911856 37.77360284 53.65911856 40.22671539 53.65911856 53.65911856
 21.12647679 53.65911856 29.78980757 42.16519073 53.65911856 38.68813428
 47.32720379 23.58930198 33.19165006 53.65911856 53.65911856 53.65911856
 39.5402405  36.12992209 32.63741166 41.71521416 40.82686314 53.65911856
 52.63602442 53.65911856]
9
[49.97840277 33.8310219  30.4250704  33.45433895 24.26142965 43.78953442
 55.7806187  39.49886737 27.40405911 10.69883896 30.25294749 57.05269336
 49.36574764 42.35996825 20.16504548 12.48888938 51.61698116 11.26564057
 53.2015951  39.01935964 38.81616772 56.21438101 25.78338115  9.53764558
 34.19032019 29.06460355 47.64185336 52.79977919 49.59430577 29.96693224
 52.35106737 35.44036555 16.71613194 49.52049849 43.4177084  40.19542722
 54.3309892  22.81122535 32.10720646 22.12932492 52.94169314 33.85575126
 23.89362571 25.33825269 34.29095669 55.20226102 12.71156812  7.25950809
 58.52510048 26.9498408  18.95526976 41.81370705 45.15118788 53.70535208
 32.33150553 55.39695497 47.24936043 53.79929447 55.05869387 50.18767063
 36.40433848 15.27796284 54.51429881 37.39478237 51.03032741 46.23480088
 18.01390811 29.36443304 35.53139038 24.40567324 25.29187898 15.76456875
 15.6240555  57.06253333]
10
[28.09848876 30.94471642 30.44962439 28.25083972 32.26148779 24.35636374
 26.69874461 28.40741871 25.59831262 30.86503386 31.34326751 36.02316927
 27.20281449 33.96449702 44.60200127 26.14441146 30.55285314 33.80905036
 27.9859574  24.60149519 29.00499498 30.85767597 17.90619805 20.25137445
 30.56130809 29.23022308 29.0448638  30.52460168 28.94742466 39.75272946
 29.63232324 21.68264447 37.76001751 18.93211122 29.54991438 47.29375784
 25.28608613 32.49844468 33.48399063 31.1662693  30.04033403 20.52241389
 30.46390843 26.72911718 34.56312725 26.22006665 23.20880553 10.87033942
 31.39940129 45.90723017 23.97354145 17.90822523 37.43843344 33.573875
 34.208744   34.50884475 25.08666248 25.9309362  26.941188   22.99320663
 26.22452031 32.24028452 28.08089944 33.84152468 24.34760515 36.61139816
 34.52335731 38.1269089  37.49894072 30.24796125 42.37608153 23.62724389
 30.36417698 25.99800421]
11
[47.86213757 46.66641333 34.03244557 54.20576992 45.30475483 57.08807789
 31.49872361 32.43962959 35.95980767 21.41265256 43.63451403 57.06201531
 40.82895812 32.81749086 46.6803745  45.65067611 55.82883782 55.97099978
 42.54249518 36.85055469 55.94465888 52.60674652 15.2497731  34.60720007
 39.8125338  18.97763122 33.20452393 34.44485617 44.61586974 52.14639544
 36.79737393 45.4334654  38.20134644 20.15838269 42.79901665 46.62869632
 27.80170523 44.47366459 21.82565636 31.81067912 57.41272068 21.58414762
 30.01596524 53.09111312 25.3892052  47.19338992 26.29300311 18.50065239
 48.60873026 36.64527104 37.44952884 35.17049611 34.44476617 54.98881628
 17.40682066 41.27385072 15.0409082  48.88458226 58.81872339 12.01541973
 44.8912799  46.6803745  46.6803745  26.64651912 40.29087012 36.89405162
 25.00604964 23.91172314 20.83094252 30.40043535 43.57298335 47.60970958
 35.72532628 33.89497771]
12
[39.10363257 37.68577009 29.14912779 50.06194256 20.46195143 45.79928493
 18.15506185 50.06194256 49.99237837 18.80981863 47.55240662 50.06194256
 16.65664833 50.06194256 42.02634182 25.08839153 50.06194256 25.52322181
 42.36693311 47.38272019 34.4981442  46.41257027  6.08682463 18.51910565
 50.06194256 28.23584347 50.06194256 38.69859679 42.17478148 45.66366595
 50.06194256 22.41552959 15.29502449 41.42920515 40.16060511 42.77278704
 48.28655953 50.06194256 44.52644755 36.23921064 50.06194256 49.13450786
 17.64322301 40.32350443 21.7024519  50.06194256  7.71796404 13.01912737
 40.03933181 42.97561519 50.06194256 26.44926944 50.06194256 50.06194256
 35.42157015 50.06194256 35.50142    50.06194256 29.59368585 42.03293728
 50.06194256 42.01843368 50.06194256 46.82049863 50.06194256 29.01248182
 43.04537023 50.06194256 42.48648085 20.42106028 50.06194256 27.57227532
 27.45687219 50.06194256]
13
[34.00943324 29.28369401 24.88032597 31.5573599  28.36016778 24.85148938
 20.93955565 46.67388173 42.75140921 19.02637891 29.66941385 34.38187078
 17.38066625 39.47998951 17.51938982 14.23927382 36.94609909 24.53212204
 20.41839337 39.60573138 37.02892982 41.09785908 12.7184525  24.66506916
 27.09263601 26.35157417 41.61727714 31.13589901 18.81807053 37.54204026
 15.46465461 13.15729543 36.90024093 20.43982787 37.19849871 28.02102176
 37.75178197 33.70948686 39.94179619 33.31719458 41.45689621 24.24347554
 25.90767194 37.0191206  28.13168317 37.42861479 20.28747546 14.04169908
 37.81228699 32.70995265 35.33700849 39.0319689  22.47170039 37.0832611
 28.38367108 36.96348317 26.8160892  36.35146299 34.46156556 39.09348418
 40.35362125 39.4888292  37.00826173 26.59710731 21.04447425 35.35451527
 37.8044796  28.94022577 18.15237343 24.84255825 21.57504266 36.86325651
 22.43230742 29.99126461]
14
[51.49836522 59.78674143 59.78674143 31.48552822 39.5054564  33.8675308
 20.63724561 59.78674143 29.01127618 17.94689379 48.89656349 43.93307517
 24.86271764 49.60370532 59.78674143 23.26101257 58.21563319 22.86014661
 21.7113069  43.14801031 16.75464369 59.78674143 21.3257572  39.60685887
 30.04208144 34.84627783 44.07105976 35.24740775 32.89781469 39.68401176
 59.78674143 26.5161628  30.79186667 30.93645684 31.09037768 59.78674143
 59.78674143 46.81704118 33.23189368  7.92448063 52.29712368 36.39929928
 43.52920262 44.49549239 16.68118644 59.78674143 26.11101453 22.51968971
 53.23966526 59.78674143 41.37641314 59.78674143 54.07227981 22.98043431
 24.63140481 32.54323572 26.58466837 59.78674143 31.63721431 30.53363938
 21.54181337 59.78674143 34.88620642 34.26169025 59.78674143 59.78674143
 33.3496227  59.78674143 59.78674143 30.00527949 26.59980159 59.78674143
 48.76562033 40.48527712]
15
[26.65607245 17.23973481 17.0742382  35.7781653  19.87838787 24.77260336
 24.29793239 30.42491251 36.65315429 17.26365968 34.95230461 57.11634907
 20.48579544 31.0809108  29.29026579  5.58373325 25.88832612 34.19154217
 13.81370733 35.72052692 22.26584222 57.23741722 18.54449027 16.42806764
 17.73087729 32.04073379 41.51198301 29.59483073 30.45761654 27.06673424
 21.79650219 48.89584421 30.05863333 29.82512587 25.20742714 16.29381525
 34.37510977 31.96590462 51.24177012 50.54716504 35.72352791 19.89088712
 25.52876384 14.72401218 13.08881338 54.88196762 26.117847   29.52009434
 37.13816556 31.79630591 30.1046838  31.01268097 21.93585427 18.19058894
 29.57781212 28.64365247 18.28552579 32.41818165 28.86854452 21.49731259
 13.06907684 38.52232963 24.93580336 24.88060674 31.4300292  30.84069136
 46.14372524 38.0820127  13.55915516 15.88082766 28.33537884 30.04433405
 28.22762395 18.26500821]
16
[59.98875406 19.303442   35.33270035 59.98875406 30.68696238 58.20619636
 59.98875406 55.07847005 49.26014236 53.29894692 31.88363886 51.50985315
 23.54354467 24.96326688 59.98875406 58.84588261 56.25810368 49.23258878
 24.18293491 59.18440356 56.91128151 59.98875406 44.50115676 34.38728219
 59.98875406 59.98875406 47.51789165 59.98875406 40.23140725 59.98875406
 59.98875406 59.98875406 31.76540278 47.00838456 59.98875406 43.14898947
 59.98875406 54.1925402  31.08081406 51.05065945 59.98875406 59.98875406
 25.50695708 59.98875406 59.98875406 59.98875406 48.75408729 31.66980277
 59.98875406 59.44695592 53.64009824 45.81816775 59.98875406 59.98875406
 26.15807494 59.98875406 59.98875406 59.98875406 49.37821213 59.98875406
 27.77168663 34.98655875 56.1995869  59.98875406 46.92908613 30.68547277
 25.14335676 59.98875406 44.49009921 43.3085812  35.62857295 51.79078295
 52.58738347 59.98875406]
17
[54.41682493 26.90930727 47.668468   55.80953792 49.51123675 43.4453981
 45.6010252  46.97653528 38.70130817 19.71003864 51.75637341 49.1600522
 36.70591977 38.95510231 28.47067    20.12869455 41.79410311 52.79810054
 45.6010252  48.86046368 45.6010252  52.0250529  35.41007511 33.26007858
 45.67900239 23.16813143 35.88824307 45.39239581 23.86069667 45.93457681
 41.88939779 41.78096414 40.17035778 45.6010252  47.02989683 33.0877553
 42.9084444  53.32515713 49.27919565 26.84887961 24.42890608 42.40560112
 44.91621074 47.51450464 37.48434221 47.38536223 34.99575532 24.01807394
 47.59952486 45.48921441 45.6010252  50.46042464 45.02773741 45.57496716
 23.86564965 42.18522904 43.94632911 48.4863989  32.48355779 46.00423653
 41.01994207 48.4829669  43.95494414 35.59792838 30.6673918  41.89524603
 36.77536832 37.73194619 46.5033344  48.20809896 45.6010252  53.36363374
 32.11072624 43.91527516]
18
[27.12460954 42.50606948 37.90383353 25.22075674 27.30674361 25.70611255
 32.28240989 25.96595338 25.69773058 24.12269312 34.53714382 30.26272588
 29.55519564 23.84599885 31.10421939 21.21389204 18.94705852 40.36240967
 25.65924365 25.93398873 27.44991631 38.99710161 18.48241824 27.59024535
 23.16817416 29.24870789 20.8833334  23.75432609 27.79334865 32.19622448
 24.45778609 27.20661363 25.93700421 30.13258877 31.40140473 24.10424778
 29.28730208 28.63682306 30.29285215 24.58648471 30.73942672 19.59944488
 24.3757134  44.91966929 24.71738133 35.29787516 21.45783711 18.11560266
 33.9576331  31.2640193  33.68884117 43.849439   33.2318725  49.37442563
 32.39890952 33.01435495 23.87862839 23.59207104 22.91475537 32.00721155
 27.18411622 28.51662298 29.10969799 33.93535445 25.44170417 35.36358983
 27.49028271 24.80991001 26.89126458 31.41921803 28.61939029 26.50079005
 33.93713846 23.08135962]
19
[27.08121096 40.84221449 23.27982143 34.87179365 27.50297274 41.35533934
 29.56765152 39.68752109 40.99671923 26.03769456 30.53935832 41.91611545
 22.07268104 34.79384381 31.16863107 46.43182675 45.30225897 39.03969076
 44.48720181 25.09475285 41.72548091 31.88022829 19.98842448 17.05660324
 42.80234108 43.31927121 48.3727417  23.46681304 35.95668923 44.51613433
 31.16716548 36.97845641 41.06239546 32.28873137 27.17317354 41.91999486
 36.24817959 24.31608842 38.99100789 37.56874404 43.9025474  21.57652393
 36.99806557 43.26685595 42.53316761 44.37935614 29.16973569 10.98294737
 38.07115739 36.65862773 39.04168004 27.30983531 33.21519673 36.40319921
 25.52259234 25.09480319 19.50312702 35.09044784 42.59687695 26.6288808
 43.67317759 38.34286391 37.69205693 36.26409999 30.6287802  39.14225737
 37.45611543 46.65204622 47.42300777 33.05965962 24.94967557 25.76538744
 31.87677661 28.14034085]
20
[39.20208819 37.84211596 29.9743385  34.02288249 44.82113684 42.1580892
 36.48221133 38.39776275 36.93297124 36.42025723 39.04702431 42.23978307
 25.16926868 39.76076367 35.61181824 35.7548157  41.97335627 37.57405124
 20.60772735 46.30432013 39.16862837 40.48067483 29.02326768 29.64406047
 36.93451    34.73108289 39.18818096 27.10190591 27.28202469 49.7764435
 36.4306692  38.15671635 31.85500211 41.30007648 42.15909995 40.51174471
 36.2521909  38.05687108 37.9303381  31.93830374 39.08461505 35.42632848
 36.94821137 28.59671338 28.08651497 40.79828164 28.1340356  19.08172906
 41.12510518 27.48992967 39.92738931 37.99332531 40.30808308 30.43865601
 22.93400079 28.3006479  38.12715333 36.79371196 33.74349975 38.06587125
 35.39731841 40.01890352 33.82243828 42.49232522 28.29724626 37.7290913
 31.00477347 36.56956462 34.19923807 34.24632846 36.0148757  41.89672388
 27.23520046 42.90140348]
21
[40.94116671 52.47019013 29.307977   41.17820178 47.56721399 27.32647293
 43.82720633 43.12585346 42.6136548  26.5678157  27.01224122 40.26620558
 18.21116536 48.72207849 51.66075564 17.92786833 46.95773897 20.68202713
 26.31565435 19.08595226 52.00089842 54.18852765 14.00923751 17.97891073
 33.08582292 38.19840223 46.19344543 43.89331399 24.06498254 26.13269212
 54.42673425 31.60106457 24.03152086 44.21359239 28.88916594 35.99729059
 43.43834051 39.24144998 32.38006863 30.69897958 39.69956034 43.98326182
 51.87443199 16.69950507 40.36704122 53.8518795  40.31911132 35.1142902
 52.04673551 34.85598407 41.17733768 54.67540888 46.03541062 52.07606194
 22.45372253 39.09629063 39.04162908 42.36201984 26.09057342 41.19248032
 31.90220251 50.74985504 28.44571142 48.08539791 55.11342863 50.93578651
 40.92126472 45.74779752 30.23288792 17.47007011 41.30010181 39.35577898
 51.10413281 28.45964965]
22
[30.57030692 50.08411218 24.89158706 37.19852629 29.25136839 47.14980194
 38.87946143 22.24836518 36.92119951 26.33449639 24.99198248 54.98226529
 46.38230798 54.98226529 42.20091523 26.2757831  41.0208004  31.98213932
 25.22930218 54.98226529 27.45630813 53.15655457 26.88099083 20.27981367
 54.98226529 23.80334789 37.67126776 48.86986376 38.81611181 32.56661848
 28.29004235 36.16549482 36.18212856 33.37890009 33.68457605 54.98226529
 54.98226529 23.27889315 45.17858368 35.71003833 33.72189649 39.31791253
 17.96591144 43.77504604 53.19735765 52.05015917 36.75282355 20.80997166
 49.1169463  54.98226529 18.62534852 32.21156699 45.2124768  40.95289379
 30.92379819 44.85329508 14.11745852 54.98226529 36.194681   46.96424902
 36.5421381  50.22487882 39.94378484 36.25839266 34.97759447 46.12431401
 21.42893564 38.66555418 30.59393334 45.36532693 46.81515825 14.96399674
 54.98226529 20.17437986]
23
[18.23350131 25.41732023 30.36649511 30.8994048  11.90703213 29.34398842
 19.14775176 34.23160788 38.32955663 38.24463604 38.18873152 22.51383374
 30.03032229 40.12992666 11.95151804 38.39197127 39.84878196 14.94664256
 14.7307286  39.76320235 36.60206298 24.68749511 11.16498022 19.18271528
 38.04666399 41.75032902 38.5129541  18.47245763 13.59567396 37.08383707
 39.19918971 26.05936022 36.16817322 37.91223726 38.67895763 39.85934379
 15.48930257 39.7615644  37.98157246 30.93265955 38.62015326 37.49036636
 37.88754048 39.05975144 37.04670873 39.11081347 15.97879702  8.84857338
 41.64455431 21.49170445  9.97332982 34.01709179 35.98780689 36.47522966
 21.75173055 28.72526261 41.44102155 29.2620508  20.17925232 16.77193169
 41.20242717 36.36970245 19.06130232 37.81092939 24.37707404 39.92363998
 39.40958258 15.80006163 31.55702692 35.38618086 26.53487492 31.44248337
 25.73548788 39.58798373]
24
[48.32751461 46.64862508 32.11161568 37.00348498 35.05595178 48.56013741
 38.50681298 29.48804685 28.34409177 21.48239464 40.91683661 38.09929526
 47.71197735 46.678964   35.49085247 36.5030197  38.81063072 54.15821469
 23.73223207 47.18633803 28.97976574 54.15821469 18.79792141 26.61212724
 44.74867152 38.30705636 37.69153169 48.17432746 25.455479   52.9202205
 32.6910482  33.08299119 39.34253775 18.79551164 35.29925952 44.01981006
 19.93486359 36.6222777  30.86483656 33.4590389  27.20192365 36.10943904
 36.45891115 36.69163929 32.70428988 45.98169205 37.68537804 25.23817101
 43.35670693 27.94551074 41.18773875 39.38230188 32.16758557 54.15821469
 20.63405617 26.85389697 36.59680597 39.0879056  41.33050929 32.49553907
 49.30148096 41.08830197 40.9368888  31.12018241 52.08744734 46.74038706
 28.66496387 50.33058536 44.55606914 44.59314399 44.43056314 40.59057343
 42.12399854 35.98113785]
25
[35.91855997 32.23966638 34.14697546 24.9601337  34.25245761 29.63384195
 35.09804243 24.95951112 30.86306138 24.05816364 32.06865859 34.82429947
 25.16906801 22.65759428 37.52316751 37.4125657  27.08020565 33.68614251
 36.47094823 26.8513673  30.24479056 31.1141305  11.63389892 22.05796686
 39.8459921  30.15929228 35.42654635 37.73031255 17.78087242 28.29897727
 36.65954704 28.46690795 25.94721893 31.36688099 27.84629323 27.54938185
 35.93929659 24.63089321 24.09858487 20.25772478 19.43779442 36.12594779
 33.36207543 16.69541181 44.63029948 36.62186711  9.93302473 24.92794891
 40.11877673 36.12605593 26.23409576 26.80240525 22.83175586 31.43848488
 19.94852078 33.95879601 29.55271737 27.06908051 37.43570458 29.54363854
 30.3914185  44.11449009 37.34394278 33.73339898 33.25460655 30.97629728
 22.57856169 24.39440147 29.98341166 33.76369562 30.63946799 32.07471835
 32.21032873 34.43907324]
26
[33.71017157 34.39336613 35.11483966 24.44456719 40.12174202 29.09245618
 25.03082829 31.30482341 22.88757517 34.94981214 23.91676264 29.00505859
 16.60765299 24.73172892 14.10035567 22.447458   29.10759887 21.73360069
 33.35358306 26.83780493 30.96139159 30.06320782 19.24013615 16.19444466
 23.56130326 18.80224949 27.45204505 26.95840932 35.67392537 26.63638996
 28.65155165 24.0283705  11.57234387 42.33597725 41.14648355 25.65878315
 37.69825479 21.45121796 31.23392874 36.47500007 28.64275536 21.6897551
 34.96294099 43.87387172 35.59632002 33.34939492 18.87281966 18.38576635
 26.62458146 26.33335285 32.02209075 22.87318957 37.49553434 31.95775446
 23.30825785 38.35151239 22.99963629 24.14848781 33.46825413 28.1004151
 29.97658665 35.51912808 12.7625317  27.6686574  33.3870791  39.94612367
 32.66303542 32.02902291 29.55044707 33.87377109 21.83322882 28.46895699
 34.36984577 31.93711146]
27
[35.36581577 51.89905898 46.63850868 42.2420711  43.57073835 34.98903252
 40.80602821 26.45698648 33.4408806  36.49849087 39.74778207 54.53761104
 52.17836973 38.33183591 27.07225577 24.77707426 40.23877938 35.3912123
 27.29070085 40.29176066 41.0960321  47.62662098 28.77314023 37.25235673
 35.26841928 36.25862215 45.82626651 38.12630227 27.07225577 50.1654086
 45.33971049 19.54847601 38.59002968 40.11474466 27.11053347 37.65300136
 46.97215712 52.01752373 31.25705599 34.93652059 42.72991227 38.74561965
 43.93244179 39.46827354 48.5727199  48.91720517 25.55499261 12.84158671
 40.58570701 42.7250007  42.98678095 16.84850345 41.77062592 27.07225577
 10.79803984 25.38883183 33.39723261 58.16341194 27.07225577 47.91697348
 35.46865626 42.36693761 33.77155047 44.22726376 23.13305795 38.29289204
 47.89005662 27.07225577 49.43917361 31.62976195 35.84838709 39.03744876
 27.07225577 44.05049521]
28
[56.30244229 26.62287315 17.08468915 47.62331442 19.9880697  29.82502611
 26.06993467 28.25838379 53.07182345 26.54883581 41.78497282 32.74062189
 13.93774056 39.24415803 15.52062554 36.71133711 57.40447168 36.23310641
 27.88243827 48.46321362 46.81969838 56.74759973 18.10607076 13.62669397
 49.62477712 46.05707868 26.68252385 54.45847063 18.88296447 38.48921931
 28.11427306 21.09931125 25.34912388 48.42477686 54.22073229 25.20893149
 25.46425084 25.59129039 31.67050076 49.67571297 45.71940178 34.27159681
 37.44901452 34.12127174 41.62085091 54.40215382 29.66788785 17.49464937
 51.77974037 36.31103296 33.77566107 56.30244229 55.8455703  30.05912177
 21.88628947 33.74940914 33.88150569 20.30532167 35.86879124 19.94421715
 41.92832844 32.23161092 11.24487828 30.34552262 21.11320279 26.2046189
 34.47211526 48.15784412 56.37212567 30.05527699 49.01636997 35.85636071
 37.32927755 26.253842  ]
29
[32.93681012 43.35528699 31.20012255 35.08977954 32.02235227 36.34826402
 31.3506201  32.76020709 29.56762868 27.81902528 29.40285445 23.73769118
 17.6317249  22.44553056 23.18221966 14.61141414 31.22152555 36.37622806
 36.89486446 33.12881426 22.17916431 23.73769118 21.1728735  26.38668623
 38.25804325 23.03453509 26.04032226 34.90580049 27.58786993 37.12277113
 29.15361376 31.22984723 28.04898986 29.86206516 26.5066649  25.85735263
 23.73769118 27.64531901 20.92500187 30.45604617 38.22065063 19.74956067
 27.99834115 28.55708885 40.80232114 34.38533329 19.13238342  5.13582638
 39.47929253 34.52861403 22.78867785 36.80739441 24.18311873 29.43159858
 20.81606109 25.30846298 39.21621098 31.26132727 35.35316014 22.98032253
 37.03176441 36.47037728 26.51654897 34.21493051 26.14955042 22.02963499
 43.98868865 34.24888489 31.53251636 35.34384755 24.45392984 27.06685706
 28.83273083 32.8007034 ]
