[26.55550713  9.59009176 28.59886681 20.80104449 12.91495238 15.56344468
 21.9304661  26.29400132 17.73046487  6.96606147 32.96158406 46.76344463
 13.37697368 39.41013066 12.76524718 16.74922268 32.60328762 39.01744536
 27.25369908 29.07901159 37.93555862 32.39951879 13.0226653  27.89608352
 39.05263507 11.13461905 23.07000925 32.89200855 46.35943326 38.19777656
 22.15250322 33.83075339 19.41081616  6.48690889 39.42978304 19.3481829
 20.21277532 21.6933348   9.21187805 24.53704822 54.08009965 45.82298275
 16.12885916 21.98441507 24.91695467 22.73410272 22.35416012 19.89911268
 44.39435734 27.07279367 20.95941315 36.56097399 16.56770352 33.8557347
 19.5481113  18.56788534 19.31382227 29.66544797 24.63811794 15.37535374
  8.66772232 14.6889956  44.99179517 38.5322173  29.98678587 33.03318774
 23.75182244 33.59311424 11.8620418  28.61576972 16.6432268  14.94801896
 17.01494974 28.56417875]