[23.36548632 36.01414563 49.36107717 19.34646447 43.32079372 32.40107923
 12.73645871 20.37204308 14.88465794 27.65324532 55.56071031 15.55733166
 30.80288802 21.15099452 25.47643529 25.95248543 22.9985383  54.09670335
 57.13634172 44.80758579 21.56287546 19.4784799  29.64210382 12.54349333
 35.15592377  5.42511479 22.91486289 55.2989172  22.34608252 37.21661905
 13.78148116 23.07681694 46.7772981  21.66346484 43.29728204 23.69077968
 36.4839688   7.31681597 13.79458174 28.44876473 35.45828863  8.07548848
 25.52008173 41.57020469  5.08741214 11.94808271 25.97333881 17.61406104
 42.0488265  33.28718912 54.44724426 16.38021725 55.36881923 43.59465844
 37.83321719 16.40679277 22.72960232 27.68166183 46.35609847 23.41204561
 54.2313543  34.17222543 48.43463784 41.56305533 33.40377637 45.97406345
 22.86669518 29.44122661 11.89364808 53.76304677 31.6756362  27.50779039
 34.87708559 23.04888997 39.73703342 16.84520148 35.90388077 31.78386358
 18.95483039  5.96787206 34.55704617 47.72231584  8.60704478 54.80921906
 24.06172516 22.75369082 40.76741216 17.25495586 46.09716055 15.85529094
 27.7521191  31.03631984 13.38308896 18.5611215  25.26272587 45.42970791
 34.58889368 30.72671528 28.25917073 31.25771623 37.95865766 12.83403479
 41.26728417 28.87932002 22.26461164 16.64874511 37.31697893 10.76397863
 18.32176594 21.61326569 58.35096117 19.68525548 18.14884954  8.70441517
 22.17736256 26.43968919 54.73115668  5.21541521 10.16194664 14.14340227
 31.77778481  7.15494619 14.78344814 35.57142069 55.51418591 39.67703243
 20.01029414 44.07027968 28.25401318 20.09860602 25.57876666 25.19724713
 28.95614919 36.32738134 33.5137719  14.0578119  36.47110456 37.25782041
 21.03948411 34.44721749 13.91414726 29.76010976 15.85978434 55.98919154
 23.24282036  9.3200417  24.23650762 25.89965771 39.01309034 11.66245151
 31.80482839 40.5191944  33.07730008 37.50569022 23.93292674 39.63337804
 56.36892245 27.03891376 35.43592473 15.0096629  12.15475836 17.81679969
 42.3956976  16.60385996 59.45930189 14.88342828 26.33770152 36.11035995
 10.89613509 19.70769296 30.62090777  9.10259366 26.73326894 16.52854778
 17.15074322 12.77404655 13.31107349 13.51082176 10.74687873 16.33589341
 20.01611656 38.02936477 31.75615072 42.28848207 20.21349455 45.14556248
 16.69230853 40.6082667  30.79953229 33.81863137 44.34198417 18.14877611
 25.27039261 46.43042322 22.33798565 39.83039163 32.66204216 47.1416225
 40.04458621 34.45444879 17.02633819 17.87292165 35.93686554 26.22756932
 19.99444081 33.65792195 48.17667045 14.44112427 31.93263218 26.01923296
 25.05322703 43.66809177 21.0385642  34.91777785 18.22246721 30.04614079
 23.67037964 46.01719823  9.95041372 34.39872195 34.91065739 33.85241105
 22.0468994  52.17182744 39.09080165 24.969334   51.02197145  7.90731663
 48.02960918 53.10508637 57.03567785 37.84346826  6.91403429  7.42134777
 31.1535772  31.71976048 22.49587627 21.08556972 36.09812609 11.66367117
 13.81962232 26.8977039  52.22113472 12.05450583 28.05984269 34.62254227
  8.41823534 13.30952872 48.20128376 34.46341933 47.87900914 18.77864608
 45.42903085  7.81538903 33.6308859  12.6244398  12.96493326 48.94526429
 51.79703614 14.49904992 33.82618858 51.11177419 14.90790481 55.77633801
 52.9813908  10.89218746 25.82945226 35.05147748  5.13789721 17.45957342
 33.06012075 27.85167734 44.29564259 16.64525351 32.9279854  20.62802402
 41.06702701 20.27754122 14.8678746  42.8100343  13.57503454 26.78453338
 29.81241264 56.16377373 27.84050278 26.35880374 50.98279702 29.71273757
 33.6426337  37.03723511 33.41956602 39.13112075 20.21035548 19.36901156
 23.90673841  8.4982096  38.55622337 42.8835646   5.28215703 37.80684104
 38.93803782 40.70866431 15.46726003 30.68764985 20.54029909 35.66147076
 26.16288379 40.94182272 36.89468364 20.06629661 17.03535714  6.9746086
 14.1657867  30.95775062 54.72854572 58.61060238 19.64501465 59.38442144
 31.28199851 44.1608767  13.75595833 31.86771397 38.82762194 30.73173616
 26.91465378 42.88218541 39.31222042 57.11356941 31.33210754 20.5901683
 11.45190388 19.92914344 54.45692552 22.05380571 53.5500255  15.87153014
 21.20953912 28.47969168 32.83214154 41.71921163 15.82971913 45.44529743
 31.56872136  8.88821197 39.7309028  40.06885385 49.41617794 26.51716098
 14.04186578 58.2612092  42.93273286 29.4778641  33.0403402  32.55386557
 14.55068928 53.50845977 26.47246188 40.0993723  25.18936997  9.27223984
 44.72373358 13.58547793 28.53962749 13.69460348 14.74525037 32.30008049
 58.34233482  7.51940893 37.77322571 29.17237036 24.32422672  9.35797053
 48.78905164 17.82746121 14.93428502 21.4664143  23.37103457 14.56649843
 29.71058723 34.11728865 33.23190699 45.5503245  50.63330534 41.36924275
 41.82630723 12.6353811   8.57424996 32.05427378 24.82598874 15.62157855
 14.89168717 13.91925339 31.06592567 31.66294851 31.76855252 37.26377138
 16.2547873  36.59810902 30.43097129 28.35616704 16.55187151 42.35873165
 59.69543112 27.21926242 43.99238247 39.17867216 33.42958199 25.96031244
 45.00689902 54.00471983 26.00528518 18.10378425 45.95483911 18.76985364
 31.11003741  5.23395157  5.15269709 13.19411714 18.97905315 16.94991633
 15.51502906 23.63479821  5.24394771 13.27583724 19.23924009 27.18646106
 57.26609745 46.5395376  12.88683826 21.56327504 49.77815627 18.69023764
 13.92959468  7.17780373 38.68908978 15.07055983  6.55789407 49.80596954
 35.56484231 38.33601204 25.48922958 24.8291475  25.57669598 10.75273265
 39.30800728 15.2087825  11.48732962 59.27853849 46.62862136 34.51819731
  6.04892182 25.85248814 52.27633981 29.43743615 44.48428951 27.71650232
 17.3801034  21.14039508 25.63628153 57.735618   21.24398438 11.73661835
 18.98857424 30.0719658  50.58901755 25.16229747 33.02254151 17.62444967
 28.61987806 35.97371255 28.72399914 17.56714802 23.87712581 32.14254525
 28.14725227 41.78773426 20.57149181 12.14493916 28.38549699 23.12888756
 14.21766174 40.60839166 39.85597922  7.34109806 40.0542501  14.89179356
 24.95026011 45.05097814 31.20186026 33.18545939 18.75053268 40.48469517
 38.19588339 51.9741418  31.48231254 46.57094476 14.81965065 43.30346234
 33.52385267 51.95135746 33.06427382 11.1074191  47.09529533 48.41258486
 42.06730231 20.62238867 11.95355152 40.89371548  8.14566183 27.96673992
 21.33593933 19.38551083  9.69529498 51.15808239 51.82955339 55.97909505
 31.83424717 41.25707965 10.39195056 11.13567605 18.24179944 28.23102023
 29.42833284 44.63924633 40.01718791 34.41607471 50.60819935 33.21728607
 26.94890249 14.23077978 20.86256056  6.4227124  22.1054791  25.78405511
 29.16213458 42.62523425 23.59231749  5.21912089 19.47035096 26.10306346
 21.20264161 43.66155577 36.62831271 29.19726074 25.90556484 11.70327456
 11.48215239 21.6435054  24.53133197 21.39812515 59.96390557 31.26033936
 55.58210936 36.07736757 27.38784852 32.86010611 59.74466054 40.91128402
 19.31431592 41.82555343 20.80244394 22.74143616 29.81223453 42.08268271
 23.85663293 27.13379801 18.71883996 19.45510523 11.27141587  6.33811071
 18.06726415 50.71257636 13.78110707 35.54768456  6.2070865  39.22226848
  8.24624538  6.18164795  8.27060382 33.67998251 54.34364384 15.68577478
 37.74024926 17.76704696 35.45601713 53.17821627 25.58648254 27.50907307
 35.01085851 21.08606833 11.14446381 19.39411249 44.5856037  11.83037659
 25.88610324 31.99942771 25.54101759 20.24775269 27.96463645 38.82825688
 31.02053472 14.01928941 19.72983893  7.93361324  8.31497717 46.92778417
 44.81249535 13.07982859 22.98466021 29.87291738 22.00217876 48.38518218
 15.13070152 18.70973766 19.86353451 27.45287793 16.28467273 30.99610148
 28.64676788 30.94003707  6.46182858  7.46354167 22.92227281 50.01523513
 32.21176482 39.06891834 48.06058824 23.5899269  12.99367623 32.06261049
  9.33043306 17.48229349 26.73862157 48.90621426 20.88263752 40.9033989
 48.40541297 29.97877183 21.016012   37.23165556 19.73167842 51.08112153
 30.62183368 37.20588883 43.00952931 33.45446918 25.44223788 15.27419717
 16.06250269 18.46917468 14.96009229 30.73241851 38.9353491  10.02555212
 26.77625898 41.62433509 28.69385456 27.01325913 32.56394461 10.93763536
 50.71644356 27.20105329 13.03386277  8.66680066 27.40211847 20.56876079
 40.88813535 56.04479143 43.41683996 32.74444353 16.89532489 37.3815009
 20.18519216 43.50904524 17.95795901 29.91403595 30.02250814 12.55012354
 11.97171411 52.51403535 51.12817381 21.47056433 43.44015067 22.74115442
 43.72407473  6.92132169 35.92838064 50.44743804 35.99893016 47.39607094
 31.64763276 34.86076045 10.67931951 28.90863213 40.11188808  7.38955991
 18.5117579  13.20979191 36.88684604 31.80699747 46.32797179 21.60608815
 31.35943878 18.26993369 56.40050639 26.82503607 33.62493284 41.35545418
 33.88199178  5.86259157 16.21350369 30.5407645  30.20792636 40.4898815
  5.78553902 13.7776829  48.80010481 37.76878347 31.19411613  8.70702375
 55.35321867 10.27798252 42.65350363 14.39524703 51.11464734 40.80054006
 23.75118861 35.21816247 36.57592846 14.34102637 32.64453678 42.9636386
 45.44407364  6.98187662 15.0287736  14.18153669 27.8555833  15.94430931
 22.23728881 17.81913316 23.63876685 35.73704438  9.02412869 52.7435691
 37.65676871 46.51184667 21.81963079 26.80072254 37.13940329 10.79781097
  8.28889007 12.07897283 24.56779336 38.62721353 41.3422622  22.1634818
 16.62193638 50.1595185  56.41421533 17.01803095 36.45377351 34.5025934
 46.32577415 22.43292584 14.92716802 58.02608033 35.64679275 27.2539871
 32.93174796 34.61618109 47.70047802 35.95466791 23.03079038 16.30816184
 37.61686476  5.32777244 23.68096203 24.51570687 46.85314232 46.58174531
 16.46666693 12.04652472 33.03424308 28.74161176  5.54929426 22.19164051
 30.42175661  5.24673371 22.97085547 10.7611317  33.25562591 34.94999805
 22.81904849 29.85991456 47.15344474 40.44338745 28.27114101 14.0613232
 21.9379869  32.29411703 43.19971454 25.18348842 12.2492705  43.6864474
 44.43271936 25.14838132 29.46243457 33.1203615  25.74505302 11.37713514
 14.78609183 17.91711551 55.23780853 17.67015492 23.27949776  9.86532811
 43.92788103 20.30723498 36.7819547  37.58061458 55.96791999 27.71166455
 51.65329543 36.34171705 31.85764905 53.11812446 25.1214508  40.32287451
  8.62589387 26.8038603  14.35768277 40.00407924 37.9220507  37.1209059
 19.211915   42.49025878 43.64644092 34.22476462 25.24075497 38.18533212
 17.55738253 55.11836287 31.15367341 36.19074366 32.37903442 23.72516878
 30.93192201 37.47881698 37.40110294 30.19122562 21.77230311 25.1497643
 51.77045143 19.89015031 23.12942316 21.86113163 39.40443529 22.14323444
 40.6546175  14.79036058 33.92571582 14.49448252 12.76197265  7.36484844
 12.26995863 14.93609866 18.43994141 54.99500955 14.39353696  6.65388119
 30.35402092 54.15090707 28.61963326 17.77976115 27.40371565 46.28132997
 52.74982866 31.00292924 39.68638603  7.3723695  58.4885949  19.59682893
 28.07104639 50.43188647 44.96290734 10.47785289 57.48831742 20.33415588
 49.04686334 24.92177382 47.08295839 15.56487284 10.07312964 56.81957835
 46.49152467 39.28092081 44.55000444 41.75854495 22.74830106 24.84898715
 34.4160961  18.67828311 23.35920275 17.4667741  18.48727387 27.99302656
 16.85694964 18.6522339  36.98052433 20.05401367  5.37826516 54.56615865
 20.33594213 18.37418422 48.29098231 55.93859836 16.67598225 51.16578352
 27.78994553 12.68209578 47.32421056 25.57966271 43.77467125 44.90675967
 43.26543586 13.22700245 37.17159139 18.59328531 52.43668468 39.07006321
 30.10731546 52.73203665 42.64921538 26.98348955 40.31717907  8.65359175
 45.71346328 20.4641734  31.03932482 58.53519433 30.93613969 41.082258
 30.8502919  12.72091336 55.48113073 22.02939931 35.50062846 10.78337501
 45.70868567  6.48239438 53.19813916  6.83665969 37.34313027 17.05697156
 45.90756233 39.99838953 17.94477505 29.22484672 49.84985418 11.46310005
 20.77392158 35.90377619 15.81203803 30.79528373 18.03448655 37.42369622
 22.18488877 36.62737155 18.82585821 48.61883058 17.84865229 51.43052249
  5.61207243 51.93300831 26.51708418 47.29878905 17.67971951 33.82309509
 20.64218537  9.57679405 24.41912546 30.5418813  56.18822946 47.21549028
 45.44214795 47.39955256 40.98916392 55.033874   51.79454531 23.11082691
 39.53617535 52.74849143 20.70738921 17.6401048  39.52123454 52.52198849
 46.75951927 17.21804928 52.65599859 46.00177036 16.74837058 20.37220295
 29.83458399 25.64637577 35.88882469 37.51700179 27.18570551 11.54510965
 32.42176863 11.75114513 12.02581251 23.63393098 52.22032253 39.80037252
 16.30600942 17.40226152 11.5016639  25.25963449 21.20485717 58.14681025
 14.38490704 53.52293868 11.13081342  8.67204584  9.39693188 31.38333071
 38.6407004  36.20221804 28.49807683 21.03792939 36.72035159 34.57097823
 39.4619452  10.79283216 50.58939735 15.29792515 17.7766382  17.10977057
 22.23922303 57.93756052 13.02419797 31.66353229 53.47262088 44.76095942
  5.72021694]