[28.15531807 15.02094546 13.27805068 20.90275176 11.459519   14.78262334
 17.11242357 15.50313397 11.6472679   8.19575874 26.40303734 24.65890599
 25.44857631 43.21359976 21.05497756 10.51579426 41.28057822 12.25964527
 24.02496918  7.57942549 24.081419   28.49479467 13.09494768 12.63672308
 10.11291477 16.21140194 15.5576467  21.2718691  17.35476978  8.31749718
 42.21283094 32.2009881   7.4461727  10.96296016 30.17579337 27.94700247
 12.96653724 15.31183402 13.14955578  8.28507456 27.82298582 18.09244474
  5.3228414  42.93533238 15.63427556 27.96575716 12.38148445  9.292225
 28.0564335  13.29459384 23.08663604 23.59139808 20.0784078   7.58469999
  8.18022073 10.64007566 14.07318508 18.12788854 22.67779318 25.57301172
 13.93490866 11.37740801 31.70137103  9.84414208 14.52359521 29.84563581
  6.67150208 13.21384327 24.31857946 12.05355417 20.230591    6.38969629
 26.17715424 23.07212243]