[22.09168024  9.3424977  42.2520093  13.52468272  7.0301281  13.48556373
  7.38118544  8.09138111 15.05899362 18.67351266 20.62395943 11.08848202
  8.29521731 10.46352334 26.69731895 26.92707575  8.08854648 12.73608256
 12.497154   15.22512605 11.86007918 18.77518147  6.41995331 14.88799696
 15.4418294   8.08174648 19.74810063 11.12626506 23.89978594 26.03888458
 29.21572317 20.89369662 19.70864645 23.24601066 11.1762733  33.97795448
 13.61062724 27.02706032 15.06888931 16.53662684 17.36902126 30.09756708
 14.5362304  16.76969282 27.62133955 13.79977387 18.13548821 15.33663826
 11.56464332 25.53057611 17.08456877 25.75909453 19.08342748 13.30351488
 21.81099872 21.55709955 26.8613008   7.7965018  21.01683249 12.16122473
 12.54632318 13.72557516 36.24487296 14.63866125 12.28928073 14.46026081
  7.45937149  9.08729987 15.74409886 27.95447478 15.93708643 11.96721685
 20.44396348 17.74547361 10.9378696   8.67528917 12.27516805  9.52378446
 15.6048105  30.61738505 12.16238708  9.85095911 14.16542194 23.40914882
 23.27227545 12.3302243  24.53946919 13.5979627  16.09926976 23.87983895
 15.6638822  10.39773877 22.0187372  28.23346598 24.09142821 23.96787159
 32.16239256 26.07343261 18.39601582 14.52408356 13.27932695  8.36123281
 18.74411189 32.75662084 11.62637643 15.38907079 11.17434574  8.77030548
 16.01228705 14.20088725 10.80484352 11.27606277 18.84556473 18.24832485
 18.46117273 15.19959138 27.90155296 27.22082423  6.77704033 18.42286083
 13.2025273 ]