[20.35891262 25.38661117 52.4970344  53.85964161 51.25331594 39.46566185
 30.59227842 50.25185781 15.69741418 12.08122376 14.24751158 56.50130706
 21.77826645 33.50380978 28.6806529  22.17005703 45.69810654 23.51176368
 27.67398717 38.43838541 14.60807676  5.97242109 27.91641563 36.10334346
 14.54949393 45.31584255 44.53568188 27.18941661 46.75694872 50.60724738
 55.10014546 10.90629595 16.87211793 21.38409538  5.31115329 32.35095099
 27.20941248  7.27648369 17.08818735 30.24924465 13.43128032 51.49939676
 14.06370019 23.08701156 12.27555839 57.93281902 13.03894527 45.79203883
 40.33222161 15.25564402 47.39789207 45.66594205 43.16372971 26.33835221
 29.2396739  41.94211444 36.40160765 18.38409311 23.00479858  7.96970311
 32.8702658  24.42963198 47.55765368 29.57857246 52.1695631  37.19047746
 31.4484846  24.97737474 46.09827567 53.04897453 19.10596414 52.89819577
 46.46998824 20.26014564 36.13762707 31.26646863 27.38606695  6.09154356
 11.16283496 14.97237419 12.70479064 10.01308629 21.16678825 46.55364155
 44.47887071 18.98030669 21.98227681 12.35130578 35.95908284 47.14038042
 33.51200751 36.85639925 52.55447579 21.76618412 38.16004183 41.13385851
  9.94894429 43.32024766 22.89087111 18.50967104 46.41991174  9.92589086
 14.02098061 28.19581413 52.61442132 48.48779949 36.2648303  50.66057468
 39.66271402 32.85575428 20.06277473 24.74830413  9.1196467  20.05644283
 38.87942077 49.15649075  9.13811487 37.97802363 15.4951546  32.64803472
 43.88654364]