0
[27.21426569 29.25191363 25.2351584  32.02780813 18.36311495 56.68743839
 11.52330613 55.53647891 15.39308159 10.90193693 47.49178559 25.67762881
 35.13868547 49.86808096 23.16315958 34.65476865 56.19542131 38.45103133
 51.60994854 30.51686502 56.61289141 10.84146847 39.98721957 44.12797095
 48.67478942 17.69731276 31.56047692 15.79103369 41.43243713 36.8305578
 12.54688125 19.44231352 21.53710877 23.57587244 37.32207494 41.17638864
 33.23949282 26.69728352 12.67016817 24.31350229 35.84856377 34.93343757
 44.31887233 24.63389092 29.2111545  41.29574606 48.50109992 19.31267341
  7.91549591 24.00852609 38.11987193 33.43007772 37.03918545 17.83254303
 34.96976814 24.22630448 40.50041449 24.45801545 52.17376661 43.95216528
 46.4288228  17.12954544 40.77713752 47.24469802 56.6139716  34.44729028
 34.60369408 16.16246063 38.64061312 21.53207954 21.65561294 24.69524126
 30.63991775 22.92495566 38.03572161 28.98955761 41.3539379  24.59513179
 10.58239669 53.82503517 25.67644899 43.06819452 44.88922739 54.31138279
 49.99700735 55.4200656  22.14220863 16.88994    50.87589304 45.35791116
 34.55089286 31.73408281 56.88699922 20.18810784 11.30110546 22.88140559
 24.95596468 34.37422332 12.15580252 51.06889834 56.98483151 42.62602235
 19.30455038 44.87890249 24.04065232 41.53424223 30.894106   22.25446847
 53.12166701 26.84674921 32.13397871 36.97811709 23.43070439 37.98883635
 27.44786021 34.33234884 41.57717794 57.49433914 49.55619808 15.14326884
 41.14425955]
1
[20.53993597 14.38746173 39.38761041 45.18526992 14.90232494 35.14083655
 37.82816366  7.54161186 21.86645002 20.44071251 24.37023985 24.06135295
 17.0109398  25.02550207  7.96110121  5.41631506 35.50009697 41.93238535
 47.7228067  38.1386132  41.65947227 13.31716184 49.84407052 18.72280064
 18.29414513 13.57652885 51.34782673 13.12925973 23.46993787  7.9023941
 50.73456953 49.39149354 48.47766094 16.56957366 53.52928516 37.73925732
 10.79959892 25.09171762 20.5169137  40.31397425 39.54408468 45.52303124
 18.80465442 46.05208665 40.32637445 48.04457578 17.39814054 24.16659137
 40.83779296 27.24909    34.34769656 46.73203282 20.92041056 17.33210266
 21.86513942 25.86794214 44.63500787 41.22738212 31.79163118 39.92797901
 24.80786983 43.73330472 50.11578319 16.09317458  9.0578111  13.28132933
 24.48673322 14.09401841 52.27706124 57.11905902 52.85842725  8.83982567
 24.68853551 30.11119252 52.41087444 12.54234869 43.42026659 48.05953341
 38.0158467   9.59925129 28.03380113 53.54870597 19.47700804 42.87888536
 57.69827427 20.25703176 33.32719443 30.66912969 53.80957188 19.26542542
 48.98003111 48.73038642 58.59224275 45.12628308 51.68192868 45.07068092
 13.81033103 22.82969152 49.84455038 21.56618536 51.97627413 22.89550949
 23.75485468 42.00728772 16.37382724 15.11722116 39.32256544 31.05307949
 16.34264744 34.96717818 37.39507107  5.50041348  7.20205424 17.2279581
 46.63833789 15.46121569  9.73286665 59.79693962 24.65550932 40.75306553
 50.71325205]
2
[26.49025768 28.92260421 23.81151749 47.23603384 37.33353775 36.88020479
 42.12737268 25.61018397 31.10686617 51.32552858 48.12708248 46.39091502
 29.58265715 49.5432342  23.13778688 30.24542435 48.49399183 45.51225186
 35.00692021 50.66791157 37.34759483 22.33122309 43.85632437 27.20756101
 56.10144954 52.6864487  50.30939188 17.05650137 13.83190394 49.1257101
 17.18218069 38.351639   12.3332246  29.83767942 25.48885398 54.55719334
 19.45206371 12.24067973 11.33677878 25.92616034 37.81525938 43.80725866
  9.67391658 38.39310554 41.50124564 20.01268472 28.14212199 42.17236985
 44.04598017 33.27056914 25.93026985 24.46725414 31.15408783 35.31656721
 24.04326059 49.19178692 11.04820954 31.46483542 33.22800596 47.06699167
 36.49982586 42.43563778 12.98354128 26.64193725 38.01068595 16.77377753
 27.20835813 35.04551823 47.37607083 36.94681627 44.19703301 51.42054668
 38.25381056 14.3493441  36.79348741 47.7794986  15.38203691 44.41677242
 19.50651962 50.59687449 43.89167437 11.60865336 25.42696903 32.97100154
 35.48798611  8.69479615 49.83293992 41.41626922 56.0754117  57.2391343
 22.00766995 13.52222646 15.40457983 29.18529828 50.29671467 51.56223551
 28.21197133 30.72195675 38.36543054  6.30460009  7.37996018 38.89785015
 23.27865415 16.69678578 45.82841114 14.33460464 16.0665066  37.07433291
 46.20605755 32.69458645 19.14797733  5.17015375 31.00460645 34.01599692
 10.09919059 15.44773495 39.19154077 34.44850656 26.4874617  54.45473311
 49.29797667]
3
[57.31766723 20.12996697 18.87105128 40.266908   23.94101318 42.93450936
 14.12148944 48.83028664 23.71231019 43.74419522 32.42790351 55.08886525
 19.95301724 49.24683937 18.55028556 21.23789521 48.18921694 15.59323233
 17.18175207 38.16905837 34.87136398 38.51038095  7.77782207 56.33896845
 48.59572901 16.62517839 24.03128365 59.69523784 27.49052514 50.86352304
 37.33839665 58.562411   42.0367822  36.30865594 12.38863379 22.16732342
 49.70765394 22.04978684 50.5899106  50.92454332  7.52604735 21.21650165
 24.54960823 32.43184262 42.76962667 42.94722436 32.01350345 38.20577368
 49.19108459 17.29513788 13.91125043 21.98158552 56.71816021 28.95941182
 35.40269466 29.74303822 19.90327636 46.20126996 19.9927146  18.85522328
 18.53458391 18.73294567 18.18485825 21.61408308 13.66187185 26.23736657
 40.41585237 51.8716331  19.48255405 49.00099993 50.06517713 33.10800993
 27.49927812 34.81602493 46.87162946 30.15681604 16.13772394 17.49863946
 29.00505431 33.39259417 15.70035563  9.52031766 25.05146516 42.682114
 29.03259133 46.3551503  16.11466286 17.9575538  52.18537826 40.50010924
 43.21207467 14.28509083 38.19002488 43.54439931 40.75954007 12.51595323
 20.59072748 21.3460939  30.68211    31.10951954 46.01136261 32.29058566
 42.19336107 22.02221444 17.71087983 14.89450855 38.03028429 11.67173455
 16.67461626 37.1172853  35.85626424 21.76024295  8.89000392 16.20502566
 37.95859256 10.49800152 31.20021471 27.32260067  8.74226808 54.99848406
  7.22874546]
4
[55.54467419 44.27618815 25.99170208 27.81503413 30.40423488 52.80920257
 16.15959066 23.53394651 23.94383201 17.9115052  12.00578439 34.18600416
  9.05111266 17.58687392 54.77420233 36.87242333 11.88001551 11.95411094
 45.74210105 34.5906024  52.71145263 16.26022415 38.7782226  23.26476837
 36.48040212 24.56805838 51.80674975 12.90521718  9.97257554 19.30103483
 16.52629462 53.57678392 32.24259743 17.54009304 12.43591184 44.61238528
 56.32198093 50.97125576 42.34739006  9.65554046  8.9430689  55.37826519
 35.02905092 12.63891849 42.53928234 48.2939652  13.80963189 53.14166384
 25.10748512 11.81467196 14.09133056 13.2088097  17.73767876 34.11346575
 39.65022349 40.28425484 29.94655082 27.45349489 54.12851372 23.54794398
 14.46015204 40.17598043 26.29190077  8.64560575 41.92648888 22.80896502
 47.59092697 33.75428414 38.90876708 47.32808513 27.91344855 18.96812485
 35.22326809 51.32976938 26.50197515 16.33337707 52.38415464 24.18017191
 42.62852117 20.01883731 30.28749533 47.28422561 18.1670242   9.59002141
 45.61828031 22.75428004 46.68382896 23.23708741 44.95351841 39.28799317
 14.7597076  12.50896507 46.95353504 37.15908059 18.97093135 42.47332847
 28.99648708 59.10165856 37.80464019 13.08683173 27.40680653 52.5888047
 38.15840388 11.32395402 48.59663693 48.25366087 12.02284859 41.3990005
 45.62251858 50.75713589 53.79450182 36.47738764  6.69338621 15.63632175
 28.72851712 24.37306525 58.84659893 12.94149451 32.56997858 42.51259256
 28.32064957]
5
[45.00848366 45.81877553 30.97965044 48.58824227 56.18791315 30.95289351
 35.38300804 32.65573516 31.45742389 13.58277558 50.47411711 27.85934471
 13.48953956 11.10438976 33.06465506 27.60856583 13.43944075 34.8683096
 47.32318167 10.66769504 54.61064343 30.19447009 50.30508335 22.3176274
 16.58309931 25.15750325 46.59471388 31.78237919 48.31624041 54.09152269
 28.5843447  13.76856549 22.90131268 56.19711965 17.51716149 21.20175422
 35.91497912 27.4629907  31.3379383  10.63883148 44.55095871 52.70140403
 54.93990382 13.53663314 40.7693583  21.66850712 11.98027478 42.62224798
 10.65443913 26.8741098  57.90290525 22.03546037 55.65846122 28.76329638
 34.84971454 29.69249655 23.36204965 33.15839417 26.79515358 48.46459436
 55.46175804 42.87832813 35.16888453 14.77707229 17.0990606  54.34050995
 25.27183163 15.80482225 21.13454132 44.8302898  25.43471365 39.88844472
 38.86999682 11.80804197 22.41045765 24.8984057  37.97015076 13.71413841
 23.28558533 41.30615136 50.87112126 13.5518427  13.15333732 47.23830808
 15.51438954 29.45942653 20.17767221 54.46981809 45.18962858 31.59222745
 30.36828799 48.76895937 46.48569554 20.97630441 18.60360272 19.13271485
 37.55235567 30.74084195 50.87141114 44.61800228 24.91077402 56.06692324
 17.96449916 33.89545307 41.34036319 31.94673646 30.72063828 54.65875824
 43.77552354 47.50633635 23.29444648 43.95707881 32.71873053 19.13565971
  7.73012186 33.65851865 32.93664771 32.53206075 39.28742447 26.94045489
 38.92611623]
6
[43.06350904 24.89853496 22.29852218 49.74279849 53.95099565 25.57646626
 11.73583813 15.11065206 21.07383745 37.19456869 21.50023096 54.07754505
 14.71204636 20.58004524 31.10853292 54.41981979 54.15322195 50.78452735
 37.60173375 40.92649746 51.19622803 33.29162988 56.67666175 30.50257132
 24.4327546  32.06833363 43.26443016 14.61840901 19.55986374 56.37839284
 21.43575921 30.3347241  12.69652584 53.95314361 23.92275456 12.18787357
 29.74465801 55.07413835  6.83654706 41.87475777 20.55776561  8.84314768
 44.83618025 48.14174687 18.73019276 41.64954269 35.57804296 35.2806603
 35.08987357 31.04552437 12.71915671 30.33064444 23.47898912 44.199248
 44.55609037 45.83213383 38.18465578 13.82265175 22.84040777 34.229158
 26.0089527  31.48885575 30.44353971 43.68818623 35.5311989  39.24800006
 42.22698794 12.36055071 29.92694626 26.6739039  48.05085624 51.03419198
 11.59085869 12.3671937  34.21895397  7.68328636 25.12196772  6.21286512
 24.90977126 18.69407419 14.56165974 12.736771   26.61736546 27.25042799
 21.96960634 54.275887   17.33059447 26.23542241 27.07195301 34.13329633
 47.37804341  8.48352938 10.59341705 44.98432326 31.42881561 25.96194641
 39.21980901 43.84996374 40.21043601 27.58921944 25.91961056 10.54022809
 26.55184    52.11113176 40.32275261 10.6098465  26.48218353 11.95228535
 39.54536881 16.98691872 30.29320703 25.1051386  30.08486477 23.00482995
 55.89880928 10.30847915 15.25192307 34.09732933 43.60773717 55.40788917
 11.24703942]
7
[43.53230522 50.91958319 13.17782996 32.933042   27.74762707 16.23923211
 15.25398298 29.231145   21.63475875 40.06880201 52.70477283 51.68760683
 28.49716711 39.02692631 55.1339084  11.51363889 55.25127064 18.4943531
 59.18542661 38.43407314 50.33859843  8.55850142 52.35524361 27.64401955
 21.64456462 51.95077097 24.90292796 34.05246843 32.65493623 51.95639838
 36.15360304 52.50101009 33.4030858  14.18043918 21.00520193 53.41936593
 18.76997623 39.52737637 37.26813836 50.4911438  50.50150552 16.75810605
 18.51452978 17.97294606 18.45417159 51.16738561 41.28815064  5.14383454
 18.93650581 21.8110153  10.71574059 41.54012209 47.70602098 34.45642071
  9.8068065  14.85762684 36.64332348 23.63575517 20.65185245 24.63157201
 35.75412796 58.20379271 35.05731146 17.44346446 25.81479779 24.25220954
 48.15273186 15.03617979 56.51120177 22.60631067 20.74691528 56.86418754
 43.68707609 20.31599491 35.32260092 20.83429152 25.95610924 22.3912263
 15.0515869  58.35717009 28.12124136  6.23691271 50.79240482  8.95853348
 16.06386831 42.8254833  15.08572162 25.71804952 17.7672631  33.80817004
 16.72578698 41.91310217 56.32653793 32.80275583 10.79311014 51.7623775
 56.66226295 35.08420321 41.78101315 31.69660717 12.72185521 42.72131144
 52.06633879 23.45665925 16.16527649 29.01006095 58.60036382 52.41570113
 38.65677273 52.38476997 43.54588306 21.71020725 42.90341161 19.63137908
  7.94004594 14.467944   38.88684437 18.63548558 42.73687385 42.6378083
 13.10162922]
8
[39.33608048 46.61045873 42.1665096  52.37856391 25.25183402 50.29321476
 33.6396737  39.48131332 36.50978895 33.28168503 59.02696471 26.57886008
 47.09697279 11.52315849 33.03825799 47.90552983 11.97348838 40.07235831
 41.89849445 27.35337216 35.20152073 43.81718512 42.84127286 18.75698239
 57.46422369 37.47180591 36.12761404 48.84942826 37.25960609 12.72639853
 47.40794517 11.78861594 10.60224624 37.28504423 38.8567323  29.33269854
 24.88806772 29.48408219 11.90097719 24.9038708  46.48785402 55.10501404
 39.25022012 20.28597275 49.94174545 53.7742329  34.07062338 33.57343408
  7.53505602 18.21069108 32.15205804 46.97750217 33.91600089 49.40096311
 32.01671043 17.70194895 51.04496586 48.20710361 25.91437719 42.49945324
 41.44788604 23.20367042 36.46587025 40.07617339 26.05711025 39.87622191
 24.98542522 21.16593948 29.04516521 34.91854692 24.79614174 30.09434737
 10.2941181  30.75403892 31.1946715  26.42414617 23.99707432 26.67573907
 39.61478993 34.11050601 42.81359113 41.99370961 37.56745946 10.19599401
 19.41301954 55.80950101 25.06342556 24.43381103 56.25466285 17.35174755
 18.66383477 45.55146294 58.12153265 43.9319312  35.02373876 35.02616062
  7.26037221 20.42649506 10.85427573 54.91414452 28.61987223 14.23546153
 29.21679014 32.68694447 19.1698787  39.86030378 46.6628081  10.25748173
 14.12107243 30.86138856 41.80802837 49.46157374 50.69883732 16.275234
 55.96343529 24.73843572 43.95400599 14.81130736 12.10777085 24.82484841
 45.58883595]
9
[32.82437186 48.4368135  13.4565271  43.33593791 13.68075842 51.26208151
 39.26976712 15.63419017 29.1336246  38.65844301 17.6558375  57.5709292
 13.17271799 22.26939683 41.80930635 20.98269014 10.25400608 19.82853357
 36.70386095 16.04626722 21.0392209  15.36204772 17.45553265 38.91226264
 38.04879231 51.42192231 51.05114166 47.19444963 15.02984342 44.07525045
 16.66151556 48.02558101 16.5970096  29.3787298  16.060847   53.39116781
 19.48186133 34.54492057 33.4336657  29.24608887 25.21591192 13.54938824
 39.50521942 17.78216739 51.02667228 57.53072474 56.98823031 18.60720573
 32.78057463 40.43040466 25.98713936 51.50633669 27.4249584  43.26200456
 16.54448072 35.50100062 12.39928877  5.18738356 14.6147197  16.98955908
 53.87130511 20.72764251 45.88413861 38.00193246 13.83908184 45.61669208
 17.43830515 45.30541897 16.08512757 57.12198888 30.19717323 39.77079023
 49.86902826 38.58457454 52.1232932  10.82668337 25.13792118 44.34962136
 55.24195282 27.28305203 36.50801975 16.66467232 19.32155104 40.46721578
 14.93763386 27.14019145 32.10112173 11.81376089 34.79228574 55.43179771
 31.05960711 56.61313805 14.9719314   9.82594059 10.31159922 24.38181446
 33.70910911 47.68526572 32.39872139 40.46464859 44.62265811 57.35988632
 38.28726901 37.86236053 12.69681382 12.28991986  7.82008519 10.23039603
 10.46048307 47.26591974  6.26878116 26.30276956 27.98444251 57.07465812
 14.35593384 36.3568761  47.94470607 20.85587679 22.22857029 44.2267386
 27.30214133]
10
[44.91787624 14.551598   36.73119784 25.11566889 25.23939428 13.40182103
 55.17999513 23.60508363 47.9363409  26.67518386 14.58606227  7.34005501
 55.03184846 36.5812804  23.35540047 46.38368737 44.14588375 25.77771161
 58.30308465 40.98974364 45.6083043  34.64527113 40.6788512  44.3846937
 31.05466774 26.74657856 40.78228413 11.88445141 29.44315016 25.2180387
 44.49881734 45.58442042 20.25047248 56.84428811 52.73990315 25.19116651
 31.13503496 28.01998358 12.88018384 24.71515516 28.52860044 44.43339332
 43.67246314 24.83506373 15.70307935 39.05355585 29.50584318 54.11530736
 13.84832168 22.94328816 20.36432011 35.83177881 29.23785763 34.5620886
 34.07697738 56.08117429 53.1672231  43.55343817 15.92043658 16.83723624
 43.75139287 26.09487751 37.29905191 36.44709007 41.84342606 28.18296289
 19.291485   14.3808583  45.47526344  9.6630735  12.84254456 43.94555456
 25.07983118 16.0722879  11.45227317 11.99006711 37.02035582 39.53794301
 20.55545799 16.53161529 25.72778073 12.79090932 41.73738371 24.71620009
 44.82722911 20.4019266  25.03399232 53.75257756 24.91235097 27.94761261
 22.88019077 18.00640116 13.55830457 18.05721265 22.64997158 48.31751358
 20.33331853 33.54630069 11.21218502 50.44287293 14.2682334  38.11089966
 23.37626874 12.72024653 25.66492636 16.46343085 46.78806667 19.32113198
 31.36337367 19.92531718 51.61485437 30.01080262 52.72807328 26.59263466
 13.40786507 46.46110269 40.42377971 23.53699297 35.86491752 18.97618899
 48.95873404]
11
[20.35891262 25.38661117 52.4970344  53.85964161 51.25331594 39.46566185
 30.59227842 50.25185781 15.69741418 12.08122376 14.24751158 56.50130706
 21.77826645 33.50380978 28.6806529  22.17005703 45.69810654 23.51176368
 27.67398717 38.43838541 14.60807676  5.97242109 27.91641563 36.10334346
 14.54949393 45.31584255 44.53568188 27.18941661 46.75694872 50.60724738
 55.10014546 10.90629595 16.87211793 21.38409538  5.31115329 32.35095099
 27.20941248  7.27648369 17.08818735 30.24924465 13.43128032 51.49939676
 14.06370019 23.08701156 12.27555839 57.93281902 13.03894527 45.79203883
 40.33222161 15.25564402 47.39789207 45.66594205 43.16372971 26.33835221
 29.2396739  41.94211444 36.40160765 18.38409311 23.00479858  7.96970311
 32.8702658  24.42963198 47.55765368 29.57857246 52.1695631  37.19047746
 31.4484846  24.97737474 46.09827567 53.04897453 19.10596414 52.89819577
 46.46998824 20.26014564 36.13762707 31.26646863 27.38606695  6.09154356
 11.16283496 14.97237419 12.70479064 10.01308629 21.16678825 46.55364155
 44.47887071 18.98030669 21.98227681 12.35130578 35.95908284 47.14038042
 33.51200751 36.85639925 52.55447579 21.76618412 38.16004183 41.13385851
  9.94894429 43.32024766 22.89087111 18.50967104 46.41991174  9.92589086
 14.02098061 28.19581413 52.61442132 48.48779949 36.2648303  50.66057468
 39.66271402 32.85575428 20.06277473 24.74830413  9.1196467  20.05644283
 38.87942077 49.15649075  9.13811487 37.97802363 15.4951546  32.64803472
 43.88654364]
12
[44.10361167 21.39807261 36.83856236 56.22889354 56.92465232 48.73742136
 35.32430292 33.94817746 25.31540487 53.64219518 34.84056736  9.31542791
 56.49460259 14.38778714  9.2241346  19.3880403  50.07865096 37.94375528
 24.66374692 33.43121804 45.53240672 23.87051792 18.61139831 40.46225121
 59.17778269 15.4156324  18.12264142 19.90607758 13.418313   21.34924851
 14.47139951 14.87291139 46.51145792 23.95088961 47.9356222  50.64096064
 28.53391373 43.98103654 58.12521927 14.17929887  9.10995385 15.62715803
 40.47111148 22.9196921  54.14205128 36.1587374   8.87058879  7.21328029
 17.10280217 21.32803789 33.62191859 41.95805402 45.64775839 12.29219227
 24.30932652 32.39765923 39.06267225 33.38424297 23.01123766 41.02959155
 41.70702225 43.02134335 37.45996646 17.10812852 47.17742243 50.68763098
 53.71469628 40.04002078 10.59479308 51.40442077 18.51848853 28.0973006
 29.68563979 51.33745039 48.90247402 44.62986488 19.51029296 31.26970685
 46.62213824 53.01053925 56.70839261 34.50646504 51.22570363 30.82272394
 30.37385681 13.70294291 23.54856301 37.61643119 14.54129015 34.16792159
 22.46071959 33.95700708 28.15849437 33.87153696 19.75045358 21.50459694
 36.58059433 27.80702208 50.71976667 36.64233574 39.0560592  48.85048311
 19.16190546 39.53769924 26.00339596 46.51589939 22.785085   18.46541521
 42.0960625  20.89316168 16.23298609 54.35325428 56.9473535  51.05350674
  9.7373388  30.66135121 49.84513293 28.65038768 47.37574467 49.05957878
 54.39397324]
13
[31.84512538 18.8280978  52.83042851 53.59800281 57.291492   52.20511332
 20.16679429 25.0591039  19.95642732 27.30330003 43.55854775 31.39986367
 10.60673547 17.91905723 47.04648873 53.57256795 25.15321947 21.42780821
 54.10151141 53.3324695  28.07458156 31.50007134 55.13593099 39.50604477
 48.61418852 16.36947597 47.27367631 10.89408196  9.1698885  15.87653168
  6.67705136 30.60862036 14.47693788 33.77064199 33.35266858 30.6691796
 14.67765275 50.36464198 36.4208104  28.07072835 20.03468444 16.02076395
 12.89899697 31.88543656 19.7793223  14.05232886 21.71620983 17.77100612
 22.97450377 19.17231202 25.24440311 13.44438973 37.18109858 43.76016623
 43.36374084 22.38635756 33.21947144 18.71804427 22.52412615 35.92966083
 33.45825197 50.26405608 24.91845034 33.16336946 39.17636945 34.10316893
 56.82989838 31.07500827 49.14232014 25.22202787 55.06336597 40.70266154
 54.79452725 30.22340996 17.01784324 46.44090726 57.84779998 47.88013662
 23.45552088 26.46184731 46.11132507 49.37236979 43.57684286 40.20153572
  5.98979764 45.85242474 45.07350957 33.56142139 13.35080854 29.98655522
 23.61716813 46.95768064 27.40293101 28.99532776 23.27745868 31.46831603
 49.93262319 35.45014425 25.79182813 18.15235099 38.04919376 48.02424523
 25.00501392 47.91534354 18.70589211 31.91809252  7.74113948 28.25982288
 10.41669786 44.07514332 11.00297277 23.64028739 42.22033618 25.15901573
 38.08403827 41.36069685 20.52673106 14.48171657  8.17846073 22.19455857
  6.86214661]
14
[54.14469449 19.86679937 28.81414445 17.08230458 56.13514988 32.5077974
 45.28918293 50.07624917 42.74216406 25.23431771 23.99412324 19.49339598
 39.98838246 11.77973804 21.65931065 50.8132109  12.84951313 20.70564669
 37.84804451 25.24263177 45.89794563 50.17830243 52.74172082 30.75150222
 35.89958128 35.52885622 34.87849443 31.39969311 45.22069004 14.87486654
 46.89118754 34.94057132 34.88429322 35.84552513 25.82733479 50.57355478
 34.92725622 39.67119356 12.09599492 16.90664697  8.30853188 32.07635112
 20.78999182 10.93322396 23.89979438 22.140321   10.87022247 56.69161727
 52.60217961 57.36865878 41.85740049 51.11717562 56.27954833 23.20031456
 56.25392033 43.97020272 17.47588675 49.0317667  54.86545051 11.07039512
 22.49388856 36.6106615  41.74410474 17.90908328 40.98016168 19.5182682
 44.41660095 25.88440011 53.07241159 39.88187795 11.85070919 54.70307378
 28.06018277 19.48503422 56.09129099 34.97449672 31.99516412  9.99399242
 39.16138182 51.19650622 43.90468999 55.23338613  7.42938536 54.35138245
 54.56225257 52.47043715 43.09727357 23.86420659 39.76089119 43.54346817
 31.22580749 40.96466502 42.20217116 50.83219732 30.52457319 45.4237253
 14.41161221 34.89234481 14.47643223 56.57866262  9.30423414 35.25502214
 26.74096845 21.13120814 58.96649343 12.00389701 48.82829445 22.76069483
 52.67603975 48.56267908 51.7201632  50.11074188 19.69450343  6.18372104
 13.71914135 54.03235242 29.52917955 15.59458661 12.03569681 37.51996608
 31.85583664]
15
[52.53048382 53.79929763 21.51838597 28.7356253  15.07717685 12.86817161
 13.6887059  37.48384161 15.53487128 24.81599941 27.99625146 36.86766419
 21.39908252 54.3882817  40.74810196 25.71503987 29.23186197 18.52117705
 53.10493216 22.97597219 11.68873339 38.33024314  8.3796625  14.05025208
 13.71659496  9.92571891 30.06300203 24.91860065 56.35957677 20.7710444
 30.65452498 51.11042398 21.9629803  35.00686119 19.2865239  57.43304628
 18.36086048 15.73688938 48.58575764 41.59968753 32.487603   53.01086827
 35.64483736 19.72107378 20.50865234 13.06858756 43.42127011 41.88264
 46.16400291 29.94768659 18.74008427 28.44478735 39.96718663 13.75043708
 19.11583172 35.29251525 30.05086471 33.49945294 21.68400517 14.5704783
  9.74866268 13.63144852 41.70180259 57.06094892 28.27185011 15.9919377
 42.90843173 14.0869081  32.63963361 53.52309954 11.6828341  43.20893601
 26.35960401 11.01101777 21.7612922  11.91256176  8.83046307 53.00081716
 24.97266127 40.38183407 14.24880576 48.37831912 50.15924638 23.66725253
 30.09766268 45.97493207 32.26894235 17.76461364 38.97641871 14.85686353
  8.65727687 54.55254843 49.69735918 20.06957527 23.132471   33.69348855
 12.81879657 32.33651789 41.95120326 51.27876383 38.20584262 30.39407278
 54.1728595  33.42926193 40.82312265 20.90589688 17.95203378 38.11449051
 55.5760571  17.31724206 52.98710888 27.81326013 28.80150508 34.25726065
 33.88813393 20.95838287 19.01553245 22.02292733 17.2274186  18.26643883
 52.42632699]
16
[ 9.76497806 14.4376954  25.87086499 49.79950213 35.17915014 45.08300993
 19.44588505 31.03761085 34.62699546 30.2786879  23.48154733 25.1365296
 42.56854247 14.5572905  21.81041403 58.43766571 32.83951031 21.51390574
 25.31717037 29.08719458 30.26101948  7.31948012 37.06560497 27.19193173
 10.87991318 37.78416288 11.02890144 37.73127493 18.90932363 35.08022642
 19.49195501  6.90645931 18.99869993 40.3368217  44.00801927 16.32803768
 15.15069876  6.75801908 15.7330281  38.83164273 24.32397547 17.94852313
 45.12233429 29.97182774 44.75947108 30.08170067 49.32036569  8.82052733
 43.26216661 36.73322635 12.28105664 37.4107067  16.42644624 32.28420533
 44.224789   19.41499837 17.77052532 15.56419483 36.21643056 57.86786548
 37.016208   25.7920887  41.06773432 21.81372655 16.99505452 50.10338689
 14.60502986 24.77218662 21.58326617 33.5746182   8.73373053  8.67119401
 23.50114178 35.14783913 56.8896846  42.00422589 50.01518581 16.59072275
 38.15305981 13.33393067 26.5642086  11.81179736 34.89320809 22.985571
 15.57834992 20.74722878 19.73544422 40.02533461  9.15979071 16.54146919
 31.79413048 41.0246834  49.91421346 29.0395826  53.43144708 48.74124719
 24.01499218 14.43169722 13.20182804 49.31971813 25.49258947 41.5486581
 50.82989193 28.14549504 57.73252186 34.16335303 48.96722786 13.97438615
 33.26146722 21.62034108 54.56191165 52.90308005 43.26965623 17.60875063
 15.02417639 24.49599787 30.44135896 17.68673704 15.69137859 34.93234861
 35.39489967]
17
[57.00645302 17.16380611 48.36630531 16.46288033 21.18068506 18.15292748
 17.13903386 47.11292582 49.09461463 55.69799111 21.75022525 41.75540293
 21.73207598 34.9197533  32.48524788 23.41169944 33.3211747  35.66538302
 27.28247499 45.19450757 21.77172935 30.18743391 41.92969105 32.42369163
 46.4581881  52.14606107 37.93712394 52.35743857 27.59821779 43.92379998
 37.4844128  38.45673203 48.58188693 12.34653473 22.81878066 23.49971692
 32.06956379 34.6220607  52.64353056 51.72046281 25.52192584 36.86295732
 22.22675804 40.57883138 21.68228356 40.71942246 17.11784963 46.60641089
 13.57189005 46.51832865 21.02191391 50.90039211 14.47370151 55.44699257
 58.78394891 24.06408714 41.39235694 31.5729377  17.57195506 31.35189073
 29.8031221  29.7222249  41.79618823 17.62114043 42.28025392 28.39173873
 54.71592584 19.83379803 50.79165851 53.23673714 14.6530307  19.74309113
 17.37021421 13.54734885 10.60934619 45.81281213 52.42028304 33.5505739
 35.34488121 57.71921165  9.93889286 57.46604864 38.80196553 48.28991251
 18.80405214 37.34783215 31.57713778 37.64509382 18.75941615 54.99229505
 14.86020091 21.99801431 47.9994922  57.1401877  29.84633484 33.32161714
 18.11792235  8.07463748 23.07915077 17.76019004  9.27078701 54.77594181
 24.41972492 16.64641534 20.79194173 46.89045749 51.32945323 11.65223421
 53.73378827 31.97864448 56.19184705 46.97778101 49.5888613  39.00507636
 58.48682444 39.31275949 50.98600854 36.5382703  38.28213812 41.99844539
  8.90072519]
18
[19.94146136 15.04411934 15.01914909 16.94305325 51.34371418 44.9116809
 36.30982992 44.31115268 22.77598602 36.39107601 41.6021151  35.81011199
 15.7492024  53.51977077 47.58210335 44.06895046 17.80903017 36.70595823
 51.76682712 54.76640826 38.90347135 49.5058737  25.71332069 27.66090348
 46.85226745 54.3331734  57.90190499 42.00180667 23.35099014 47.06517272
 17.57623593 48.41368274 37.95673862 43.20426274 23.01777398 45.45108771
 18.14967644 33.35771325 38.53017902 54.85247693 15.83700726 52.03392617
 38.7936986  20.97393328 33.11579144 55.1273581  24.6997159  26.43904183
 13.09877999 15.3663858  25.26635512 29.96177875 36.36968037 53.95800542
 34.10124393 28.88211405 16.99369455 28.13826743 21.88647955 26.63408812
 41.99978837 55.09588818 33.7492792  19.8503336  35.79223045 18.24419028
 19.49700085 30.18115577 16.03624707 47.60074902 15.10562081 45.14290209
 14.13789482 15.44570944 34.26984828 19.37474247 17.84698304  7.39747737
 17.0814921  13.54363265 29.93353428 46.00134986 50.73171335 21.38866271
 44.3062412  52.18435598 46.51481089 24.19212853 50.61964961 33.29320816
 22.83086999 14.18846423 31.06095178 17.97669005 38.3118317  12.34873617
 24.51635584 45.87854196 32.22060794 20.99295249 19.47542094 33.91821983
 17.92104614 28.70082317 50.39108244 28.86530305 54.57399182 33.45817377
 20.0290962  29.74490118 31.39064359  5.68958626 28.33755054 11.40210464
 12.77172807 56.49960257 18.74729062 39.83398844 31.51683004 11.85650671
 46.23770106]
19
[25.24848157 29.67524704 27.76376669 36.71611326 38.56435365 28.73206736
 15.02471071 51.86731064 18.10120132 45.17802832 47.92165371  9.02962083
 43.73194249 52.88721269 11.38426663 47.57427897 16.05287253 12.58968028
 32.73649684 16.67970638 24.0907255  17.96444318 34.43798714 17.60410962
 56.28966764 28.27092858 16.98269817 15.50130933 27.53022153 47.73939129
 32.21621382 48.37852548 47.33833345 36.93147395 57.21215363 30.33453299
 13.56042364 56.67456144 52.71604835 39.95641825 12.89606466 14.46142799
 51.89532282 18.02891286 15.45339756 33.12402599 41.56678692 22.04622502
 44.81200969 43.14446935 24.15689449 30.80754414 27.63763196 37.65348406
 24.98294661 25.38350357 23.02867669 16.30672236 45.58254226 39.54430331
 17.89087363 19.31364032 34.92555055 53.89753918 20.04331406 32.73757553
 18.20027276 36.21241902 43.19113773 17.81269578 26.32045998 57.02170263
 52.35183866 15.64087756 21.51961437 51.94223693 12.51555032 11.03797648
 24.61962824 31.94624074 27.01560593 11.75606028 11.32620698 30.62749208
 35.2191857  41.59925403 11.79977718 33.5101938  44.81952895 56.09752228
 33.85951468 54.06420583 13.91475043 54.2449147  12.75910618 19.25870867
 25.62992285 36.04098672 45.33882531 20.49903003 54.40403349 30.43847995
 56.43657217 19.21725771 17.04768061 36.21591389 24.03545496 21.26339974
 36.20610893 25.00399077 15.23302904 51.69559165 21.32366486 17.00901938
 17.92897568 25.50709568 55.76805856 53.00369465 30.67522625 54.61211953
 23.85753164]
20
[47.88507793 32.06088919 11.2510072   9.69804556 44.33466892 55.79595356
 55.15011358 13.51388726 36.49605927 45.71564702 14.16725012 33.05597262
  6.95583315 37.40192298 13.58887229 13.58950375 54.96856531 55.88634774
 48.86880566 29.41506841 39.53678886 29.19241582 24.0467064  51.54592275
 44.68929051 59.3448609  28.76828307 13.48988961 36.41905043 34.6772312
 49.34821825 45.15049266 24.89887884 47.10911713 53.47527155 44.91159321
 37.50990664 14.19099253 10.90829029 22.32910383 48.80918324 21.39937482
 13.81351037 31.25457096 22.14542296 31.54323529 25.38471379 39.85316331
  9.23465957 14.70554545 16.38576205 22.01186451 24.85948448 47.46010674
 30.4670638  20.08253141 59.48037833 57.80242775 30.58100599 47.18872743
 13.37883157 19.68271086 52.48326314 21.33995852 20.765156   33.94421359
 42.85019087 31.7726411  34.5787788  20.79038325 27.30980886 39.0081523
 54.82080017 53.52681934 17.62946522 12.01098848 25.10998309 39.3113615
 51.92802235 46.95141089 18.46606529 39.74410164 21.97936347  6.86078342
 48.71002303  9.45869653 16.54245345 49.55736286 38.20987444 13.14796773
 52.80963809 11.04223475  9.1510131  12.43866897 57.20211655 56.88130397
 21.75773696 33.06724379 36.84955551 55.35595285 22.78198147 34.46008215
 27.59326973 47.48812244 13.91922372 17.68156199 24.81487302 26.65430383
 35.34675835  8.38174894 39.15770212 23.58555214 56.74461639 32.15826229
 39.81870869 13.4207602  34.06074151 55.51712037 28.83219242 30.7714728
 50.03968604]
21
[48.68152348 59.08912609 11.41129065  9.74188573 43.9676448  55.05403282
 49.44322738 28.82729875 40.60457858 34.88424792 35.78191818 26.59525383
  8.22359409 20.91048341 27.96748798 10.34586507 43.51801842 14.60355582
 48.63103356 40.74223076 48.21250466 25.11345252 34.54246822 20.69881688
 53.39465518 48.74680035 11.60282868 30.00016697 43.24090716 41.56429857
 49.46800619 49.10050039 32.9392124  33.50267389 43.49994962 51.88009142
 45.8319399  47.88743032 41.5510199  29.31242959 38.09400257 41.10843922
 14.62165972 43.92668622 31.45483515 17.71197969 37.20112724 26.8403149
 21.35452238 21.11749778 15.35295996 56.82742115 21.286725    9.59000338
 22.17042001 25.85374865 55.6180028  48.91192864 22.02630611 41.22247081
 43.78875742 34.55646057 43.17430011 40.56226923 12.08389928 33.61604162
 44.79828925  8.75727582 26.81304925 36.375      21.92292627 46.33983193
 12.79906531 26.30966845  8.01623143 12.20664692  8.51818338 52.02149691
 54.03247867 25.09853285 14.14727857 57.34651407 38.64774787 31.92944804
 38.38453938 33.43722194 11.84376868 44.96264777 34.83602353 46.8856148
 48.850317   56.4446384  30.97073518 24.01964104 16.10662075 21.32282411
 52.9376829  32.52499526 15.83133497 35.12860514 39.77884803 12.51361341
 45.05721312 44.11932112 56.44807453 28.65199936 40.40708773 29.76346052
 37.14258451 12.62488567 57.98880282 25.58833014 31.89730752 14.4698808
 50.38973687 19.09589788 25.50415622 10.90852318 26.43775831 56.65524425
 31.73903788]
22
[59.85576052 54.89687156 16.46145687 20.79753992 44.2344913  25.53615011
 40.84510601 22.20768744 31.89806552 45.85511278 32.96186825 13.53618359
 39.65868868  8.69991658 45.01927676 10.91350782 22.03484298 31.25495595
 39.64134031 10.89559943 32.70708216 45.71951464 11.093665   30.81863975
 48.31683102 26.89282699  7.71655045 34.98830424 20.26287591 48.56838578
 33.58366288 25.07102397 56.13510847 56.55472172 12.93985242 54.14203372
  8.90435766 34.05752871 14.2616009  28.42014946 34.2686919  22.00192787
 41.99817378 49.99695606 16.31503975 27.26248337 18.71106146 23.10032752
 12.3991141  31.83051927 31.00800693 17.92265833 36.33779817 25.83167576
 20.28309755 50.39228478 48.36227585 35.55229287 24.81576138 48.67563916
 15.43102836 39.97638778 25.48268539 13.14575476 41.66163135 21.31135113
 45.70210868 59.49636708 17.79846496 24.03644527 14.87417418 45.55418112
 35.94590968 45.9009781  17.75885254 43.33955339  9.31104497 33.79854903
 12.23871563 42.48372439 58.22148968 25.13369991 44.78608871 26.11847266
 14.96673653 53.62356142 17.4389022  23.19425177 43.82540441 40.6167582
 38.05802085 15.60459832 10.68292865 55.18382597 40.71719358 44.94133508
 29.42543726 22.96910377 26.06895532 15.08610838 41.45150642 15.37289422
 39.81111801 16.92615144 34.76805111 30.2498129  22.42506272  8.39490877
 30.40156529 37.33431895 53.68991639 53.42174418 10.39352556 33.30307652
 27.83699811 50.19852337 21.68125059 38.3777484  44.50579462 57.35217924
 11.79990606]
23
[21.6508472  30.65098931 20.29057833 45.26329379 42.83574387 54.34054656
 15.53384158 13.41800667 30.5523103  24.63594267  8.95565817 24.50376407
 29.90316417 10.41971506 27.91491158 15.33303415 35.61380742 18.23750248
 28.29416995 45.12149163 41.07979584 16.96299712  7.90178051 15.89165046
 53.0690823  10.03597053 38.6252217  30.33999159 50.68368256 20.7972711
 25.76822122 24.9484007  33.52895155 56.11387014 53.86065987 37.00475081
 28.47964187 43.55250639 49.41156844 23.08733864 27.6439006  16.05274474
 25.69234953 50.38565478 14.34450489 19.06367052 15.38848872 42.49779573
 18.316541   43.13332096 55.01438469 30.2564665  36.38701589 15.84174655
 34.32726067 24.24603124 23.35102512 39.75279282 23.90975204 32.38470947
  9.85638116 14.32319007 29.81349933 15.23352766 10.43262162 37.60714737
 26.92552568 26.14606467 40.11337924 15.96538508 23.15091878 36.62628418
 22.05121016 31.14589109 13.10769357 42.40720587 13.71852581 28.8461892
 12.05563527 22.41878373 16.51508958 41.25592607 58.80377193 49.59211447
 21.20554402 39.4922723  37.96202801 10.44653865 24.27742381 45.99121933
 55.62098775 48.0378018  42.01842819  9.57893835 12.55256922 27.46615714
 27.65929115 36.43229543 14.41773438 40.67416144 52.95834292 33.53368369
 24.97482834 15.26478302 47.39423895  9.1700649  39.45563722  7.02295252
 32.62283194 21.38913547 38.71646568 53.36328772 49.00992054 24.01559547
  8.61597669 24.11934555 52.92218783 46.00066697 17.33631785 55.25781286
 56.63890316]
24
[25.59779464 28.57833953 54.5612682  28.15514813  7.57107088 20.40570481
 47.30883158 33.81227797 28.50499511 47.75171575 32.70413557 28.11597554
 35.4472491  13.10191203 49.92623638 21.70343123 52.70641786 52.83785065
 44.68341115 36.25412537 21.9590071  36.18448786 49.11499674 49.1388461
 38.67497936 32.04563687 47.54427754 22.47013617 11.8553913  10.45364125
 42.38460106 52.9285399  51.38703766 43.89146477 21.02065216 47.08287227
 43.64704094 48.17344755 36.66484682 38.66109821 38.23801059 28.0214472
 49.94977854 28.41915887  9.47461405 35.52634286 18.55720175 52.73778892
 43.46323504 16.70825313 16.11661927 45.50297411 23.09120708 41.78141243
 45.40231577 42.13487788 33.16361349 31.57339189 53.18892998 43.39859899
 33.58912516 58.90724271 29.77948537 19.15825089  8.87933945 11.81560393
 52.68432638 36.60587856 48.70234572 23.62407167 55.1681233  51.9909126
 26.56676701 17.70022791 19.61609808 50.47321027 42.27866459 45.08224795
 16.13642086 41.97189748 21.79637891 17.99265404 11.90571644 11.80794144
 51.89858811 13.76652568 16.52881416 16.10649449 33.01785862 23.61905509
 41.54299308 21.87152309 13.08640904 41.62457032  9.15356094 31.22247066
 16.28497509 42.87565861 52.16026831 15.67939431 11.38231562 42.0930977
 14.08441628 22.84429822 15.59873906 46.83257478 15.20300697 35.3013469
 15.55733712 55.37122867 33.56783034 11.43993738 43.66782337 32.92979028
 42.15596875 16.6425973  15.84720976 18.36779982  6.25375249 31.99958201
 33.8691329 ]
25
[15.85564359 15.5120389  19.30407864 15.17914703 40.18666351 52.5840615
 24.78334428 27.54068522 15.93964716 47.04415531 11.88586831 14.63055344
 55.76029564 31.92168229 55.67322522 41.17102802 31.80094696 11.50410221
 26.03510936 53.27738164 43.69359657 34.93033306 31.50296542 15.80845069
 31.03536413 38.28330455 27.16783606 52.79329227 13.94224431 51.93302442
 35.48284683 11.58469376 14.68466296 30.95619072 36.31198213 36.50758056
 27.80237498 12.95918806 35.82214683 51.73312913 35.06041468 38.20041107
 23.62440812 46.67080297 21.34715807 20.88950448 14.83842406 36.40912832
 16.07895901 37.76039468 41.49726773  9.52479412 28.7802819  29.76267503
 29.45176214 26.26933752 59.79705223 30.8887908  30.13132969 16.14674964
 12.83074942 33.19231429 54.77106698 20.74720482 17.10065725 21.90490157
 59.35705722 14.47494599 53.34225653 25.45556076 34.3932517  26.81293597
 35.4994701  39.34869447 50.8397966  29.43483919 42.7443002  16.81998672
 52.24311343 55.95429907 26.87419884 18.65967348 56.87072511 47.01071191
 22.2396045  34.7517056  26.7730135  14.95267588 28.5567766  52.64317916
 18.94683495 21.8542325  13.54589421 44.65007858 27.16141284 43.46917667
 30.05115799 40.39795021 28.24637001 27.03580496 42.73381039  8.71464521
 30.06065075 27.69581795 27.04961338 16.15610261 13.65155728 50.50866201
 47.98547463 13.46589615 52.64739415 35.91780191 43.15831426 36.25073468
 51.38046934 57.1135094  51.08320621 45.95767751 51.85784711 30.13532766
 42.39877882]
26
[50.32656593 37.71797374 38.13510905 12.71806878 54.47068117  9.71671533
 37.24836029 39.34886476 19.98939678 39.43257117 39.26896968 44.92392133
  7.74426462 15.2264558  40.16751878 27.8620082  29.9492344  46.23534972
 46.53706868 18.15584431 16.9174891  52.93865157 16.15711058 55.36919787
 26.84832592  9.63504857 47.77952277 32.02213849 33.16718186 16.47270434
 56.88096214 53.20483484 43.53526345 21.24407717 49.2094114  20.176128
 33.69283282 39.08959423 20.19230348 42.62900686 22.44304607 26.28769868
 50.74749524 41.703113   22.20029014 28.57669239 57.08395725 37.79577339
 49.62299192 16.08807591 45.56853346 50.15733358 33.99810512 37.39314771
 34.11901074 29.13893966 39.01724725 21.97129013 14.05353766 10.40559331
 51.22417393 36.81851863 29.5713048  50.46567476 30.75455073 25.97473957
 33.06684693 18.08302735 47.20300305 28.02119626 14.08321135 48.58967862
  5.41153603 24.25718314 11.90648894 23.97269686 31.72369515 27.05107422
 20.12142278  8.05603582 52.35987279 19.94031196 22.56092988 39.8364071
 16.40466017 19.16074784 52.58177171 19.00822764  9.83781662 45.23994368
 20.01718672 37.26304538 46.36645872 50.04610459 24.82935266 41.490837
  8.20362012 28.13490406 35.57955235 21.98842593  6.66315551 39.34134807
 23.48448941 18.12069402 37.01669167 44.74719886  9.74297368 53.7786199
 45.43729542 44.24011747  9.80463879 26.77594502  6.45661493 29.1632562
 36.28677388 11.74231797 33.85829122 20.96582438 41.502621   55.63984976
 48.26467553]
27
[17.30369588 38.49992217 45.7732038  44.72120346 38.46393871 45.51635153
 50.55807309 25.87672877 18.59307379 42.97710744 13.19287287 40.75227932
 39.49092103 11.22066031 21.78356937 57.93066291 21.77060052 20.83494336
 12.98232511 22.11209674 27.09572752 10.99317147 26.52531418 22.14494333
 55.67272671 25.83561024 39.02721737 42.72720522 33.92000604 17.14551684
  9.53394679 16.31243299 49.2288963  33.10060277 15.4425755  38.64344095
 22.41521304 51.85541752 19.94098561 19.01778239  9.9217931  12.59956463
 39.77057444 20.94244885 36.08008497 35.67112542 47.75258854 40.19107786
 25.71748296  7.30911984 33.6472513  25.52428454 17.39152359 10.2978259
 33.83059312 30.88986204 33.65249661 58.40083811 27.07451819 13.73566259
 47.49735272 55.5655746  16.88230232 24.86745386 23.00202319 37.34895533
 53.70037021 29.81053962 46.17645025 32.33451385 41.40267793 22.92532211
 28.20559756 45.98151979 56.24122761 48.05059822 30.06065505 12.64636474
 30.66770269 50.64796969 27.51630556 21.34440475 13.21102238 18.78140426
 29.98744192 33.29203942 57.05247198 53.55078799 18.76864193 46.8316118
 32.35751027  8.56658811 15.76880073 16.441073   49.01291956  9.66669296
 46.85180998 12.949781    9.0226555   8.70651328 23.51582379 40.82233334
 31.84286921  9.17257852  6.50923956 49.02236882 38.32112332 36.50176034
 34.91375052 14.52939968 22.5794141  55.09204707 37.22441152 52.48495281
 19.48006477 27.20760256 21.75314996 15.10053269 48.3507956   9.98044222
 37.73135543]
28
[16.84035604 49.55916339 43.57615184 18.2227724  14.13091185 22.9513703
 15.73859917 11.48032399 18.78107316 28.29499396 32.6188267  52.51480175
  8.66776299 10.59159805 45.1384188  37.29696492 36.18625208 37.38376741
 49.28265443 18.77690308 14.51079173 28.89358974 52.05019282 31.73200194
 55.76875564 42.3714881  44.26267542 48.4994965  27.20186704 35.90730314
 50.91567606  6.90935661 30.20276463 22.6272537  48.99198499 48.43739503
 55.18624976 31.30587907 13.80113754 43.84368127 20.08439257 54.09023289
  5.59653499 10.05846665 21.83073588 28.41534856 31.40791718 34.11795501
 40.88586931 27.24176471 57.96318    34.91221065 12.42780413 13.09437577
 18.28296379  9.45491047 26.88924724 44.66437351 38.02286533 49.87365394
  8.47606464 14.93859014 33.16511451 38.80516538 30.89555833 11.93463101
 57.47649663 44.73380369 20.95922837 18.84089603 44.3453331  40.04000067
 20.53132834 35.4000121  13.73757867 14.21067278 25.80296899 52.83497299
 11.6720319  44.14249266 43.90750345 30.68118504 27.11964006  5.6646318
 33.5589904  21.97981107 51.61893943 47.64521978 48.2709266  48.83421957
 57.47241516 38.99756253 43.64038787 39.62146982 54.03039097 56.70008976
 42.22231315 40.84764375 37.68331777 16.20577749 15.27245863 45.15923801
 22.640401   27.71134371 49.21848213 39.98740985 46.61146528 10.59795293
 27.34713424 44.92357412 26.3672217  35.61170856 33.58141928 41.31615853
 10.5788137  23.87866652 28.13041489 50.59003118 44.46141801 32.60403665
  7.20324152]
29
[25.04134637 14.48737407 11.19614526 31.43068127 26.43519784 49.08384299
 46.5019034  44.84864894 53.46713206 12.93602966 40.17590384  9.2883839
 23.48809367 38.66851072 57.78266631 36.14411279 40.92140029 13.82750136
 50.18673842 28.15060066 21.20124623 33.58373956 32.16219968 18.53785182
 52.14698494 43.45324218 16.80259771 12.2217683  39.26099108 49.69230173
 18.08500827 11.47768259 22.43914184 56.09474008 50.20118153 45.30587224
  8.98863232 20.31736838 53.66672756 54.71450819 20.3770064  15.92804105
 29.8366214  43.75209104 54.65834522 37.67964315 36.53055506 56.33735721
 51.37635231 44.19982005 20.0829106  52.64264523 23.6479819  51.85450693
 36.15758661 32.32202651 33.01078042 26.05210548 27.65781772 45.52952682
 15.27579722 43.19630218 20.22380301 26.31984885 15.94638114 54.48513219
 39.6587035  38.00480872 14.34868051 49.68191638 13.21408809  9.33370359
 29.1445722  23.5662378  22.5123205  40.95845152 39.22737591  5.30814713
 28.21970032 19.76202585 25.58682361 17.48055171 44.595665   55.65843658
 41.82431502  9.87688319 20.06729008 52.15027648 50.95118068 50.42486977
 42.74122148 29.74560484 36.88362554 38.69656596 29.01888144 12.56139172
 40.57578241 50.12411612 19.24310356 47.62624052 25.24315772 28.17783771
 11.73776928 56.47843241 24.38744089 45.43720305  9.95561286  9.9164136
 57.27313933 33.60878861 44.97419847 32.92232306 39.56447137 59.00660096
 27.27472772 49.2708588  35.92383312 48.62201305 30.03447571 28.26853602
 53.43520736]
