0
[23.85503864 10.42610195 22.12555264 21.64545357  8.97170189 22.55355298
 28.22132181 13.47769197  9.31189146 14.14310774 38.86117461 52.10328282
 14.12312641 27.11675337 17.46949607 19.32269484 26.98173349 31.31619903
 27.55895391 36.0688137  38.22016422 17.79993403  5.89713537  7.55553473
 10.83609676 21.85569118 26.36280195 15.90378693 14.55426901 16.41542803
 14.62577266 29.51677249 13.86910427 12.92041478 36.62816778 14.42852348
 30.4451769  24.79217266 37.97665311 13.28601439 36.67183458 12.21799762
  9.13072127 26.37663199 21.91832822 40.43660137 24.57245723 10.21050207
 28.59197226 24.76394733 13.91661713 51.97246713 32.03550315 22.41886729
 12.76602002 25.75966614 25.2808964  26.86275098 28.18035168 44.16050731
 16.84593791  8.71328633 43.32014771 50.75940221 23.77486753 34.040171
 20.3874915  20.22910602 20.94429287 28.38323964 48.62934405 29.72135188
 38.34937985 17.88038   ]
