[22.5078429  12.94213741 21.99554951 12.62422868 23.80682955 20.78844111
 25.02948656 16.14108208 17.25366355 22.47688296 41.76525346 17.81333458
 20.00201094 17.11254336 17.05691477 16.54269555 44.81497392  5.97891114
 17.0791695  16.2932472  45.04399228 40.32845717 20.31641055 24.14060249
 38.99769266 19.85036936 40.16674531 28.75314236  9.8337838  11.49100765
 17.9871749  14.0202086   9.99604071 31.31780596 39.60038809 23.05916291
 37.00315401 22.17846547 29.88188355 17.07091946 45.98330154 31.80271474
 23.38343034 18.18173759 25.53658398 55.44962442 11.84837481 28.74968221
 25.25166662 13.24290466 10.88670884 53.60558171 18.21456986 45.4643508
 20.77706088 21.37492865 38.37075824 32.46287489 16.9591901  15.62818374
 27.86826604 26.95643178 32.24711616 36.84377227 14.89250745 36.16711711
 12.28985474 32.04645061 31.6149591  33.66919186 31.8923824  42.06050242
 29.51027975  7.57567971]