[19.1881678   9.39729683  7.21329363 23.61522969 18.55356073 19.2481792
 20.10753438  6.88037009  7.57296721 20.14293969  9.66871141 24.03142165
 16.28368918 19.52206855  7.83040795 13.25997812  8.24298585 16.47546617
  6.3686419  19.99929147 33.43607115  9.19117902 18.57046987 11.77544335
  6.88741528 21.25036807  8.32313455 18.7955448  11.93576465 28.45075025
 10.89847421 14.03880086 18.58105684  8.0359678  10.89149635 16.87833504
 17.08575154 14.66879786  8.96387194 15.17990949  8.29211753 34.33646621
 15.21082373  9.11410792 31.71758493 10.66951074 26.87257901 24.21983888
 24.41179498 24.00843793 11.71750094  9.98299118 17.55545673 11.51935141
 10.40354512 17.36253798  9.21391835 11.94438398 23.69656599 18.47370799
 35.11677183  6.7841604  27.78970226 17.57646968 22.7156477  16.47889203
 25.11163259 10.84965167 23.86614539 21.28169497 10.86180993 20.52036195
 15.23877781 17.87743274  8.99472255 24.20563985 16.4417396  11.25448808
  5.84655743 20.14385619 12.49200559 10.80811765 17.1714728  10.96783866
 25.43112224  9.60472579 16.20121474 32.6583797  19.48963169  8.25951696
 10.08881066 13.91321485  9.09682143 19.92202775 10.81642927 11.73022526
 11.59867295 24.99839161 33.66483689 13.80854417 18.53948466 18.16806645
 24.95003217 13.32882569 12.08860263 16.24455772  9.06064521 27.72546676
 11.9462606  14.49886463 13.91745375 28.30685537 10.24513166  9.67246252
  8.58220857 12.52746984 16.60153724 22.35301565 17.40169739  9.89763516
 10.67956436  6.64121935 13.99681849  9.30434112  7.19086571  9.59360333
 23.03888457 17.11605709 29.16760755 10.02126678  9.10139005 19.87160275
 13.12780676  7.19831477  7.62599586 14.31723675  6.32744139 23.05679221
 15.37747234 28.30035667 31.76450814 24.91159595 12.0466783  14.05618044
 14.68931171 12.01311058 17.281794   14.53218905 11.85148261 21.77540106
 13.55518362 29.04906066 18.16062019 11.70029335 21.03907261 14.64781831
 12.07886358 30.82356012 24.13467319 10.97313258 24.17914751 14.30819217
 16.51014157 23.90728851 15.24039823 11.77237321 30.72419418 10.24520761
 15.33018663  9.38298403 20.52486963 10.12996457 24.06380543  9.89602823
 12.27374411 24.64823058 17.55701995  8.62476266 25.84307567  6.32584866
 20.83415778 18.45455561 11.20905058 20.90398132 20.85928025  9.39138629
 10.53282261 21.89225181 13.72854535 16.74523715 27.76908279 22.25378308
 17.9145728  34.63605702 13.54921461 27.26069279 10.22204667 33.76445598
 11.5199262  20.86784526 23.05133676 21.88927635 10.78705843 10.13502708
 11.68475013  7.83090414 17.32881742 11.58412523  7.33513623 36.76447436
 11.04486295 16.7572138   8.06395681 31.82109035 17.31818038 10.45476165
 14.17754989 13.05369755 18.18664629 13.1104168  18.17821087 16.28598152
  8.46031572 19.88539604 12.74550299 18.42334832 11.58343073 18.28942245
  7.13312164 12.01471696 11.49612392 17.48413237 12.27770756 19.55289451
 16.50568896 25.86525426 10.33128075 10.95618896 19.3725526  13.18181003
 12.0141661   9.18401332 14.76889927 12.36245904 13.16641622 15.0542734
 17.87145089 20.34059939 11.99947215 11.75410195 24.9968007  16.08903776
 10.89549885 19.09247168 10.01932709 20.41030186 16.75566713 14.11921371
 15.18559986  7.36818221 26.80996822  7.91400153 26.11623047 11.18738752
 15.17235398 17.19298637 10.47227448 14.2478318  23.89002861 11.10696031
  7.39186147 11.87955534  6.11025369  8.26952104  7.44502315 10.324137
 24.83599005 18.81074237 18.87156475  9.20114622 11.7313076  23.04230249
 15.59516969 13.41562853 19.95635447 23.00804932 10.99572866  7.94363122
 10.0212839  17.12806814 10.56484248 12.97124553 16.68266891 19.85288355
 18.47848627 17.55239421  7.41505048 11.44971527 23.19867988 15.91825261
  5.65526744  6.68801035 15.44071718 17.76841175 12.79379873  8.00447735
  5.58401814 24.93225389 10.78158943 15.29366911  8.50758844 33.29997247
 12.46478103 18.44497672 15.36348107 17.843339   10.34977331  8.3716288
 11.53982458 23.58070406 16.23774864 12.87239965 16.75373058 12.20872655
 28.45459319 23.98444459 14.97931855  9.70317011 13.57081086 19.59136146
 19.82656902 31.18151887 22.70666799 32.46470706 13.8315614  36.34975334
 12.16315371 15.12552527 14.68414746 21.8848123  23.11971267  9.4727748
 11.33430252  9.72438201 12.09053113 25.78441778 31.79361585 11.94642602
 11.5714092  20.46128559  6.29831734 11.03347014 19.19177424 10.60267828
 13.80898175  8.57053763  8.08619573 16.69152073 19.95992112  6.65279871
  8.71112827 22.05995908 18.39881574 14.03272584 10.91740653 30.47134929
 18.99258269 19.02800926 18.52190259 14.21715244 11.01208565 19.8583797
 21.56167638 13.33098123 38.24547274 19.3986096  16.01031425  9.35330622
 12.12723884 21.87373247 11.97780742 20.03157251 19.00667375 11.4634091
  9.71966485 10.61284426 25.92367083 22.70231458 22.19408064 21.811563
 11.07484116 24.91393868 10.59885531 11.82940175 18.13491936 12.84126303
 15.79088711  6.46863312 12.20836246  7.72485438 20.70854563  9.66034272
  8.09550174 14.64609688 12.91124762 17.12604648 13.92546088 11.89894568
  5.5265342  13.08988356  8.50086488  9.45462915 13.13322287 10.79991755
 33.68765358 14.38988842 10.58801778 26.31632125 19.45177533 12.56864117
 30.5530446  14.80186518  8.15414508 12.58870026 13.93580078 13.97667661
 11.27714776 23.18091697  9.03819037 16.2697155   9.07577395 18.44044951
 14.56409729  9.08824695  8.45818494 18.18302971  7.6584515  29.469745
 21.69763401 14.90049178 24.0833676  15.82417576 14.28246342 11.92603344
 12.02512696 28.85558085 14.17194296 13.26204712 14.44731805 23.0595384
 21.43384756 27.99384963 12.54201273  6.10624705 10.65908839  8.88875164
 23.80526919 18.52920883 21.6569927  12.48282957 15.3277971  17.6251178
 12.19083996 16.22958296 12.7476243  13.80328275 12.42242171 16.37893671
 17.05129241 40.60237937  7.52179455 13.24952978  6.22576247 16.74821071
 11.68231302 13.28862812  6.67097354 15.90167569  5.67525061 16.5116667 ]