[32.5889666  25.83448803 30.66172417 19.76948001 50.52848401 56.44473838
 46.42512829 13.89882656 11.9711029  46.92269914 35.18653617 26.37269274
 48.09106025 10.88933241 27.70064906 39.72247669 30.10821823 32.73161432
 50.68941674 14.6857607  18.66912929 44.78501215  6.8341553  48.05415381
 44.11513617  8.65177251  5.95764038 30.41276635 54.07806273 34.51001206
 12.54268421 54.08510719 45.16726965 28.7876854  58.70752656 57.79026327
 20.37898786  9.5390136  17.36891381 46.57529043 55.38559188  6.29868754
 31.23685397 37.61703924 51.41813006 17.88739674 30.74607701 31.14604057
 37.35457966 19.89798893 45.97276246 21.61558367 10.69440576 39.83453718
 42.04610723 28.89816946 24.55592257 51.03479747 32.72964206 33.54290159
 42.31725768 40.45374557 55.56644651 27.19639375 12.82084452 24.96338615
 39.08697921 54.02565285 42.16940577 22.32000529 44.45827278 26.43944325
 34.28012626 47.60205328 24.49637819 43.33352774 43.06479146 33.70789371
 23.39893911 15.93884725  7.05672092 14.95026498 14.49444283 54.30941892
 42.0605993  43.00182945 13.48421854  8.60539691 20.34749158 43.69852065
 13.42409971 22.21462114 52.14366433 18.72623441 13.90881875 39.89984448
 53.11939772 22.5015961  34.34121193 27.8094418  29.74445204 36.95924144
  9.95229438 42.16334106 38.30087833 48.22048399 12.52567433 55.22527278
 18.89476326 47.49831617 11.49320209 17.80897047 49.27418968 26.01477821
 51.17536335 43.99439223 47.92758743 16.78697728 48.40454387 39.7367125
 56.95114535 38.366446   45.9978407  12.53841426  5.70417708 54.36377322
 45.96816986 54.42667608 33.11697726 14.83130447 23.10448167 42.35668414
 30.82854244 10.52168919 44.02328774 38.96054417 57.38018423 38.01633293
 48.38055067 57.01617444 37.67577902 12.40081686 50.47565783 41.02281548
 19.50910853 28.6177608  12.70578805 34.37135542 41.83846452 25.06457732
 22.11023036 51.23361047 51.06972822 17.39591817 16.00481692 40.82956105
 11.74680914 26.13989743 58.28154548 22.90101902 12.77522323 42.78808949
 31.16967872 55.69061274 29.56722176 43.39909617 58.41990235 41.49382107
 44.21302469 22.51933495 39.98270851  5.50216985 44.3875537  20.9534791
 16.37276117 21.75761033 50.59706082 20.27035053 45.54238084 16.84331782
 25.93190823 23.02397023 50.11784922 22.17629748 22.10493046 52.764025
 59.40474577 27.14081674 42.68400662 46.28728888 47.58864671 14.85157362
 12.46722438 39.74003645 10.80826148 18.16035975 37.73791141 39.06461931
 44.88284546 40.67632655 31.07591532 33.76138354 48.35520682 51.83847413
 16.36785035 28.33362003 23.02187823 32.64024421 34.74342287 18.08877476
 39.06265618 42.95431514 17.70797089 29.01661133 29.01931923 20.86674029
 16.35906658 54.75865956 41.00206956 10.06440801 31.00019039 22.71545851
 34.79289765 52.79732651 45.47475358  8.79842808 56.39968124 47.60829445
 46.08848523 51.48294875 48.2848882  27.28784368 49.62425499 39.42388914
 42.929447   22.96477879  6.39554225 40.91468104 28.0293593  27.69406033
 33.83895172 42.14858008 30.82065548 39.96607849 19.7740014  50.54238919
 51.86026897 50.03463157 34.81805262 21.9144997  43.26813451 27.49015244
 13.33207902 16.14362558 28.52672799 28.7249222  48.23554336 50.72522161
  9.88830907 41.24874506 43.55836115 17.61610641 46.71908073 12.54864689
 30.20658733 52.65514683 34.52176865 32.07395565 49.97679825 38.19352379
 32.26444737 54.59465843 50.52122511 47.56220448 10.95727753 13.99597152
 16.04530814 49.28495042 17.43929818 22.9428764  48.15563757 43.84005917
 29.24185848 29.29911094 34.42474625 52.41090027 19.54302758 31.97437171
 47.51659283 26.09061236 48.87286592 13.12785024 54.98559727 43.49194536
 46.19645301 45.28507099 50.32514722 41.44627962 43.50775631 53.59715043
 49.04002988 53.09617759 55.04645295 47.98808193 33.31839509 52.29694968
 28.05913744 25.91398513 23.51957674 49.56704049 37.24827538 20.79229675
 38.68365698 20.7107387  33.26186431 55.3412663  40.86923557 32.21956543
 12.5884954  50.87213279 14.14154597 53.06102735 50.85785884 25.0168867
 29.23037206 31.54870189 28.12471271 52.50181702 32.30197753  9.83561397
  7.07076748 37.51298806 24.16120662 31.2566881  26.4911335  32.48305861
 48.70455478 22.74583863 25.42477615 25.59628988 35.11382663 37.11869764
 55.44330796 52.44790939 18.84398963 32.97291514 28.272023   36.8566421
 23.93806657 37.48112096 32.62855985 37.4817882  35.99042075 54.97760551
 40.19189406 42.40945878 53.34524094 34.01161763 14.77495795 51.07540116
 18.68886835 25.74632814 34.82630605 47.38002943 48.28078845 39.45626657
 34.28564453 47.94220632 39.55495902 27.6946755  19.01403365 23.96666447
 25.38410271 20.25917651 47.09757251 34.34651546 34.74888878 44.62209186
 34.63511108 32.8838542   6.37878381 13.97327999 55.43372197 53.84547909
 54.0946321  29.94116798  6.41778741 18.04148025 31.75049769 16.46246622
 20.83480283 56.19656651 36.68734977 35.49218311 20.11265647 44.38179857
 57.56951494 36.63185351 32.15447394  9.3081673  54.4839046  46.89192896
  9.17879861 38.40636699 39.29918816 30.47744486 47.26173938 25.54329331
 10.44443504 53.80586911 53.40737286 13.77232074 36.54853657 32.9638766
 32.97351921 12.67362496 40.6353979  29.38229854 16.91717997 45.61568296
 26.348325   39.16435822 48.10815494 22.91230208 41.77107664 20.39586215
 14.33918445 35.17438587 32.12705718  9.93729983 11.21419264  6.80028373
 50.39535012 31.88319853 36.83919157 25.29286991 32.29888994 57.30435461
 33.65104562 49.74862045 37.86812024 41.66460793 17.28955612 57.68713525
 18.03299366  9.81737835 58.27399978 29.38529362 44.08532908 38.20110171
 13.60379894 51.62435683 23.82029992 34.60894975 23.23439786 12.49873479
 39.46532331 28.07367767 15.55898794 28.97981991 23.05489223  8.99439699
 29.99542872 33.11712839 25.69422212  7.49365548 26.58183065 21.12299214
 32.48847658 12.05148402 46.82589917 22.57380583 56.78523837 31.60225736
 22.61585022 18.90045284 13.48464846 19.72057986 53.99020878  6.27383887]