[35.05561819 29.40251463 23.39614475 12.15720533 16.01043271 19.01546405
 29.66077798 26.41549373 14.49418486 13.02457818 39.20272213 37.01155444
 32.26929286 27.87430333 19.47007432 22.29636661 47.16093075 18.24455535
 14.81613764 19.45354193  9.26456009 28.27419681 16.00564114 20.76578862
 11.69577536 23.63034431 17.98659401 33.48181375 36.94077911 28.48480944
 21.90445494 15.67075835 21.90690394 14.83082238 28.25598559 16.26953543
 32.61252487 49.73521269 48.58670686 33.54361307 22.14083206 27.72944201
 20.68145259 21.47608563 18.48593101 24.39409129 24.60318575  8.98088174
 30.31991103 15.45299123 17.84605482 24.65021497 42.60356059 41.74740323
 15.6538349  15.10892177 37.02937694 44.48528767 14.07858738 33.81457073
 18.20707229 22.16478304 17.36627505 36.54754632 22.05334032 33.26954767
 24.10068431 29.30458592 19.29758534 26.11967178 21.56238611 36.07293496
 28.5677711  24.3299326 ]