[24.26260929 21.3639736  19.02154706 18.91445668 17.16287288 10.57261668
  8.04940274 26.77219192 42.85531857 25.72004921 22.75270936 12.62429752
 26.64434864 17.9690675   7.92103167 38.5618604  17.64378611 13.08160272
 26.10970529 17.56345975 16.76009033 19.707092   16.99407426 15.59299337
 14.53639515 19.46240844 13.02062446 11.13229729 26.3960755  17.41929722
 23.70444548 20.89679987 17.3057892  18.71800265 22.72369239  6.99025901
 11.69584624 25.63432193 17.40967932 15.01445675  5.99012424 14.09494302
 29.29968408 13.0600264  31.85121138 17.59459912 26.47138339  9.59296548
  8.93336706 10.42303405 17.38406426 14.94674189  8.36517688 18.67592395
 18.67994894 10.66320763 18.1190416  24.36124674 14.01065207 18.95190975
 10.00948427 32.63239335 38.12377535 40.46686014 36.27600055 24.77234461
 26.79560623 11.9116834  20.5108603  33.65236527 22.96937913 22.42033172
 11.10640441 22.65564692 12.06841084 13.32868911  8.49131815 21.31782331
 19.01027041 22.29268207 26.1546561  20.14807506 25.52925976 12.40998394
 32.09369646 13.55495866 15.1080077  21.85744905 32.12687949 13.70877014
 20.09724304 15.58935105 34.31669459 28.22259837 18.89899541 26.75487017
 11.36700413 22.09908478 21.47591846 24.90489585 17.7619701  24.10224444
 17.3206573  33.68579734 23.73668174 18.1155228  25.02884204 18.06905101
 10.0468199  13.98105449  9.98186062 32.95829142 27.39871488 33.14054573
 30.81899666 14.13660931 15.34977338 13.44994799 26.35311267 18.77683704
 19.32569593 18.57707075 12.33667053 14.62757112 15.25603723 16.67300437
 16.3664653  19.89724191 25.99703394 33.94100934 22.70253545  8.90014362
 15.32598908 23.64610955 15.32500741  7.49493514 16.8511901  45.88378787
 24.09970156 26.57855636 16.82588543 19.44246004 15.68477017 13.60103489
 16.51903391 20.52634097 15.96074222 18.76400805 42.27044326 26.20891871
  6.47480093 32.4435346  30.84435348 14.83920581 19.26395677 26.59167173
  7.87054037 20.04881647 18.29846451 38.42590609 16.79571934 12.22223889
 12.55460241 13.94339653 32.21988794 28.41226071 17.04237188 10.95301034
  6.71793003 22.4386414  12.33630854 11.40642144 14.96608612 32.00378854
 22.89758345 30.60387197 24.54269501 28.67331422 15.69833607 12.82115868
 20.76639261 33.47407757 12.38962984 14.07703467 16.11539376 14.47521932
 30.18238142 18.89685094 24.06992678  6.94077269 21.40520256 12.9776438
 29.63018356 13.16431349 19.99980266 31.2898971   9.32224342 22.97929254
 19.31863558 22.00544609  7.36969643 22.88875411  6.30322225 14.3749732
 14.37274167  9.49721573 21.18276968 17.1294082  23.65560377  9.98241632
 18.21473615 22.01557512  6.97444863 14.05563294  7.61210965 14.30715956
 20.75346567 22.3973435  26.15417598 17.6233599  31.38878787 22.58633381
 16.7493954  15.10386103 24.2379701  33.18735419 31.64259226 23.28341522
 38.66037772 48.52660777 27.07456859 19.25903656  7.10001489 21.77106437
 13.3630171  31.12676861  8.22982157 15.99208644 15.01323201  5.75621571
 12.83258621 19.73717071 31.51524721 14.66328763  7.09971825 16.90029711
 30.66503407 12.4426495  10.79352961 16.69310226 18.59822291 10.83107379
 20.61598824 13.99746084 15.04161755 18.89884274 26.11776941  9.39526888
 26.01351391 23.25127116 15.63762509 23.938456   24.35699529 20.78983053
 18.56406575 25.7919391  28.72621517 14.19789042 22.25004059 40.24267119
 36.39031094 20.37147741 28.32907613 12.35877823 18.96716144 26.07929817
 15.91435998 17.73517856 30.29493358 24.01181837 19.33862077 11.11972514
 14.662498   28.52103154 11.21603159 17.99633848 16.12796066 27.03828271
 19.1918584  15.96256968 12.88236117 25.51706694 32.64727215 24.93792543
 18.71552768 19.98323504 23.49274846 10.86872615 16.12260267 23.98039654
 15.03957523 11.82316831 19.46358161 24.6932367   6.4317104  13.5225858
 23.88507764 31.6525639  23.92418121 27.1977732  25.62852916 18.86523775
 17.62885121 16.10034526 20.05092122 33.86208506 24.17597862 24.3054437
 25.08039724 20.15851409 21.43975983 14.09731239 13.00227292 35.21164723
 15.65725081 11.84655389 17.41489551 11.01028488 15.48293915 18.27844518
 20.69055427 38.36323804 22.87680304 14.69382454 11.98831956 14.98768201
 14.26324172 13.03485012 19.15120768 10.43711503 15.30993307 17.10080299
  9.14347723 19.72763704 27.52411109 17.9041615  18.24243845 18.85178951
 32.61899861 33.17684877 10.65337807  9.2002832  11.66180259 35.43496325
 21.35688248 17.58281414 15.8430818   6.86691293 17.37649125 39.04431286
 28.82971249 29.12244889 15.42981793 13.31895337 27.44760284 29.35951085
 24.1189587  17.87901055 18.33660328  9.30107108 12.560113   17.83229843
 13.09679744 13.31045666 23.43917875 30.1350951   7.22074307 32.37376528
 10.11824683 15.39186151 20.34211206 19.70532735 29.02363159 15.89617254
 30.37143759  9.14659113 30.97945946 30.37466162 20.20776273  7.06456087
 21.53089462  9.91221552 14.80912998 23.03354843 19.07233442 10.91067042
 23.80242612 13.49774207 11.17654372 27.91124937  9.39210083 14.04926744
 27.08512789  8.12868183 19.41359005 40.83252293 19.1935295  22.94660406
 10.88945936  6.10456489 24.14909819 23.37515036 17.85261001 30.82772956
 11.78011319 19.10612838 25.22186845 24.54041253 22.33692876 32.76058416
 17.3159495  27.63116553 28.06553267 22.83725456 15.4476767  19.32262673
 19.77592401 12.3469315  12.62774855 19.03110271 17.54633294 17.038872
 26.97181006 18.35675418 10.83352859 20.61635446 23.86546683 12.55304099
 12.85697093 21.13888255 34.04465439 10.82111801 37.03953357 17.78520872
 12.89321941 18.29300253 21.95263724 34.00422562 17.34043765 15.42837684
 15.09957427 25.51483922  9.75624266 21.05753789 15.85793737 15.7082689
 11.59692279 20.7285075  17.31391778 16.62451408 17.21410811 13.91775746
 33.60166107 23.24211312 20.20682001 25.70919974  8.40417268  5.82518237
 16.22074632  9.72699903 14.01702068 22.36040546 24.17496094 19.25332216
 24.08513881 26.44928778 28.50311445 22.48485223 11.78867819  9.78039521]