[49.20719837 46.09979726 55.3007733  54.4693166  52.503846   47.27100803
 50.425374   48.65839773 25.97644358 47.38668972 55.67297216 47.81402563
 37.55451771 54.2128362  47.6091085  57.88658176 54.0560416  54.37226216
 46.80437209 49.67484684 49.45138261 46.30312505 32.72745289 46.28294017
 48.15702436 55.50665109 45.9006878  38.46988982 56.55514608 52.49120342
 53.99575522 39.6600821  43.93185969 54.96178345 53.20047125 40.74180422
 11.85870545 52.10065362 45.77291354 17.42822328 46.13161081 55.21302711
 51.89299946 51.51955418 40.31907621 46.59570753 34.80048899 37.68455864
 50.53387196 54.47818194 38.31071695 52.19732345 54.01275978 35.41405933
 50.5434266  46.36681081 52.18190627 47.43434376 53.48105264 45.89848654
 52.22613956 50.41556542 56.67199457 56.21151314 48.11425591 46.67257804
 52.91817724 56.58114253 51.36584189 38.81326681 53.77779467 41.26417792
 46.06175851 53.93144504 55.18930427 54.27251665 54.39314469 35.32451943
 51.47927867 51.80367166 50.44632788 42.02422424 47.04200491 42.38023647
 42.70720217 56.47788569 40.94080695 44.23812028 52.32727309 43.60225355
 50.50133476 45.27413716 39.50557477 41.36613491 52.1799316  47.58072442
 47.07192463 53.38172799 46.32193106 54.4621151  53.62412255 37.4255408
 53.80051414 26.2093309  43.67727214 55.45388977 42.74034953 47.3364381
 48.19888138 53.61807442 52.59322784 57.03180489 35.39915246 56.73224197
 49.15077617 51.38560183 42.39954809 55.38641862 45.88561142 48.55982639
 55.64955104 44.0492218  53.81854428 54.39962439 32.49267072 56.71587349
 46.99684579 50.89617839 50.17916707 50.81206039 45.81242352 32.74762889
 48.52020124 44.32449288 52.54444139 32.31540833 54.58050739 33.84386714
 55.13617595 49.24081572 55.22862852 55.88291104 48.77211774 57.20852522
 51.59958959 49.5856577  54.4060609  49.95430597 56.37403665 54.34942168
 40.3112305  47.64020531 54.64069446 50.81455386 41.16895552 48.74006078
 14.63505744 46.14310167 40.20481104 53.84579431 48.01465989 46.99071677
 39.89575782 51.39660554 50.59369825 40.97419091 41.76650707 44.59046574
 53.41713904 51.16121608 47.74699164 41.91833347 52.31307831 52.66622228
 55.09070529 14.21479677 49.90366253 54.81744659 36.6930831  51.81065879
 49.7856773  40.24673738 39.0881467  53.73836672 50.96237867 53.00405835
 54.81431854 53.27512495 44.45405315 46.83896204 56.20986308 55.15388688
 51.72058385 44.64045648 36.03795592 42.07660724 24.66637736 55.07701007
 48.28040218 49.29224694 42.51727231 55.07395958 41.90929061 47.3990607
 53.13378742 55.01822483 37.71130801 47.58689496 55.96807887 46.15467322
 52.49902423 51.60245316 44.57158622 55.4856572  50.40246521 49.00923995
 45.98204696 51.05082311 37.75759327 49.00461516 54.13652025 55.55504938
 48.19039056 43.10824508 55.3734345  54.37603681 51.78807348 44.0806169
 49.59128924 52.25551334 35.44741502 51.39616159 49.45373893 38.15732332
 48.61300494 51.01965744 53.87099555 44.28678314 40.52793449 54.93258102
 40.15064425 40.7592373  54.4267974  44.38405923 51.53663627 52.54717525
 50.63416022 29.12509655 57.42686134 37.21034397 53.28061835 49.30918567
 39.93140984 53.46568309 51.99665247 45.38384986 55.2389375  52.93036193
 50.67283444 55.74288496 49.06406572 46.39255691 51.02865943 53.66670133
 51.30340382 48.96058461 23.02773309 50.83372249 54.74125077 42.22404026
 48.76951477 47.55627748 38.75432747 40.15549538 47.26220664 53.08245483
 53.77167604 48.25964669 50.70269389 40.1233552  46.84831723 54.19752457
 55.50146096 54.29262396 56.95688501 50.16433124 31.04369915 54.25002943
 43.71708177 36.50342354 35.31000934 37.23597642 52.47373448 36.31794979
 48.89072059 51.7454033  47.59873035 23.11815196 56.95345951 46.81035552
 53.73254483 54.12831377 43.42655333 41.83618327 39.45105096 51.15412163
 48.41245694 46.66224937 53.8467594  23.21823011 31.49520732 50.16940523
 48.31325855 50.62894614 51.27380567 50.3795869  33.66447903 44.85599957
 55.80254646 48.68125692 41.6575674  11.98426591 41.78807342 48.56373421
 32.90558609 50.50615109 54.32887759 46.069492   54.54440529 39.3499735
 53.56424939 49.71555915 54.93943468 32.76321464 52.78327553 53.15945052
 49.26868082 45.89284195 54.68831901 48.53103057 51.13450147 47.24231496
 57.86724541 50.85990154 55.86097772 38.50904059 46.68492993 55.95053799
 42.98651683 39.78837558 44.65004077 53.6292892  43.39993561 43.81266565
 53.10262598 52.41646819 55.53905368 44.41838368 51.71119739 45.10892475
 51.74459611 55.11426392 53.38293807 52.44498039 43.91876377 47.69008348
 47.26738149 54.17640525 43.02723478 33.14976837 51.92366606 48.80086281
 39.54820487 45.93389866 44.68328695 43.0685615  54.32035489 36.79415963
 56.22168291 41.91652759 47.54792953 49.00185367 53.70777632 44.89506808
 48.19973733 52.76700303 47.83566619 49.15721679 45.58308375 35.12885662
 53.25335863 53.03866972 55.31443786 46.18310876 30.70500827 47.80408969
 34.58073925 55.74490832 54.94115559 35.55528946 48.78838862 38.85442434
 45.99710687 53.63123124 46.25813412 52.83954517 48.48694457 21.07492673
 46.38982474 44.57511222 48.5570787  55.45874328 44.0290208  36.8067916
 54.20875563 42.98014719 50.15548835 32.55481195 48.81747782 50.97758903
 51.01924085 55.59356259 46.90481413 52.18973362 54.99592453 35.65835622
 45.90068477 43.66107548 53.64060742 47.68329521 34.82873269 56.02033057
 54.79017647 36.5543294  52.24975176 53.63232414 48.26118616 49.34332928
 49.38883238 51.71769634 53.84250765 53.95613607 47.31685065 48.62765583
 50.13545728 43.16378717 52.21651645 33.57218251 53.1905876  56.68542129
 56.53543576 54.65966763 39.44511875 37.2953331  46.07817671 30.0547334
 55.55350809 54.24885794 44.54277781 45.10719675 42.50038871 52.84346774
 36.55355791 48.97731082 53.78267657 23.69414231 35.18792029 46.89740928
 49.28502402 52.46817294 40.70038332 42.84707122 42.04117961 54.55818636
 54.6673659  56.46539473 50.32537888 51.08030002 29.51641134 44.42777095
 45.53475026 33.64510228 49.92162368 52.95704183 45.23742574 42.99833174
 41.70862215 48.01074913 42.12381897  8.49057179 50.33335868 51.47190969
 47.07663228 50.1919314  51.16077164 53.09781496 53.09217942 50.86310116
 45.51884201 54.09375385 24.42203081 49.29189962 52.69299105 53.86728312
 44.58506148 50.52658355 48.31795999 46.18459476 43.02983791 43.38346166
 17.43098048 43.50812155 48.6175515  42.40591582 46.69795761 36.76541556
 57.53277047 54.57085412 42.38261368 43.62555384 33.40840074 49.21475401
 52.83406682 43.60993302 51.7000202  49.38136169 50.15350507 52.8521587
 27.94904743 43.32129587 41.38216715 47.14992657 54.30892395 55.50271144
 54.2259684  52.20418556 51.39937081 54.59176812 45.93536474 49.66322151
 52.00500452 51.64004563 42.04089721 51.81200201 53.48240043 54.88246606
 47.45424618 46.03291517 43.47921042 53.70593747 42.7095475  55.4790301
 34.40781469  8.19332089 53.32282665 52.40619202 26.82164585 46.92164493
 49.26536186 49.43706666 48.09309713 46.39388321 26.7288073  53.58507548
 53.84949104 47.9336132  50.12758213 40.29118764 39.06795133 52.70347221
 58.15943784 54.73377884 41.32009398 46.52925272 51.56816575 17.13255211
 54.18274611 40.65081399 38.50388171 46.60539518 54.22221086 52.8195125
 43.06095578 50.00652987 51.65584372 44.02639354 51.14190626 49.31215672
 48.08191231 48.23944125 49.29462336 45.71277884 49.73732811 35.65333049
 43.92657206 52.76236683 44.33254691 32.18093269 42.99925836 53.73835153
 56.11267779 53.81985122 56.29608238 53.51460522 43.05374814 45.23663841
 54.28803564 52.54529421 39.9699373  52.86183366 55.60401149 40.60555581
 53.83938407 42.77229087 42.09805887 47.6321685  51.50808852 52.25834482
 49.05436554 47.68977386 53.56541331 34.8028172  48.17641612 51.54793733
 40.73712654 44.91920531 53.25806612 54.35274681 43.60878869 54.03076636
 56.39016025 31.52481344 33.58635888 55.08771835 57.21094867 54.98793976
 52.42870521 52.3315875  55.90175497 51.55438735 44.25763189 48.90400203
 48.43900975 44.46459905 29.02950506 55.95542869 48.97306463 50.13015242
 49.97060306 32.62183171 51.61706299 45.73101001 48.9661938  53.10914094
 45.31948878 38.94642893 51.8101503  46.11969757 45.23010824 56.08303468
 52.23631955 45.51271546 38.80320208 28.25341266 44.19636201 52.75916234
 38.88633861 54.97045301 57.08537808 54.5279217  53.40400217 50.09393658
 39.4657928  53.50239216 56.23811772 45.05688344 47.88888519 48.10168871
 39.35714811 39.50655711 42.72897382 42.41448675 48.63541556 46.81671321
 42.71924652 53.32189275 51.71396753 33.5862321  56.87458584 46.39207639
 50.41393816 57.95061869 53.14266153 44.11831376 49.07348376 40.91667224
 54.12007829 48.57127436 48.02518732 53.23951436 54.38582308 51.57892008
 31.82830368 52.61359815 50.40147687 53.88323676 43.16954255 38.95476793
 52.71694514 54.54191298 46.90648163 41.21297269 51.66865756 58.46443564
 18.47523175 39.2019068  52.13428468 54.32212281 55.76026699 45.31134469
 47.97532726 45.77874012 29.0387742  36.589456   47.1869933  45.95333367
 55.75665217 52.60352745 56.11255663 39.26678534 32.68247034 53.90767048
 49.01423241 50.79488085 50.85604735 38.66310014 44.81408892 54.19665983
 37.39137557 51.69701867 34.02219745 53.31568812 44.02892093 48.41130916
 52.64704561 47.95223846 26.54298034 37.91298074 46.37371306 53.0416014
 30.63414042 54.1458373  52.57412693 54.05027226 50.24454046 49.44259544
 51.66364715 50.51721949 58.33447979 53.53616403 53.25912312 52.64767014
 53.3481145  50.34432234 50.55988367 41.7668462  55.28777796 50.92122459
 54.94664024 50.66760775 46.01306147 53.45337989 50.96660814 18.4756611
 22.4062039  53.55721718 50.91836679 53.07261986 40.10719888 35.43197989
 38.35884474 46.85547583 55.62815056 51.5156213  17.72058219 43.14184975
 51.05233805 43.53134163 26.02256351 36.27524978 56.10111201 42.54353418
 38.70320963 52.92158846 43.76617058 50.35206288 35.63534311 57.29586238
 46.4622309  36.26909328 42.98029406 49.33627638 44.23633754 50.59954243
 51.98990129 49.54062837 38.16403901 36.79250676 53.53015997 56.45475551
 30.39929332 43.68813625 52.46060522 39.67489989 53.20623679 41.7924067
 49.40468396 51.52379664 53.07550485 47.26535667 42.62271765 56.26503777
 52.70725841 50.85731322 41.84106324 50.66488425 52.71111277 48.65106986
 53.60522734 42.17940976 53.80427102 52.67338057 56.96083627 50.09310122
 41.32395622 46.90129415 50.8298196  36.88026085 47.77587216 27.73529697
 36.27970627 48.08839819 49.01335528 32.58933959 52.76069034 50.8047891
 50.03594621 53.10110095 48.71536063 32.05495037 54.61831197 55.2151063
 55.70871041 42.08231105 52.88199862 48.20155548 52.48218088 41.63582067
 34.21636748 40.27368516 48.99749756 56.65632164 54.1614699  55.56330599
 50.73860279 56.60532293 36.15210403 41.81507331 54.67853243 54.66389442
 54.05399755 48.98633396 46.86707717 50.72888552 55.07807092 52.52735537
 55.16730853 42.52645913 51.55670247 56.04665906 54.75650476 47.34353868
 52.45746732 49.22327271 54.07550579 48.63535822 50.12306627 44.56809732
 43.4652746  53.19335393 54.98961293 39.75641959 48.52848571 49.27469229
 54.24841974 55.62363926 39.95180891 54.21572606 54.20395724 39.45791541
 39.02007554 48.9025225  52.55312195 50.12510479 52.02123091 47.64227101
 34.8761564  48.89435048 47.80561625 38.13505761 50.94222975 39.81721698
 41.7293205  53.68313263 40.16477919 36.53746368 54.59032563 41.71330585
 52.01056781 43.46012323 56.00710548 35.99577348 31.38532015 27.16536311
 22.17232708 53.29579509 52.27995888 24.05577735 54.96064031 51.95438311
 51.63728636 49.28130668 51.84029564 53.21015496 55.37208728 56.81212611
 48.0634439  56.79665362 51.81436021 45.21862158 37.93120762 48.06557623
 43.81877875 55.80755882 48.48634902 52.6502328  55.6753628  50.41071542
 44.18174039 51.52424579 53.23321021 52.16961777 53.5046368  51.53270137
 50.88241448 29.91749799 28.83260043 43.00310094 31.88723862 38.70782625
 40.71054266 47.21183702 47.38604691 54.56977245 41.84549236 32.64235137
 45.44004907 44.87829492 48.17135898 30.10686917 50.68714922 54.12148025
 44.51054272 49.19139562 41.47948582 55.03038441 53.48998401 53.65301103
 53.38244608 51.87641624 37.31249612 50.63282153 53.83249599 56.42293161
 22.27105243 52.65725664 52.77708916 51.30591851 42.48456814 52.48089327
 54.85004438 42.62557517 54.76238376 41.65161352 53.41788379 57.75927009
 46.16289433 42.98123157 48.259499   48.29670815 54.1923222  46.33233068
 53.75819492 54.02405567 45.52139571 54.99352586 39.51078316 56.03961423
 46.4179036  49.93812548 48.31852296 50.02204601 55.93436142 55.33057918
 57.17034331 51.55336302 28.83665979 46.58052907 52.38531424 43.17198865
 50.90145369 32.79771879 41.50053738 46.43597141 55.69752146 45.67825185
 33.3833579  35.45917842 43.86823576 49.09697157 34.44059544 49.87870476
 36.12410987 53.09864211 51.51735717 54.73108909 52.71522376 52.11866762
 43.67183975 52.2248682  50.63588084 48.42621987 49.88052526 47.22137559
 53.12209245]