[29.23872268 30.79102547 20.85236917 26.82912308 16.01926715 14.39325503
 36.1673848  22.35033334 31.63240478 12.42347046 16.14125157 11.84760274
 12.88357915 15.19592986 25.88950436 11.75164742 27.73168806 16.013627
 30.80531269 17.06791649 18.35212373 24.89527261 41.07654776 45.6255633
  6.71872322 19.80957254 28.76422259  9.12250176 31.03682177 16.16886406
 29.43936181 16.98864815 28.46972184 26.76918375 25.35851417  9.25672326
 17.22235929 16.61095607 25.07783518 46.21846394 14.15126053 12.68375005
 35.9583675  13.0967958  23.25585604 17.46481759 17.99590459 28.17976664
 30.47459326 23.77171261  6.45507081 19.65359816 19.01300001 32.41859784
 17.20691204 14.31321391 27.20224456 28.36596176 29.86133781 28.12792749
 11.09003528 36.43969321 28.31172616  8.51218872 29.45791212 33.15123728
 21.20892796 17.84411245 25.96055084 32.26593355 32.8139086  28.92540886
 17.83387846 21.88782912 36.31865584 28.17636952 11.5793492  26.56744789
 18.57811685 34.27762593 11.04965493 15.53783387 11.24883569 22.8449754
 31.75099806 20.29417666 28.49542197 18.65455079 25.44895369 21.31083298
 14.08485085 43.62525957 14.91367411 15.08250571 21.37937793 20.47939765
 20.61701555 25.69088971 29.6724745  19.61673526 32.17004938 29.75823244
 30.36499129  7.15917873 27.11613405 29.24419714 36.45855628 31.34770975
 31.08700548 37.7371734  21.01500298 15.50818702 15.55417494 30.33771461
 27.37607834 27.16096951 11.07758126  6.77865573  9.79541767  9.44974663
 16.25641849 28.6314425  32.18221119 25.18915814 13.06735045 21.99173945
 16.53847754 20.2698121  19.15114398 30.00435108 19.85822574 27.51547859
 11.68005862 11.83957496 44.65158478 47.26785514 38.54865285 11.42668288
 30.88134489 35.10045081 23.32500105 13.24396226 34.09728004 27.01333403
 27.05461554 40.35808293 30.11291653 29.70447869 20.63905306 26.85760976
 23.53336798 24.70911334 27.52234547 18.56375226 20.45962394  9.14886475
 38.56772623 36.55022367 22.30342093 19.61403977 23.18270416  9.59070901
 29.81726668 16.85893356 15.36633938 21.62650462 16.89535563 36.17348546
 28.33516174 16.92751601 16.91328168 38.73494112 16.2130622  20.37688661
 15.67404629 13.38592671 14.9615884  26.30206351 26.36584677 13.63995233
 31.79895106 14.45588263 16.04063812 31.67740244 23.62132449 20.10634357
 14.40539316 13.03992236 21.90467183 21.16516778 21.58624481 17.99808873
 26.76726952 21.90029384 32.09967537 15.03119785 21.11266231 23.14812656
 25.06381209 14.48027674 21.4290007  27.59289126 12.57660212 11.41595678
 27.8759719  27.10784446 29.32639329  7.7884924  18.60300529 14.42238654
 28.7062271  36.09464622 27.6692207  20.59688911 42.92834234 35.28772125
 26.3556091  25.73740474 10.64388782 10.58079147 23.32881472 13.09369537
 10.20211683 37.62978919 15.17097344 10.3870361  29.85991543 29.3747102
 29.82496279 41.07343849 20.04665627 24.94914998 12.21314316 39.57418057
 21.02015519  7.61505304 14.4405044  42.52741026 24.87404689 37.88156708
 27.00312623 11.84153562 26.08839908 41.69417692 36.31173833 19.25410478
 17.32655378 10.15939611 31.17487127 19.61093833 11.12876986 22.34888203
 14.65386915 27.78202078 31.05628475 15.49985783 27.94058701 18.56928085
 43.67769705 14.25265254 15.77861345 26.08819314 38.02755728 20.17353856
 15.87408932 35.88246496 18.896539   30.01834824 13.70510426 10.84713234
 29.59340386 30.88412535 14.22030265 18.92236529 19.27995451 16.47916135
 19.78080868 13.88355035 35.35366169 40.66165609 17.38763936 10.45730363
 26.0825516  22.7989868  23.05938077 35.69451514 38.98051233 32.71613092
 28.90023813 14.49163623 13.95890609 16.05905227 15.34140841 26.23378671
 11.98500154 15.93624765 21.93271384 10.05325737 11.82313745 35.18441303
 35.32413017 12.95003315 16.16076425 29.74851971 12.30992258 21.55999523
 42.08319264 26.58618021 21.3483441  22.14234692 15.91148953 26.07764165
 25.3175564  18.73608058 20.74037444 26.33393247 24.2566296  20.51923646
 41.32314878 23.77880668]