[26.81449983 17.64033755 14.80730307 18.71335642 15.86133921 21.70029163
 18.03702255 17.02771116 17.23929617 18.68956682  9.12879926 14.21390863
  7.9895089  15.9415746   6.68529849 24.81799418 16.34946513 13.14978158
  9.39808059 18.77348691 34.20911213 23.1872485  16.19974395 17.31164614
 14.23891298 17.28382487 11.49930731 19.82390069 12.7979622  16.80458616
  8.61918812 37.59305603 29.17031002 15.53120528 21.32531607 20.63096087
 14.60963977 16.15448232 19.63405071 21.14405733 20.70640086 20.35096498
 15.36264367 16.41940527 12.80912714 14.49007718 26.20327141  9.46049727
 15.57230597 20.48966473 24.27213046 11.63598726 12.91569298 22.31926645
 27.37111793  8.160575   15.72533079  8.80453245 27.88867536 19.17856739
 14.02308281 11.7147508  28.86553878 21.19607259 15.03839475 29.58404797
 13.9328387  13.08399254 18.5108673  15.14577347 26.00798505 14.10117884
 25.15148049 13.03084761 19.68013838  9.61882126  7.44222477 21.36658884
 23.48524545 19.99599504 23.97551634 14.79213638 21.46689683 12.65710235
 21.99092456 12.25716563  9.42860455  8.37913182 31.04130316 23.63705837
 20.22843656 27.05416042 21.02638461 15.80742733 21.06776982 33.57619805
 17.07345747 12.94417538  8.8805464  20.12019008  8.43022822 14.44708606
 23.86297718 18.44219351 21.63940943 25.20229605 15.03123484 12.59992325
 12.36467851 10.28682686 10.12676096 24.54850967  9.52534209 11.52749637
 20.82622109 13.10843751 26.74695032 10.78794882 20.31612531 22.09415868
 23.69053983 13.23265139  8.79165982 14.79986994 38.25749439  9.76816583
 25.62352555 32.41533909 22.7914847  17.27523343  9.42808484 19.88772583
  6.54864531 20.65105652 22.0630806  18.61368797 18.21511428 23.58340263
 27.11080438  7.34251722 15.14173215 21.60827848 36.77852238 17.84777315
 22.94004079 20.36965801 23.84370474 18.09718248 15.6076857  17.29556583
 27.42100635 30.11697548  9.2748476  26.36044742 12.89159109  8.10574162
 21.28811336 27.32138581 20.72044742 16.81093733 23.38794369  7.11077814
 17.66460999 16.22298056 17.30652756 27.74083771 12.45574995 14.09533807
 10.79038785 10.03705417 21.60668148 12.16499568 15.73849927 16.01341219
 12.82797793 26.58859406 25.53810718 14.72437953 27.70876384 17.02196227
 26.83441729 18.23393131 13.09148622 43.1261367  28.39089456 26.45038139
 19.46057527 14.96110852 27.74580162 11.9095409  12.59241471 26.75567387
 11.69353607 11.63064071 15.00776607 23.85987284 24.19974697 12.10073636
 28.94305492 18.17455953 15.78528478 19.4674594  18.12568097 15.40258834
 20.5125266  26.6571861  15.13814762 25.34748715 15.13844061 39.54484173
 14.62107111 29.45048659 19.27673556 17.63348287 27.15410852 20.68815231
 17.82863769 17.92566922 12.71036781 15.01833158 18.19069903 13.72820009
 17.50808416  8.6064476  24.16021059 13.43536586 17.50109214 15.93160564
 29.76571127 17.39977966 16.60258541 17.52117997 12.85744469 20.15236289
  5.92990774 18.99004033  9.48198068  6.63440011 13.06167124 16.89790246
  8.69459408 16.44674705 34.04403494 21.17709123 16.92074777 32.2347454
 19.51681311 21.35588801 25.28580649  8.71085714 26.70748756 18.89384382
 22.67036565 19.24182414 15.38006853 18.37461191 14.35282134 24.47815305
 14.93627341 30.30602363 27.69248617 27.71278525 23.98419456 22.98458205
 25.89212662 27.04281042 13.41374244 14.11693126 10.0828859  16.18429573
 19.64635957 12.29587904 26.7153431  16.20849786 12.44873379 19.36913079
 21.71904783 15.95637794 21.59531233 11.45078313 18.28178981  9.87927932
 18.16683762  6.29266528 20.93396846 25.23754236 15.15246543 12.78232591
 16.81245721 15.69163446 21.92741145 21.83086379 38.11116256 14.1855798
 18.54563966 29.0895005  12.62905586 13.2637587   6.4170224  23.38825388
 18.88291589  7.09209227 20.53021447 22.7046986  16.21005398 11.46225022
 19.5534527  17.06833754 23.945232   30.65395146 12.45662823 21.18216266
 21.30145587 17.03480939 13.13308593 21.58622293 22.57640042 19.57957175
 24.74050061 10.85714435 23.2577524  44.03668926 16.30328799 10.59017087
  9.98559475 26.67028843 25.3205356  27.43552258 17.17610732 13.80017
 19.2685901  26.14150239 23.31185531 27.70395498  9.39176726 22.02536893
 22.13666121 19.63766874 31.3649232  15.52067464 12.48251747 22.67998746
  9.76201955 16.15900575  8.55791471 28.94286125 11.11344215  9.40560638
 14.29836183 18.36771406  8.82325923 33.42741741 24.77464239 20.34811001
 12.44725389 18.34157791  9.32282949 17.89367895 23.22752331 16.45566625
 16.93133874 10.33563989 10.49690633 17.69516836 35.23629135 10.4316361
 20.61627036 22.16856685 19.45417912 14.76731178 24.06324372 19.78428292
 14.88304278 15.53764446 16.78469851  6.24173009 16.8647024  26.23200683
 35.01056019 23.34311011 17.63451433 31.08783435  9.80362836 11.46310766
 22.39630743  6.71398713 12.73479593 32.87315787 25.33876035 10.84203097
 18.99260259 38.4013367   8.57714003 17.70815976 21.97827741 23.7495028
 10.17387715 13.70590126 23.77960086 22.46181204 15.46381033 16.27758065
 20.20028734 15.16613373 10.81238171 14.99565898 18.14297061 12.91991741
 36.55269612 26.21744862 25.56461334 12.5038509  28.24566249 26.23255903
 12.92503085 20.55976896 15.91117699 19.47774999 10.65524568 18.37157269
 34.31859246 12.56396254 20.22105631 19.16569865  8.2124608  22.98307667
 10.05504058 15.60949337 18.58966253  9.31906526 14.1324312  16.44624394
 35.14904435  6.45066163 17.69768213 21.20527661 15.80482461  7.64531733
 27.18898876 15.54592589 41.70756908 24.29292298 12.93778074 15.06903272
 18.76900122 15.28293286 14.81347959 10.31955777 28.39319701 22.63007709
 23.48570765  9.09691431  6.72765786 15.65547883  9.63500082 23.08314171
 22.43535998 21.24445168 17.88532666  8.10902675 20.050623   14.51346279
 18.56494049 19.72673358 10.84670651  7.64410969 26.476017    9.80687427
 24.93718215 22.35057154 15.19634892 23.68770073 12.49179257 11.55719008
 17.95183346 20.76909551 15.59120715 11.47599484 11.20025572 10.32628635]