[16.24410953 16.88032596 20.79357515 37.99862068 12.52998615 31.22196296
 19.4752896  25.92103187 53.33591866 29.85017984 13.6589988  32.10138496
 28.14980498 38.56599699 31.10200103 32.00589573 38.74275565 35.17207332
 33.6367442  27.29005606 21.12069169 21.76452717 10.72587474 35.28666002
 11.21352582  9.86589989 22.03897208 12.86510683 15.23261403 18.76449187
 32.77063105 16.30579226 33.43194821 17.46160753  9.9303638  10.20261728
 33.71730358 35.68501461 21.28352814 18.02641238 28.92330205 29.82943966
 34.3691404  18.10505406 13.53912749 27.92354788 26.12274609 36.72022595
  9.07996863 18.34290804  7.52971635 16.77310363 20.60245206 19.16583862
 17.35329677 13.61392554 26.43106235 39.6126684  20.10892033 14.23358394
 31.19671917 29.32704054 30.71063891 15.91956754 13.33423672 18.94079859
 14.67604089 34.69443639 31.18479413 38.37232785 11.84530306 24.60710135
 17.78261619 19.50653249 26.79893643 24.18630405 21.49977886 16.9621504
 22.25715542 26.41185709 13.89157875 15.34833874 10.95777476 23.75309156
 23.63401614 24.01458435 12.13827858 19.82144224 15.06002066 45.94819663
 17.34285503 33.0478576   7.85839117 16.46674599 29.90613007  9.33254658
 13.44142885 24.23401757 24.04062782 36.52013116 36.48084902 26.13174376
 17.60616389 11.90149491 36.4783927  20.70443203 49.78816163 11.76036982
  5.9426274  24.25609453 20.20119392  9.24468276 10.14263194 13.8500004
 14.53706403 25.65405181 17.65227085 25.16870746 13.67173516  6.84558822
 26.75383322 22.03844669 31.10236603 19.53390098 11.34178068 25.31114964
 28.50362977 19.84057509 32.9407849  27.238578   16.0186249  19.36991745
 12.71423816 15.73495612 16.99947214 27.70218859 29.8917364  24.28373524
 19.41566801 18.62098898 19.4014982  35.67164512 27.22041843 34.53918927
 10.83761408 36.61831665 21.48308416 20.56389314 20.33794938 25.87703003
 29.29459346 39.28009291 16.33748808 43.18165451 21.55929637 13.0121404
 45.85938038 11.84084907 22.38267974 13.39806273  8.02290447 41.06541646
 20.42693396 42.37518133 16.88383736 21.03880815 41.86840034 14.83838138
 12.83005138 20.04553679 21.42490641 33.39287852 14.02163837 14.09890973
  8.37613791 20.30059691 33.95145857 24.13074158 23.13328013 21.11012302
 18.04909985 12.95142321 22.6919399  14.41898274 35.61620594 20.29959034
  6.95758935 11.83203486 24.66555937 16.30344956 13.53784391 16.32653631
 14.04774708 22.52647127 17.2833257  31.74909952 12.43636963 29.48466169
 16.56934553 20.93230546 21.98467952 27.09510141 24.08434459 27.09178497
 18.9190931  15.68754391  8.59034517 16.81066281 18.10247201 23.16407163
 25.60644717 17.98106686 19.4370927   7.52378077 25.49827372 37.1067314
 18.21998884 18.60441682 14.43314924 16.99761116 26.44042777 40.43127021
 26.86002901 27.09817574 17.60580795 15.94809649 21.59406464 37.03621807
 16.50362148 21.3566286  41.03891319 20.60128533 25.70602292 11.18221284
 25.20335319 12.43234455 16.68769085 14.75959245 30.66080741 22.92740354
 26.09009889 32.52633046 14.82070994 23.52489081 22.73425789 30.14287838
  9.80802886 12.94444126 21.72829043 20.98248016 14.04733216 31.43271671
 18.96243239  6.91173212 20.81367609 22.05832231 10.54082182 24.93282635
  6.56515264 25.64967133 20.58577527 17.95161669 34.08772582 23.94106111
 11.62572603 28.55949434 22.73353981 35.64869052 20.91366462 16.91173659
 16.44444871 27.20536946 28.88923199 25.05260199 25.55218046 21.81857249
 25.7817935  25.23918156 21.79041861 24.31108652 28.79022203 25.08106881
 24.63489547 25.61202817 10.50828234 32.83448777 43.96119635 22.89946318
 35.17540969 22.46715861 34.05955437 31.55141469 21.1340091  12.73263943
 18.1210809  32.20862953 21.28942889 27.123857   14.37393429 24.1884635
 14.77990515 30.40167618  9.28581657 27.63504895 15.81292719  6.14361782
 16.75177061 12.8670478  27.26496295 20.75505036 28.89371631 25.85149556
 27.60607518 17.87760548 19.18613745 29.97600701 13.04091273 21.48177948
 40.2788195  15.6847275 ]