[14.8884337  29.52180151 22.25367056 15.83309177 22.0463311   9.27827743
  6.63091185 24.02418298 27.75493175 10.17296589 17.04293971 18.52355707
 13.60558767 15.37914654 11.01800644 14.87972442  6.87771671 25.52381686
 19.05424199  7.8562446   9.01304418 16.18931019 16.52676396 31.81953098
  6.38231811 13.81212256 16.60011677 13.53635076 20.68034366 21.61440954
  8.4764073  29.22251251 14.3191757  20.67081364 54.60289679 16.18139218
 22.87620431 26.94178723 25.50734219 15.67413209 22.08592517 21.5807485
 23.12959352  8.92722332 22.36391239 17.37185592  8.49365666 22.66302845
 18.22655574 10.79964892 17.73082757 23.25897339 10.65184331 18.64649645
 13.32828485 14.23533517 18.74188778 18.76352918  8.84190648  9.23554269
 11.79812978 12.27019398 11.92168038  8.49739073 19.64849763  9.27836018
 22.19775062 16.56645259 14.3726786  16.76663789 39.75967989 24.84331577
 17.7251837  19.73785264  7.32894909  8.62095471 18.4949286  22.5494345
 31.5707124  19.09491192 17.17862017 44.06937038 11.72235253 11.77886177
 17.20701421 22.7240131  22.54299163 16.80683125  7.91996209 10.94526747
 14.8380384  29.15970498 12.56042546 12.44017774 21.08245472  9.28805152
  8.13364846 11.34620318 15.10828034 18.00378146 32.70765942 33.20088407
 17.91522441 12.32149753  5.56550575 14.21601994 22.55386094 18.0623732
 22.25339646 18.24976967 25.60801317 21.81966471 10.11951175 12.66175257
  6.56035374 24.11280075 18.60635716  6.312117   15.17118002 11.52617412
 13.78293698 14.32558877  8.912861   17.20337974 18.74442122  6.0550645
 18.62273551 14.35207675 17.26718004 36.19075611  8.47604625 10.50729102
 20.57427618 13.65419527 28.64938784 14.44191591 15.67910194 14.98041842
  9.74368574 11.20696494 20.44481152 21.00826141  9.8516891  14.06553227
 17.01655398  9.24640518 20.36054744 13.69392275 12.31150501 19.49896844
 15.35187894 17.41421229 19.01662247 16.72017278 35.89097383 34.60593839
 20.48912502 20.49331873 11.33396706 23.43703965 16.97260499 22.46982033
 33.66424054 18.99355823 16.47135695  8.18047801 11.71459605 11.62993867
 14.81453113 17.1256293  24.04727564 32.16254155 13.57408811 15.93456337
 28.00371832 35.46364251 19.68692237 13.91181711 11.82023707 18.40315675
  8.32431918  7.42266362 30.88289844 18.88225869 22.67665365 20.60823936
 28.42738257 24.70826095 17.9969365  13.68730004 13.39307835 15.51859664
 25.14984559 28.44828915 23.03613239 13.97908032 24.58770122 21.88650462
 22.63672264 12.1187358  27.64029756 14.54746143 17.52196627 10.642534
 18.20028664 15.87251228 23.79093712 13.42481781 18.23624987 21.7117145
 19.43235599 16.81533545 24.20351227 28.20159762 18.82831823 17.22776623
 11.71825714 27.61365532 27.94611756 24.66647271 17.46347688 14.70268881
 22.01613599 23.40343781 19.84676364 10.53254927 16.4385711  14.03754567
  8.13618037 30.23906577 14.79347093 21.31874019 17.37433607 28.39593625
 11.7122556  10.65236587 17.53643177 31.32243485 20.52632694 24.08657213
 10.53179419 11.25860603 18.28490145 34.03188574 31.30408128 14.04868347
 24.2162761   8.3209223  24.85243852 21.37662336 12.1878736  14.08676654
 12.44318798 12.97252556 23.77324133 12.52882284  9.0689562  22.3094764
 12.54824152 11.48153422 18.86960309 15.15381354 25.801485   13.33951246
 16.84225662 29.93908224 18.90616859 18.46333509 10.09592023 15.7594857
 16.74290772 37.80448915 15.47634399 24.64632553 36.07720013 29.6618687
 30.95589575 24.73276436 33.43769486 24.5911779   7.90180282  9.16046425
 15.50348314  8.58981849 11.35007038 12.83429662 21.8122764  11.90713087
 20.31479245  9.09825732 20.42507395 10.01283155 10.48617315 18.36379422
 16.40972313 14.68946102 24.86871275 30.60043448 25.62464727 22.17072563
  9.6007952  16.40028199 25.7313504  13.23423592 34.990805    8.95418531
 29.11818364  8.29967472 11.57631727 18.15407027  6.82692089 20.98875198
 22.18668923 13.97503012 14.12055558 14.58243657 13.19051386 15.11396467
 24.88715547  8.10509154]