[17.17404896 17.41655203 16.76086207 21.60907105 16.73646541 38.41607146
  8.73496079 13.58148718 12.85741317 13.74656508  7.31025904  9.5539757
 12.14670473 13.51750906 12.0916744  12.90060242 18.63700321 16.29918313
 22.57622797 25.16604122 13.73615748  8.05683866 16.94156144 23.7886489
 11.32417896  7.40628021 11.34514246 16.05652522 12.44990463 14.52793039
 12.45901594 12.70755696 31.94997581  9.97913697 14.2014399  16.13132022
 17.3957381  14.63057302  9.56060404 14.26216015  6.00438994 13.16208069
 14.49023683 12.23025257 10.3064449  15.50565146  7.05486499 15.05339839
  6.21302635  7.00326249  7.23275222  6.79073633 27.9768668  17.14820356
 12.86683106 15.85848589 29.91941697 18.48402482 24.01052394 10.86695095
 12.86914672 11.18757958 10.00054868  9.02161819  8.89989765 15.2899338
 11.12974245 15.0993981  17.36561546 12.30437253 13.15759429 16.70850006
 11.66479455 18.94326671 14.17895426 17.18035665  6.7773045  16.33392874
 15.63615504 13.69892036 10.94942337  9.95687468 12.19551662 12.93741815
 23.24679742 19.31088103 16.26768321  9.25342968  5.70789671 11.9870248
  9.27256393 24.18117662  6.5451514  10.89273553 23.22545811 22.64130704
 16.65736999 18.9681807  13.26189176 12.38328613 15.06599069 14.23161782
 18.31143407 11.43656976 10.73338984 17.1942591  16.95405616 14.45908632
 17.7582889  11.30746152  9.75236202 31.29820212 14.93879329 35.33600218
 17.65141009 15.67347828 20.27560375 19.60986201 10.87616579  7.53371301
 11.10207629 17.84095666 17.9014472  33.28588845  6.82477215 29.8457083
 13.88866631 14.93058854  8.08520206 11.55986628  7.96175044  7.39501741
 11.72389862  9.7935133  15.83266279  7.50550088 20.86564538 13.41196384
 12.81396294 11.45866857  6.65582417  6.17083433 14.84991651 29.28408103
 20.21356511 13.8759018  15.32987603 11.41334996 14.68465702 18.0666754
 18.11340026 14.68919076 11.41659116 28.02974314 21.44916599 16.23947188
 19.16816323  9.76362832 15.25049033 16.48797454 21.24911143 17.30989375
 19.18122798 24.86526539 27.95982495  9.35998751  7.86238434  6.59303078
  9.83762559 12.17228448 17.62895469 20.71360362  9.2208024   6.03150183
  9.18149678 13.91302355 22.29813202 21.43139827 11.71384236  7.20556135
 22.961163   20.39552178 17.33256421 20.52188309  8.96440856 13.18012913
  9.81356326 17.49572891 32.68058557 15.28449179 16.45732626 10.38419857
 10.62606934 21.01711102 22.6449079  10.66449646 14.8179534   8.93101694
 22.83224042 13.66850622  8.53141755 23.33180356 11.8177842  15.84573747
 22.86756712 12.84915682 11.27353579 20.20701071 12.76601804 24.47219627
 19.4825828  17.57252899  8.74805453 13.4399253  20.61219464 13.52342495
  6.81553552  9.08162819  9.2394344  20.24482034 16.17804754 10.67786123
 13.44954164  9.30918998 13.74304704 31.80638446 12.51729035 10.62676349
 30.43372213  8.41791393  5.96423182 18.66862677 13.95078778  7.78324178
  9.84546708  9.7966819  20.39335217 24.01487287 10.89757906 22.15973157
 14.84878256 14.97073454 15.23173278 14.61182927 10.07781831 15.02860236
  8.33819247 24.19723575 21.00405866 15.86039804 20.35748425 24.02589007
 12.56139459  8.92226141 27.11028175 25.3588501  13.60983612 20.91231932
 28.32940399 27.94661101 11.15287268 24.29054468 19.79453122 17.29506619
 17.38549942 15.06420918 11.64081289 22.10240594 14.88351914  8.08213619
 12.8459225  20.2214525  18.65778175 11.8170595   8.12040345 12.37372408
 20.54493389 10.69568475 12.01755543 22.31904114 11.5727817  23.46114
 26.04945733 20.2536705  17.26623166  7.37040155  7.44664808 19.15679409
 15.77696045 14.50687879 12.81609555 11.0558027  13.30334091 13.34499581
 15.40796599 10.60777108 17.35439747 15.19488977 10.205305   17.63462469
 11.14312283 18.24881826 36.31861285 19.45369464 11.13179975 10.6977438
 12.87512527 12.31143755 17.97655767  9.28903355 22.49634739  9.16510542
 18.35303543 10.56641313 29.79399451  9.23873665 18.34816772 40.82681211
 10.70602845 21.84083281]