[28.7457063  11.61865285 25.92484113 29.1368083  12.63286864 31.06313109
 25.54757598 34.6490974  25.04545423 10.94266906 34.17957448 46.2708062
 29.9512839  20.38673303  9.0309319  16.97919737 11.38046437 17.06064114
 23.12606056 18.37903261 21.25537359 21.90994297 20.19609332 15.96647875
 43.51548935 15.14780685  7.24567558 16.80113206 17.48006589 15.98189602
 20.41618233 22.47904881 16.68248178 23.68209026 16.96935946 34.85071701
 22.81842474  8.89408897 29.41975411 29.07499234 23.7080775  13.98330782
 24.69454081 43.28363931 17.6702924  32.93093236 21.06848087 11.30237299
 29.68814921  9.59496148 20.60983192 20.5424228  19.99424502 10.07491811
 16.92982652 18.39991182  9.76687917  7.34794465 18.10606561 20.78490789
 16.69386867 12.45052788 25.573711   27.58467349 30.74332845 28.42485454
  9.47703566 18.42020873 33.47635796 17.27548176 14.9473019  19.01055292
 25.86896291 31.05076693 17.79639533 20.62059636 16.48973475 40.00729971
 23.42737406 20.27531885 14.90739469 26.4760135  19.76123517 21.58776339
 29.64877559 12.16241685 11.79509731 37.40414972 14.81428595 21.17439313
 17.27275301 14.55470856 13.61636588 29.31205894 14.97469399 18.49499724
 23.94073024 15.3273525  15.9703946  17.90401365 27.83819143 13.11456312
 14.50176546 24.07855562 26.66458254 13.63294825 23.59126278 15.68915841
 17.74231365 13.68338607 19.79009766 20.69708672 21.40398022 13.41618155
 11.06676266 18.92003544 21.2454967  13.71359576 21.58241433 23.80298533
 23.16010749 14.18103619 12.63683484 24.46447546 12.28084088 31.94827152
 36.16055697 27.06464519 20.53178218 29.69644136 18.47527411  7.45850711
 12.37751459 17.18340083 25.71304356 17.78621831 14.73623553  8.80289189
  8.08866706 41.24290176 39.72193661 24.55864625 17.37105175 28.28307021
 11.34727696 16.50254038 16.37361165 21.41076733 21.23636247 25.55938228
  9.12506545 12.4438269  20.11948047 12.04482807 16.36776908  8.82906772
 16.75400111 23.75221745 12.13941393 23.9342874  10.9098556  20.40116273
 23.0330606  24.84303933 16.71521761 16.20095465 15.31258137 10.43352307
 12.17792951 22.56533852 17.74339432 22.06533918 27.38426449 25.07439901
 26.70438027 19.93216619 34.02682361 17.75289502 18.59785232 28.1777818
 15.67944316 28.87694331 21.65386755 19.80306131 29.42727528 35.87241681
 15.02764724 26.87410319 22.37375767 32.88972002 24.78510293 35.73259326
 22.05569687 15.77473195 27.79716081 32.93722708 21.04162747  8.60395948
 25.31090962 16.17975997 24.82728293 29.97412064 15.33671221 14.85897891
 20.0393443  21.36155808 14.49471707 15.52321555 14.27393654 20.78689383
 17.04611941 20.4201585  13.95962631 11.40763082 22.23166169 24.91680017
 27.12924201 16.01074666 14.688117   23.95789523 20.77564641 27.1245982
 22.34398536 27.02473936 23.27772709 15.56432101  7.69546836 19.15150781
 24.13584985 10.33883341 27.39308894 10.96955059 12.31151039 24.49268558
 11.9253798  30.75777878 17.07473259 18.28037632  9.86397951 18.29247556
 13.82581695 14.42450718 27.06956005 24.71818901 39.51121108 21.88240367
 24.983464   19.83376163 10.7446105  23.98480278 16.4137646  14.60114238
 26.62407754 13.02132361 14.04412221 30.0497008  31.85687178 16.49661984
 23.988977   22.66521561 25.75151124 21.97255016  9.34882131 15.13992641
 18.15664684 26.78463736 15.07603948 13.10074781 25.84814851 23.31233187
 23.12742205 18.11912232  9.91809964 31.26754602 27.98611444 26.99510268
 11.97493695 18.04105035 37.85622782 35.15924591 17.38531018 16.50491987
 38.5471034  10.0784078  14.34904084 33.60336214 12.33483227 16.84705304
 14.02369096 18.76350278 23.20989269 23.14960036 32.58964054 31.13859487
 26.73901175 22.09423914 13.66503203 21.32275203  8.10715327 26.66509692
 15.38838983 14.69206218 12.75661044 25.71210174 20.04121963 10.60199775
 10.22290555 19.30104916 12.12963439 16.88983972 16.84273155 11.9800151
 21.86772346 20.72280004 18.84326954 10.0926919  23.88642411 15.03653116
 24.62783674 18.50198346 15.89520582 28.21474742 36.67317284 19.4555205
 20.88580593 11.75168744 16.30636333 24.94580074 19.82659384 32.68190951
 13.68793692 26.58531489 17.58093854 23.0161997  23.56830614 22.48387023
  9.29226582 14.11023929 23.47792028 29.08054215 14.76260054 29.90829647
 18.37356443 23.50381822 18.51381084 28.74614007 19.28294764 12.33796487
 11.89067635 21.17491862 21.43424565 21.6883748  26.9314171  15.99581795
 27.98517783 16.69508954 33.04173573 11.43752177 33.2114534  13.67141262
 23.22396745 27.42419458 18.02326638  6.17662166  9.54089052 35.1187179
 17.67047152 13.07875843 15.0242328  28.82833858 22.57681298 17.96025134
 18.16458038 19.69052838 18.60073007 13.10372287 22.15709115 35.3910067
 16.3528957  30.93259219 13.6749038  27.86355629 12.76259584  7.51022538
 22.59112061 27.91473807 14.83728423 12.97700114 36.1795657  13.65559759
 33.26732788 22.87528465  9.42099994 12.02948898 12.73980861 19.52776572
 21.14421006 13.99461188 31.13412276 17.77870161 16.44212257 20.41332266
 12.61722221 10.6876809  24.50263941 29.52818731 26.49136066 22.56898627
 27.00764641 26.48740879 21.19448687 21.2691387  30.05013117 26.68909977
 26.88737089 19.48070437 20.70050976 19.37048265 28.17741776 16.54981043
 11.12404353 27.46371105 30.84945384 20.24460883 17.75983386 31.41285012
 11.65055455 31.00704249 12.52094475 15.62877894 19.78505633 41.58339175
 18.49796626  6.96584306 13.16949798 21.8056872  21.17068133 13.39502221
 24.61128826 13.88635719 22.27808059 27.95847631 10.85766763 32.79553762
 14.70016992 21.73327595 31.32439919 24.71960168 25.53057587  7.99366666
 15.41839692 16.46547533 36.76883229 14.49619381 12.22565071 26.64357991
 19.48954954 26.62944635  8.7942605  30.37534612 32.42236763 19.51717195
 16.42409803  6.78024265 27.59620635 24.22537926 27.06092339 16.76035312
 28.66057035 17.10637337 21.98925315 21.2078217  12.77767618 12.25768118
 12.15950268 17.03532931  7.19280879 15.40018282 24.37650307  9.18692092]