[49.20299627 41.72682886 45.4735426  38.84460858 31.43276743 22.12348177
 40.61917538 26.90410137  9.57254231 10.42372166 49.52062218 41.3962966
 36.21816788 32.71459511 21.67949796 15.86125906 16.28577696 11.35300435
 39.2849569  55.54615567 47.10637882 14.87745312 51.68723117 26.97696766
 47.35669958 27.24289307  8.92669856 42.87256864 58.11741563 30.22811112
 56.66355601 27.19613833  7.50184557 29.76557155 19.23762463 25.17947402
 33.77448456 46.4886198  24.17329318 11.71082771  9.62531124 12.68020714
 32.50327127 30.03795777 37.04363321 26.68698827 32.73391789 28.21889238
 23.32760556  5.29004634 40.35707487 29.69729794 18.13927504 46.73552563
 49.27860511 17.24356489 19.58378883 26.43396194 33.4752063  12.5672137
 44.93691536 12.21793347 51.60313629  7.4576261  10.39842072 57.25450416
 16.85246677  9.01896316 10.57770285  8.75949472 15.82597787 50.70884839
 47.58194024 28.71536454 30.60878624 25.24402197 27.77817542 43.51176638
  7.70618378 32.79103286 35.08312216 34.68577605 37.66367732 13.68353562
 51.40794643 46.10608109 31.96826015 28.9687971  10.72441512 29.01322762
 43.00840765 11.04551551 16.78004462 17.03152996 28.0532625  29.42354694
 23.71311847 38.1199014  56.72736907 15.35449085 35.11407305 52.98523919
 38.886146   45.48460443 49.44273902 26.99010373 27.68979315 49.21037398
 52.08214668 48.23890229 19.06631031 11.29633021 13.30542415 23.2926293
 27.04205336 29.49647962 34.46032914 35.68796951 16.64142928 21.98270921
 22.37910478 11.69848437 14.16422903 35.93897788  7.78128954 16.02346643
 27.57234812 30.28495674 53.87996776 35.25853144 19.17357381 19.41475807
  7.49866771 22.49273723 17.65100948 16.20601722 56.53430291 53.62911543
 23.11488154 18.06933635  5.21641092 31.93638447  6.89392163 30.15047009
 12.04741578 12.36517388 21.87707322 34.75902105 35.59089518 39.0900954
 28.16652696 50.87049288 30.97960733 30.21195148 36.64730377 34.34739697
 41.78646467 40.89304284 22.65223465 37.76636033 26.39596632 15.3389859
 14.10850759 33.79203021 37.31438442 29.55674561 18.29288016  7.51740338
 42.10582616 21.78141578  6.89255342  5.18914566 53.16344357 18.41039539
 15.37260073 42.54008423 11.03187274 24.70077525 52.27012681 17.12952582
 36.87671432 48.30190865 51.545939    7.36260168 31.35277635 22.71034261
 12.57762953 32.33999334 29.57344727 30.77111882 27.81271383 35.3015254
 24.95670693 41.89793544 45.20836878 18.58968978  5.01949487 32.9899214
 26.16072967 18.98235102 23.75336736 10.31089075 35.54366586 13.26038189
 19.3369563  33.91970687 20.20952218 51.13885053 38.38936749 23.91397971
 36.39907511  8.04135239 29.50722498 35.60101286 11.52938243 56.73191031
 16.87223643 10.88118243 55.46706522 24.48262843 48.91535968  5.56998188
 20.20248094 58.42398696 41.85948134  6.16421828 23.94629925 38.85240048
 23.028575   21.38552852 47.21931011 21.07271518 20.59396107 38.20615897
 22.81879487 41.76580648 27.73420859 25.10158819 40.22587154  5.166839
 26.32044867 22.12811637 27.64529986 15.20158086 16.65451955 48.18388648
 42.89271178 33.73687124 15.23554391 17.62087193 51.18132779 17.62719019
 14.98137922 24.37692491 20.62964326 36.15160008 52.03035979 27.62898518
 54.69345497 20.78050727 15.42747551 28.72829512 57.3606892  22.25484117
  7.7802956  24.44291334 26.86127122 32.68470213 28.35379151 22.63078068
 34.02036015 51.04322214 27.08284835 31.69974653 19.0562692  34.59864344
 24.96832875 31.84493487 39.69837255 19.94033917 11.83423373 28.52795527
  8.63941282 40.26424541 41.47668105 37.72937921 28.89933891 47.01830607
 47.74436291 58.85198247 25.33865977 31.18826046 33.72666184 18.66154662
 31.67967033 55.12005847  6.45555717 31.30118157 24.22088363 41.59483793
  5.75206652 22.49267796 20.03840686 58.14376004  5.07545252 11.68614726
 20.06408295 53.12398183 14.74865519 40.15271675 40.02784677 25.67611622
 29.01859629 20.25817032 14.61090377 34.60578321 13.99334342  6.06582642
 50.03807339 42.62477456  9.7777277  25.59938181 15.36196165 32.52884784
 23.52547155 24.76335206 26.34951314 29.00203795 38.02036245 13.82581346
  6.29195289 27.96075601 33.10304527  5.42091338 52.51576342 24.60555412
 41.57138988 58.45755115  9.04824218 28.89041361 42.53770468 31.53534124
 44.46679603 48.60073691 26.18083019 29.26044742 51.20457987 16.3560114
 27.5091149  47.96255334 15.8867524  59.9506828  28.43807036 16.08399051
 33.01121376 38.49630692  6.25448693 31.1862099  23.60397795 37.24453654
 25.10950589 33.30585662 49.45670734 23.17090235 30.4104588  35.3754099
 13.97766776 53.11333628 52.54984165 27.66958567 10.15790306 34.08892947
 55.64145241 51.14199239 12.97135457 14.3379035  43.64854028 34.00762505
 21.12641136 34.21144922 22.75220703 31.04845634 15.91367318 33.72203577
 25.141875   56.75576186 20.18161857 46.99591398 32.66289192 18.38960382
 11.61612183 13.79031315 31.68773738 41.10242385  7.36547321 27.1937538
  9.6244211  40.18427361  9.58188858 32.37731359 34.0643784  39.47539364
 19.15888298 27.93426151 33.46515833 19.17044316 26.34184799 34.43292729
 24.29722768 16.59769492 49.8211611  36.99380612 39.57872842 26.22354619
 38.70730037  8.89847102 30.90752909 33.55800578 58.75120658 34.63673456
 23.78500284 18.22510933 39.39172507 15.72506471  9.74626513 27.18272744
  7.78279779 41.65396904 10.09973356 35.16129374 20.54475984 10.55842855
 36.21481364 17.23329897 51.32635477 41.4791874  31.4323126  30.10379242
 41.54652556 25.94917322 32.91805293 45.124593   24.67279043 48.70304672
 14.61212715 30.11931526  8.30329261 30.61041415 38.70031196 28.77907855
 38.74346805 21.10504139 43.80846766 46.03510234 12.74559885 43.9901155
 47.61997371 43.83881687 28.84291396 29.8874196  33.29885421 19.31035331
 40.09505064 21.69433055 34.59402667 20.09091301 41.87975347  7.62377716
 15.14031922 17.36831472 13.1803096  35.60778204 43.89850157 24.6839607
  6.7886823  29.88056386 52.75184465 50.14780366 30.980225   47.48844337]