[54.9619051  38.37460167 35.56861424 56.8053511  44.04588577 38.97481111
 57.34857993 45.49376894 58.25383253 57.68224758 50.27856858 41.46402785
 57.01475398 52.31945176 56.95620663 44.92765616 48.03549812 56.45050808
 34.27780545 57.78571237 49.49834251 45.2597475  34.26826545 57.73591536
 38.30089497 27.06142147 49.01065529 56.50108718 51.21217626 44.45296035
 51.36377719 45.58699764 33.39463663 57.4689496  40.68543261 50.579918
 57.85891989 57.63014164 57.22329286 56.66022921 54.86086002 50.41119326
 57.05381407 49.78272617 48.16517597 44.89935724 43.75180232 53.77730668
 33.80644531 58.01360938 55.64607066 56.44646894 55.91532467 38.15087533
 47.17926861 44.61353375 57.48624301 53.17953255 17.74773779 28.65700772
 57.84547555 56.10119612 48.1628235  49.2416691  53.00565844 58.49249608
 42.77468953 57.83338111 57.2155625  55.29993573 57.42463467 55.77035349
 56.72220924 53.0728214  44.71597183 57.38488549 54.8147538  38.50439001
 38.81239844 56.97990013 53.59668051 31.00800358 43.30266443 33.51869831
 58.08565701 57.12876655 46.70132325 58.04338655 31.80074807 58.25840689
 39.2952897  53.37581144 51.86242891 50.12654281 54.55525986 54.43874238
 57.52385191 55.50527031 37.59380992 57.025499   58.29689122 47.27841893
 57.55184619 51.29874028 44.86920069 51.65835401 45.55517117 57.45984901
 58.29199249 53.42071426 41.15775171 57.28629806 57.94231416 57.57388807
 55.96726125 48.14364298 47.20051726 47.79940875 50.28746408 44.10432253
 44.02007865 28.39843014 57.22554933 54.77428388 13.93162533 44.41648215
 48.89514504 42.18226252 45.06673663 50.66331151 51.74195256 54.77550171
 57.78164636 31.31745145 35.51075881 56.16459545 47.22120927 56.79627
 36.42636469 46.06688529 56.1235326  57.23310638 56.95085174 56.0208487
 40.60683823 30.94200903 51.66911896 28.72773203 53.11341409 52.08432871
 58.55644174 48.18682866 57.4897513  57.70329735 48.91402476 52.60460242
 43.90861971 57.75097307 51.41605483 31.20506136 56.17407862 29.7154983
 58.04928235 57.86956276 30.69850308 55.53272809 54.22505403 41.4520846
 56.16736254 57.51886491 44.19608627 56.46197715 39.10255241 41.94715958
 56.88629351 57.21383496 58.07407037 46.95482891 52.3095159  47.76553719
 58.41448294 58.08375693 58.41604378 58.11237711 56.8276732  58.30005343
 47.16617773 57.95870676 56.53017285 58.2778673  39.53613357 50.41417331
 57.51176529 50.02987293 42.32200984 42.46340677 57.69859985 53.65703021
 57.06019462 56.51394797 46.87164604 42.36454289 52.941964   26.78986316
 53.47609999 58.63022683 51.3347951  54.48274799 39.32293043 55.23920046
 31.68379753 18.37522391 38.74474431 45.74804469 48.21283647 44.55473452
 51.89775061 57.60265941 55.18708057 24.81140594 53.66128089 48.95872203
 54.96851045 44.17536204 36.28749887 35.62554595 41.73832448 57.62515614
 49.37164313 46.92556634 45.77177285 35.29253373 55.84525334 56.18931971
 51.53429266 50.17045182 46.68319108 53.21307429 55.28387649 54.8992685
 56.06214075 48.35498637 29.5540146  54.47235694 54.96552005 51.01807203
 32.68665273 58.83682157 27.99199784 58.39625362 56.97878747 38.7472564
 43.34159097 45.02464391 50.15658091 56.30832802 55.05298961 53.6989557
 42.74168904 45.33759797 55.62797142 53.21807517 58.08242574 35.93353649
 51.33575844 55.42019762 53.11511025 58.57276231 52.40470046 56.69877954
 44.81565919 36.58920515 49.14067467 47.58651449 50.87423038 57.24862116
 56.5786343  53.62917032 26.44125827 42.54472208 51.87154713 58.32594057
 43.59357099 48.67805676 33.62400643 51.04752657 54.09438309 57.92711062
 54.34598812 53.08853516 47.74139493 56.14138416 55.29453628 57.21812722
 55.32472488 40.57450254 37.77267232 38.32238311 45.77614883 31.02217297
 42.59786641 57.89124521 57.39718767 53.00922754 55.62045566 57.3284316
 57.88202909 54.27723728 49.01239573 49.57004087 42.13979445 45.4772163
 54.01373126 58.75016504 54.79453701 46.20755777 41.91229868 47.31261622
 50.52872641 57.66174404 56.56332422 46.19758553 55.29805617 47.80894475
 49.07552631 22.7513023  34.56904635 43.81612008 46.62414673 55.7222633
 52.66792585 58.14049483 57.57539685 58.09069403 48.43366093 54.35915854
 55.76161563 48.55755473 54.01405262 55.09444603 47.74700479 56.92711066
 50.11233478 55.86166351 54.66932548 55.14658869 47.36003692 33.33567646
 40.2529671  54.47990189 45.67321323 40.34242424 44.19176483 27.98653748
 58.10998585 57.16521618 52.26981923 41.97430496 48.59204256 54.99388081
 55.26102955 57.7824334  52.94832241 49.68458458 48.75749819 52.05259177
 25.55728233 58.38010892 56.44748771 56.70582382 58.0925529  58.00563961
 58.72709055 53.16461931 58.2668821  42.51843952 58.05459508 19.50051798
 43.1281696  48.82949797 58.29602932 48.70872015 55.32038882 57.24998696
 43.28969505 52.85504559 57.74456263 56.39136014 49.83424209 58.09012919
 54.16164897 40.94552214 57.98185284 58.29810656 47.44531608 56.98960425
 57.61916598 57.06296337 48.27819961 52.82633911 56.66391252 57.70678428
 46.52792276 39.32933828 58.33341429 49.59808498 52.94316161 57.00522367
 47.34230572 58.45245385 43.59676837 53.28638785 40.37371588 42.48451117
 41.6476618  54.64754711 52.0612078  57.86487111 53.09768291 46.14846403
 54.70095318 49.68924459 57.49532805 55.35533864 53.30872793 53.15392292
 57.95771087 56.85353524 43.74562917 55.56333476 56.53537624 56.89486963
 45.79630215 50.79561295 49.06280144 35.02964416 57.63566547 54.88353657
 50.55802792 12.91327279 58.28430331 35.40495189 57.17977211 47.77118953
 48.42031704 53.72472104 57.32117466 55.36263477 42.03048911 53.14679159
 58.67326767 55.43321849 32.41667143 57.43868582 51.74180403 57.95255079
 39.20914583 54.33375319 57.70131619 57.08165747 53.88319471 56.5941612
 56.17854727 43.00695083 50.74684314 46.57893288 55.83211239 50.80664211
 56.89079445 51.74222347 46.68829606 47.21990566 51.45228418 54.02486413
 57.99883474 48.87916734 39.74699289 34.61362846 56.09309683 45.33558171
 43.33305945 55.44682776 41.74808787 56.87239958 31.36463428 26.95919907
 51.73401297 57.60896641 58.41364965 52.2205986  58.05057947 56.67914017
 58.75825239 55.67129525 46.76149626 54.29627525 50.21874892 57.14925733
 56.0216236  47.08160672 55.29040685 52.95415119 53.33893814 58.13560074
 40.46767988 55.66982977 57.32433884 57.28330179 53.2107039  54.31033838
 50.67473131 54.79624137 37.48260813 44.13766055 56.09395421 55.00650747
 40.59177931 47.54731838 54.16002219 58.07750007 47.0530707  53.96017148
 55.51810623 56.25008096 57.7721061  48.9737592  57.46451897 48.8707639
 58.56104742 56.29102587 56.943955   44.32878433 54.84607043 50.87011473
 57.90272418 38.07101242 46.75066232 53.96594101 20.45436488 46.82707563
 57.55116438 38.71904166 50.25342169 53.32876019 57.81791095 57.10241641
 33.62834166 42.81108874 57.95868191 57.2958856  57.82493506 57.37564598
 28.77231301 53.36479489 36.20824912 50.05265063 55.03394281 56.6779368
 55.93206133 40.47612969 56.60664034 47.72435649 52.77259992 56.70632847
 53.94812058 55.05768408 48.35860374 51.90657708 46.50028506 57.84431121
 57.9954379  56.75297609 58.59004941 57.50759692 54.15895446 56.88679499
 38.9077466  57.90098426 44.24241763 52.41112571 57.39142284 53.37117051
 52.02209738 43.86327891 47.2400821  48.01585742 52.63512082 57.21956233
 24.27079229 27.50741573 52.82315004 58.17076027 53.43870319 57.77050131
 58.26563167 57.50736315 58.70175101 50.5139004  58.12171893 49.14206923
 58.80705697 57.41954679 40.47398244 50.62861793 57.71939034 57.94281628
 57.12337795 34.96436913 56.79839504 36.51737098 53.6617108  57.65045202
 47.18180325 57.47464871 51.09201692 33.88565962 43.72791216 56.97358531
 54.7925411  57.4021516  48.33067871 56.88467348 30.60552759 56.10123861
 40.18229312 39.99694632 57.84548527 58.15380854 42.64618953 53.6996027
 56.34522671 48.49850964 52.19864557 56.75610033 51.37974456 56.01578036
 57.30005605 42.90347191 45.93240594 33.10243685 51.66450089 52.10360816
 20.3834981  46.77357724 48.16864488 45.85255466 47.24972704 53.85973373
 57.17398735 22.13516424 56.58144496 50.15789248 58.12607183 57.65293
 57.21277897 55.13956944 42.57959485 34.78119379 51.89039205 56.78878651
 51.86858982 34.64169363 34.21878416 55.91536383 37.42301828 57.64626298
 53.21761347 50.99542241 49.44533088 54.36903277 56.02715167 53.29208054
 53.29007427 48.73297204 46.9267214  49.34832018 55.24144998 58.25309926
 54.10452318 57.35810375 46.98289999 45.40905188 48.65778379 56.2379887
 50.14317735 53.95490328 50.27307879 47.8695224  58.33380879 39.45134251
 57.58172166 55.01447291 57.44670926 52.86800736 57.66005822 52.56555865
 54.58758969 35.8240925  57.45057785 46.04177803 57.48153474 58.25520849
 24.23109781 44.1406243  41.78755949 51.70584865 48.48731766 57.69440283
 49.64324679 45.3920255  56.53873757 40.427614   56.05511882 53.58033244
 57.88007114 51.53228647 45.60399619 37.36841122 46.952817   49.30576696
 59.03325897 53.96154423 34.33245118 54.01547883 51.91632512 57.22198829
 40.20189598 57.18308159 54.19508    57.91158727 57.71981736 45.45270779
 51.3209452  57.5534938  48.99492573 48.2800785  58.35590203 55.97420738
 54.47016559 57.54286056 45.39339097 31.07104504 51.87396652 27.90691857
 54.33233764 53.5788483  18.23974639 57.27083207 57.00138017 22.42200925
 58.31397677 52.6477816  57.59917517 56.22209156 28.61242149 48.49661355
 58.13140146 54.84233211 36.63659492 56.83773353 51.35474116 56.88116808
 44.75758071 15.60448133 29.98784855 45.29099906 50.90660731 58.82091649
 41.89099071 52.69595768 51.17649206 46.28545012 57.70779874 35.32134517
 55.21785975 57.98206176 32.69943193 56.07759052 56.84658365 37.08048278
 52.6495479  53.49360824 58.4427798  58.49014254 48.08784459 54.76806393
 26.0404416  51.90971385 55.37553292 52.79564784 42.28409995 57.60992832
 49.85266824 58.33010108 56.49938789 25.56976767 49.33903314 49.75497691
 58.82338503 57.55148598 56.25611812 58.11647452 44.097543   57.46084098
 57.88497736 52.87310284 56.92127128 50.75493523 54.71079978 57.23016695
 47.10037754 58.70662459 49.4492577  39.07283959 52.1230967  46.00055884
 55.44559199 41.8207097  58.02058482 56.32303317 55.56285905 52.62520971
 51.61149152 56.78894298 56.64150183 57.08609294 33.73990462 48.87076208
 56.73297812 45.74967447 47.91888508 49.17498262 54.37722888 50.50349801
 41.08997912 38.38724433 54.45314059 54.64005706 46.93149616 45.10658188
 48.36941101 56.14026791 57.05573039 34.24432024 55.97672515 55.73416648
 30.47761472 56.43379719 28.52319336 55.79877133 54.06053785 54.80658862
 53.92660097 43.67792583 57.71720563 58.17137954 50.94514059 50.60142547
 53.47287395 41.28696943 57.65361479 33.13261721 53.29771511 53.00432406
 57.62768127 56.30104219 51.38812956 36.02273975 52.23565128 56.37239514
 56.59804884 57.59407805 54.71195835 50.31179724 57.893061   46.31356018
 58.29657431 38.79776087 39.9070549  56.72474635 51.63364229 37.49624472
 56.41421265 58.46363168 34.52902409 51.90332805 54.67385224 55.3124432
 41.40841428 56.06141382 55.55013288 42.42076746 53.74423786 52.50838346
 54.88520533 38.89141746 58.23873977 32.49567105 48.2514491  58.4568678
 14.5182561  48.40024908 47.77828899 58.55780887 42.49469868 56.5441658
 57.33237676 44.34956713 46.73410752 56.19087764 49.62554981 48.52548769
 56.85857644 35.92640664 49.97845713 58.23995768 56.62835983 57.69211142
 55.47811706 52.2642362  57.99935919 41.18506078 56.18812767 48.22999491
 45.97601706 32.37345528 16.78065826 56.89720805 54.18882711 33.46148687
 57.53762099 56.84218131 48.97173573 56.74280733 27.11481286 56.7846374
 53.46418374 57.81376199 17.05643549 56.96521286 56.8168428  56.384111
 46.60649366 58.00184561 54.23654874 36.74842148 46.60303941 41.57605506
 51.97952196 40.25004556 56.67853832 52.04582357 28.8819957  47.58989102
 51.34821408 50.22074785 46.78711964 56.77510971 58.78009469 53.37493304
 57.19272392 54.06121939 57.17089343 38.77396759 54.66298391 46.76752301
 58.57510646 49.5790049  54.57487991 57.39722567 53.82547868 37.46676686
 47.56447544 56.53663835 50.03218116 53.41344849 54.55119965 49.64710347
 36.10927618 50.81548856 53.85725567 47.88724436 44.2180943  58.33974562
 58.01539676 28.45296004 44.91258768 56.52614572 54.98509352 57.32952124
 57.32232863 50.14374798 48.03622943 34.26139929 49.41005334 49.81148077
 56.72503534 56.49160951 57.46008131 55.5662761  55.67553471 52.41215399
 40.55995203 55.6443318  55.58210716 56.98336485 52.75479267 48.00228698
 54.27829898 55.61651151 56.52587356 39.6469884  51.43858231 39.24597224
 57.5151402  43.67288084 35.40726923 56.73492979 52.82547413 56.2858661
 51.52016029 56.76228474 40.34457296 26.98758934 50.75688353 48.07148389
 49.05350885 56.04263756 48.88599385 53.33923569 48.90166655 48.19601681
 43.14800283 31.24144937 48.88866346 56.81890037 22.33048456 55.94198955
 42.46462695 31.53450529 40.58374247 58.43199046 51.26120563 35.47120476
 55.75607648]