[59.58772315 59.58772315 59.58772315 59.58772315 59.58772315 59.58772315
 59.58772315 59.58772315 59.58772315 59.58772315 59.58772315 59.58772315
 59.58772315 59.58772315 59.58772315 59.58772315 53.21893453 59.58772315
 59.58772315 59.58772315 59.58772315 59.58772315 59.58772315 59.58772315
 59.58772315 59.58772315 59.58772315 59.58772315 59.58772315 59.58772315
 59.58772315 59.58772315 59.58772315 59.58772315 59.58772315 59.20883763
 59.58772315 59.58772315 59.58772315 59.58772315 59.58772315 59.58772315
 52.27597071 59.58772315 59.58772315 59.58772315 59.58772315 59.58772315
 59.58772315 59.58772315 59.58772315 59.58772315 59.58772315 59.58772315
 59.58772315 59.58772315 59.58772315 59.58772315 59.58772315 59.58772315
 59.58772315 59.58772315 59.58772315 59.58772315 59.58772315 59.58772315
 58.43279575 59.58772315 59.58772315 59.58772315 50.45057464 59.58772315
 52.95484572 59.58772315 59.58772315 59.58772315 59.58772315 59.58772315
 59.58772315 59.58772315 59.58772315 59.58772315 59.58772315 59.58772315
 59.58772315 59.58772315 59.58772315 59.58772315 59.58772315 59.58772315
 59.58772315 59.58772315 59.58772315 59.58772315 59.58772315 59.58772315
 59.58772315 59.58772315 59.58772315 59.58772315 59.58772315 59.58772315
 59.58772315 59.58772315 59.58772315 59.58772315 59.58772315 59.58772315
 59.58772315 59.58772315 59.58772315 59.58772315 59.58772315 58.42575
 59.58772315 59.58772315 59.58772315 59.58772315 59.58772315 59.58772315
 59.58772315 59.58772315 59.58772315 59.58772315 59.58772315 59.58772315
 59.58772315 59.58772315 59.58772315 59.58772315 59.58772315 54.938795
 59.58772315 59.58772315 59.58772315 59.58772315 59.58772315 59.58772315
 59.58772315 59.58772315 59.58772315 59.58772315 59.58772315 59.58772315
 52.05455271 59.58772315 59.58772315 59.58772315 59.69482027 59.58772315
 59.58772315 59.58772315 59.58772315 57.98404789 59.58772315 59.58772315
 59.58772315 59.58772315 59.58772315 59.58772315 59.58772315 59.58772315
 59.58772315 59.58772315 59.58772315 59.58772315 59.58772315 59.58772315
 59.58772315 57.66926691 59.58772315 59.58772315 59.58772315 59.58772315
 59.58772315 59.58772315 59.58772315 59.58772315 59.58772315 59.58772315
 55.39605168 59.58772315 59.58772315 59.58772315 59.58772315 59.58772315
 59.58772315 59.58772315 56.63860937 59.58772315 59.11271987 59.58772315
 59.58772315 59.58772315 59.58772315 57.42770184 59.58772315 59.58772315
 59.58772315 59.58772315 56.5185903  59.58772315 59.58772315 59.58772315
 59.58772315 59.58772315 59.58772315 59.58772315 59.58772315 59.58772315
 59.58772315 59.58772315 59.58772315 59.58772315 59.58772315 59.58772315
 59.58772315 59.58772315 58.0692035  59.58772315 59.58772315 59.58772315
 59.58772315 59.58772315 59.58772315 59.58772315 59.58772315 59.58772315
 59.58772315 59.58772315 52.26335193 59.58772315 59.58772315 59.58772315
 59.58772315 59.58772315 59.58772315 59.58772315 59.58772315 59.58772315
 56.5533269  53.90518614 59.58772315 59.58772315 59.58772315 59.58772315
 59.58772315 59.58772315 59.58772315 59.58772315 59.58772315 59.58772315
 59.58772315 53.5791609  59.58772315 59.58772315 59.58772315 59.58772315
 59.58772315 59.58772315 59.58772315 59.58772315 59.58772315 59.58772315
 59.58772315 59.58772315 59.58772315 59.58772315 59.58772315 59.23342306
 59.58772315 59.37974004 59.58772315 59.58772315 59.58772315 59.58772315
 59.58772315 59.58772315 59.58772315 59.58772315 59.58772315 59.58772315
 59.58772315 59.58772315 59.58772315 59.58772315 59.58772315 59.58772315
 59.58772315 59.58772315 58.14140658 58.64306068 59.58772315 59.58772315
 44.35085916 59.58772315 59.58772315 59.58772315 53.07463486 59.85902474
 59.58772315 59.58772315 59.58772315 59.58772315 59.58772315 59.58772315
 59.58772315 59.58772315 59.58772315 59.58772315 59.58772315 59.58772315
 59.58772315 59.58772315 59.58772315 59.58772315 35.29329512 59.58772315
 59.58772315 59.58772315 59.58772315 59.58772315 59.58772315 59.58772315
 53.45921055 59.58772315 59.58772315 49.77202378 59.58772315 59.58772315
 59.58772315 59.58772315 59.58772315 55.13415591 59.58772315 59.58772315
 59.58772315 59.58772315 32.72834527 59.58772315 59.58772315 59.58772315
 59.58772315 46.70700016 59.58772315 59.58772315 59.58772315 59.58772315
 59.58772315 59.58772315 59.58772315 59.58772315 59.58772315 59.58772315
 59.58772315 59.58772315 59.58772315 59.58772315 59.58772315 59.58772315
 59.58772315 59.58772315 59.58772315 59.58772315 59.58772315 59.58772315
 59.58772315 59.58772315 59.58772315 59.58772315 59.58772315 59.58772315
 59.58772315 59.58772315 53.72513909 59.58772315 59.58772315 59.58772315
 59.58772315 59.58772315 59.58772315 59.58772315 56.87475479 59.58772315
 59.58772315 59.58772315 59.58772315 59.58772315 59.58772315 59.58772315
 59.58772315 59.58772315 59.58772315 59.58772315 59.58772315 59.58772315
 59.58772315 59.58772315 59.58772315 59.58772315 59.58772315 59.58772315
 59.58772315 59.58772315 59.58772315 59.58772315 59.58772315 59.58772315
 59.58772315 59.58772315 59.58772315 59.58772315 59.58772315 59.58772315
 59.58772315 59.58772315 59.58772315 59.58772315 59.58772315 59.58772315
 59.58772315 34.38782346 59.58772315 59.58772315 59.58772315 59.58772315
 59.58772315 59.58772315 59.58772315 59.58772315 59.58772315 59.58772315
 49.20188385 54.76123552 59.58772315 59.58772315 59.58772315 59.58772315
 59.58772315 54.24748359 59.58772315 52.10601646 59.58772315 59.58772315
 59.58772315 59.58772315 59.58772315 59.58772315 59.58772315 59.58772315
 59.58772315 59.85082508 59.58772315 59.58772315 59.58772315 59.58772315
 59.58772315 59.58772315 59.58772315 53.50096824 59.58772315 59.58772315
 59.58772315 59.58772315 59.58772315 59.58772315 59.58772315 59.58772315
 59.58772315 59.58772315 50.20805522 59.58772315 59.58772315 59.58772315
 59.58772315 59.25870268 59.58772315 59.58772315 59.58772315 59.58772315
 59.58772315 59.58772315 59.58772315 59.58772315 59.58772315 59.58772315
 59.58772315 59.58772315 59.58772315 59.58772315 59.58772315 59.58772315
 59.58772315 59.58772315 59.58772315 59.58772315 58.62060267 59.58772315
 59.58772315 59.58772315 59.58772315 59.58772315 59.58772315 59.58772315
 59.58772315 59.58772315 59.58772315 59.58772315 59.58772315 59.58772315
 59.58772315 59.58772315 59.58772315 59.58772315 59.58772315 59.58772315
 59.58772315 59.58772315 59.58772315 59.58772315 59.58772315 59.58772315
 59.58772315 59.58772315 59.58772315 59.58772315 59.58772315 59.58772315
 59.58772315 19.73539116 59.03092655 52.23890986 59.58772315 59.58772315
 59.58772315 59.58772315 59.58772315 59.58772315 59.58772315 59.58772315
 59.58772315 59.58772315 42.47327357 59.58772315 59.58772315 59.58772315
 59.58772315 59.58772315 59.58772315 59.58772315 59.58772315 59.58772315
 59.58772315 59.58772315 59.58772315 59.58772315 59.58772315 53.69177008
 59.58772315 59.58772315 59.58772315 59.58772315 59.58772315 59.58772315
 59.58772315 59.58772315 59.58772315 59.58772315 59.58772315 59.58772315
 44.98029242 59.58772315 59.58772315 59.58772315 59.58772315 59.58772315
 59.58772315 59.58772315 59.58772315 59.58772315 58.07819085 59.58772315
 59.58772315 59.58772315 59.58772315 59.58772315 59.58772315 59.58772315
 59.58772315 59.58772315 59.58772315 59.58772315 59.58772315 59.58772315
 59.58772315 59.58772315 59.58772315 59.58772315 59.58772315 59.58772315
 59.58772315 59.58772315 59.58772315 59.58772315 59.58772315 59.58772315
 59.58772315 48.68260323 59.58772315 59.58772315 59.58772315 59.58772315
 59.58772315 59.58772315 59.58772315 59.58772315 59.58772315 59.58772315
 59.58772315 59.58772315 59.58772315 59.58772315 59.58772315 59.58772315
 59.58772315 59.58772315 59.58772315 59.58772315 59.58772315 59.58772315
 59.58772315 59.58772315 58.22106164 59.58772315 59.58772315 59.58772315
 59.58772315 59.58772315 59.58772315 59.87421791 59.58772315 59.58772315
 59.58772315 59.58772315 59.58772315 59.58772315 59.58772315 59.58772315
 55.59456058 59.58772315 59.58772315 59.58772315 54.00784948 51.99837537
 59.58772315 59.58772315 59.58772315 59.58772315 48.73074728 59.58772315
 59.58772315 59.58772315 59.58772315 59.58772315 55.03175268 59.58772315
 59.58772315 59.58772315 59.58772315 59.58772315 59.58772315 59.58772315
 59.58772315 59.58772315 59.58772315 59.58772315 59.58772315 59.58772315
 59.58772315 59.58772315 59.58772315 59.58772315 59.58772315 59.58772315
 59.58772315 59.58772315 59.58772315 55.99763434 59.58772315 59.58772315
 59.58772315 47.76694923 59.58772315 59.58772315 59.58772315 59.58772315
 59.58772315 59.58772315 59.58772315 59.58772315 59.58772315 59.58772315
 59.58772315 59.58772315 59.58772315 59.58772315 59.58772315 59.58772315
 59.58772315 59.58772315 59.58772315 59.58772315 59.58772315 59.58772315
 59.58772315 59.58772315 59.58772315 59.58772315 59.58772315 59.58772315
 54.02528825 59.58772315 59.58772315 59.58772315 59.58772315 59.58772315
 59.58772315 59.58772315 59.58772315 59.58772315 59.58772315 59.58772315
 59.58772315 59.58772315 59.58772315 59.58772315 51.4397578  59.58772315
 59.58772315 59.58772315 59.58772315 59.58772315 59.58772315 59.58772315
 57.66486996 59.58772315 59.58772315 59.58772315 59.58772315 58.48875762
 59.58772315 43.02519817 59.58772315 59.58772315 59.58772315 59.58772315
 59.58772315 59.58772315 59.58772315 59.58772315 59.58772315 59.58772315
 59.58772315 59.58772315 59.58772315 59.58772315 59.58772315 59.58772315
 59.58772315 59.58772315 59.58772315 59.58772315 59.58772315 59.58772315
 59.58772315 59.99402192 59.58772315 59.58772315 59.58772315 59.58772315
 59.58772315 59.58772315 59.58772315 59.37576171 59.58772315 59.58772315
 59.58772315 59.58772315 59.58772315 59.58772315 59.58772315 59.58772315
 59.58772315 50.54707335 59.42575676 59.58772315 59.58772315 59.58772315
 59.58772315 59.18681142 59.58772315 59.58772315 59.58772315 59.58772315
 59.58772315 59.58772315 59.58772315 59.58772315 59.58772315 59.58772315
 59.58772315 59.58772315 59.58772315 59.58772315 59.58772315 59.58772315
 59.58772315 59.58772315 59.58772315 54.81185921 59.58772315 59.58772315
 59.58772315 53.61619841 59.58772315 37.7806963  59.58772315 59.58772315
 59.58772315 59.58772315 59.58772315 59.58772315 59.58772315 59.58772315
 59.58772315 58.70650124 59.58772315 59.58772315 59.58772315 59.58772315
 59.58772315 59.58772315 59.58772315 59.58772315 59.58772315 59.58772315
 59.58772315 59.58772315 59.58772315 59.58772315 59.58772315 59.58772315
 59.58772315 59.58772315 59.58772315 59.58772315 59.58772315 59.58772315
 48.33504718 59.58772315 59.58772315 59.58772315 59.58772315 59.58772315
 59.58772315 59.58772315 59.58772315 59.58772315 59.58772315 59.58772315
 59.58772315 57.1915558  59.58772315 59.58772315 59.58772315 59.58772315
 59.58772315 59.58772315 59.58772315 59.58772315 59.58772315 59.58772315
 59.58772315 59.58772315 59.58772315 59.58772315 59.58772315 59.58772315
 59.58772315 59.58772315 59.58772315 59.58772315 48.72445266 59.58772315
 59.58772315 59.58772315 59.58772315 59.58772315 59.58772315 59.58772315
 59.58772315 59.58772315 59.6243583  59.58772315 59.58772315 59.58772315
 59.58772315 59.58772315 59.58772315 59.58772315 59.58772315 59.58772315
 59.58772315 59.58772315 59.58772315 59.58772315 59.58772315 59.58772315
 59.58772315 38.62495926 59.58772315 59.58772315 59.58772315 59.58772315
 59.58772315 59.58772315 59.58772315 59.58772315 59.58772315 59.58772315
 59.58772315 59.58772315 59.58772315 59.58772315 59.58772315 59.58772315
 59.58772315 59.58772315 59.58772315 59.58772315 59.58772315 59.58772315
 59.58772315 59.58772315 59.58772315 59.58772315 51.43227977 59.58772315
 59.58772315 51.49140453 59.58772315 59.58772315 59.58772315 59.58772315
 59.58772315 59.58772315 59.58772315 59.58772315 59.58772315 59.24364661
 59.58772315 59.58772315 59.58772315 59.58772315 59.58772315 59.58772315
 59.58772315 59.58772315 59.58772315 59.58772315 59.58772315 59.58772315
 59.58772315 50.69581281 59.58772315 59.58772315 59.58772315 59.58772315
 59.58772315 59.58772315 59.58772315 59.58772315 59.58772315 59.58772315
 59.58772315 59.58772315 59.58772315 59.58772315 59.58772315 59.58772315
 33.42434777 59.58772315 59.58772315 59.58772315 59.58772315 59.58772315
 57.32778025 59.58772315 59.58772315 59.58772315 51.67802437 59.58772315
 59.58772315 59.58772315 59.58772315 59.58772315 57.57395881 59.58772315
 59.58772315 59.58772315 59.58772315 59.58772315 59.58772315 59.58772315
 59.58772315 59.58772315 59.58772315 59.57121471 59.58772315 59.58772315
 59.58772315 59.58772315 59.58772315 59.58772315 59.58772315 59.58772315
 59.58772315 59.58772315 59.58772315 59.58772315 59.58772315 59.58772315
 59.58772315 59.58772315 59.58772315 59.58772315 59.28278519 59.58772315
 59.58772315 59.58772315 59.58772315 59.58772315 59.58772315 59.58772315
 59.58772315]