[50.68715061 52.26875659 44.57481007 43.88591709 45.6798786  30.08827821
 48.69407091 14.91358355 47.96175698 46.00869262 51.1202561  50.49353669
 55.8843359  44.34531406 38.40976471 48.14229525 48.47001648 40.23872797
 38.30202159 57.91435222 48.85582711 53.35841236 40.68299247 50.21276353
 52.0895565  33.92127484 54.75822243 56.95208392 37.57215159 34.83360448
 40.8797274  44.60145689 47.97555882 19.80666975 42.96314388 21.75169425
 53.14349658 18.1456831  46.29939805 44.88514041 44.05998444 40.01246731
 52.35093159 55.68860007 57.04825623 52.12560235 49.75543829 31.22555923
 43.62840346 31.16593066 54.59640279 57.08431804 54.66613152 33.14886897
 49.07424598 52.08810207 40.93839963 50.4276371  56.34698936 43.55360275
 29.3125735  37.98274363 48.74232484 46.71637663 47.16185607 48.04059659
 47.13969347 48.40080272 40.1499586  56.82749643 52.25598516 49.43066176
 56.64534444 34.75512759 38.63574675 54.21734034 55.27259407 40.74308709
 57.86897694 47.5568097  53.56599    44.56937777 24.51510841 51.4279455
 54.36922466 49.28564054 44.76348159 48.73437897 53.98843691 39.85210759
 54.90193976 15.97326046 46.54414869 50.68141511 33.15032953 42.71906166
 47.93860796 53.90417568 44.82268237 43.03357248 50.68814228 31.03983267
 38.02227772 14.24306335 46.96065016 55.39648923 37.31806043 50.73268542
 39.31834164 57.01590591 38.24523153 37.39018978 52.57216525 49.87349431
 45.40091176 36.59733616 39.63739455 56.73714027 33.38159448 50.85629029
 53.20458493 42.03885981 46.21593526 49.54681635 57.87408509 36.28155181
 51.24261453 28.79874824 32.58565922 54.44655575 57.2845188  24.56122778
 39.30370292 46.1293463  51.8990909  45.44325474 34.15611108 56.3068481
 12.74672425 45.15229255 56.40088495 54.39799545 47.97889472 50.69441668
 58.18340391 42.25120836 57.02750121 45.56883688 52.52736642 55.68401378
 45.22645637 43.92501581 42.44051677 47.90897031 46.05868441 46.64890625
 51.07209486 54.54319351 52.45643613 48.56714119 46.45676773 49.90300706
 56.59462122 44.56986673 51.79962261 55.54759234 47.89439237 44.17828997
 45.13765409 49.5486958  52.05400511 41.87569798 51.05148502 39.40354856
 50.19353935 42.76545359 26.14789553 46.42234936 46.04626086 25.298167
 49.65513897 56.56621699 46.81332061 46.56982825 56.29956534 39.78116867
 40.36767886 38.1232465  50.1246859  23.94235804 45.95775319 39.97819447
 55.8411219  37.89569855 47.14861619 46.18112559 53.2040291  49.5509362
 48.73003402 47.76441995 37.68090446 39.94525052 56.05942446 51.28533417
 35.96695943 55.49463294 16.3369608  44.30127993 52.44218154 56.31418282
 49.41262169 46.99311184 55.05588848 57.00460044 47.9474047  56.26590785
 48.32716997 54.09049119 49.37585967 54.21362885 53.19772698 56.18799092
 48.91716344 48.29641254 36.53538012 10.63910798 49.32259014 30.75600514
 24.29156522 34.06741748 52.58549322 44.09234852 22.67354954 46.30328817
 36.45759946 15.02586217 53.10356561 44.50591157 50.88726357 45.51258593
 49.63847364 51.92201323 42.36331586 35.55635155 35.55406792 43.01996981
 44.7868962  27.86804587 47.18582164 55.97236163 43.93016134 55.44812315
 57.01610849 32.79442817 35.45862637 53.19089931 47.10797035 17.52187111
 46.59842763 42.68886441 49.32985916 55.19560359 51.44723412 37.67745492
 49.36790284 49.26002948 48.65895109 36.95013163 52.91058976 46.99541115
 53.35778438 50.38274974 46.06615623 40.83953728 57.8759095  43.7674857
 48.04823716 55.26671673 33.10608701 47.05502131 38.16120791 49.89572852
 47.43281073 50.51847053 54.87649869 30.96437687 49.18723223 54.20354995
 51.94888104 56.84152831 44.83647718 41.33424363 45.21463671 50.51791307
 27.053008   48.1025934  55.67068959 49.40234152 52.52827858 31.92231198
 41.40832051 40.54144775 49.81595246 45.31637167 38.41819383 42.73893562
 57.14316017 45.77608096 38.96090855 55.5786522  44.73167779 39.83936248
 53.2254346  17.68721263 51.52406927 44.45587402 49.51785654 29.81541462
 50.32712442 54.71128508 44.09286754 18.54352445 25.79448516 56.06951526
 54.42540293 45.99386069 47.55543356 51.7381935  52.04509499 47.72532956
 39.31609346 30.52129448 43.26511311 47.8373818  43.42260765 49.39137075
 53.10688839 54.77137735 51.23381355 50.74140865 54.74108036 49.35517618
 56.49009687 41.94139343 55.5425038  55.22570077 52.12726329 54.71823069
 54.99913707 47.61557902 37.6058254  48.28510776 51.01260667 50.53913146
 50.27446503 53.01382204 47.5411882  49.14223964 40.54962459 48.24760014
 55.54503987 40.81514804 39.44837935 17.59138917 55.44446993 24.8776767
 51.31966388 51.27720988 42.48160447 48.80008791 44.50039667 48.60751485
 40.94021757 53.77737817 47.20850286 39.10004947 55.9472369  37.39469698
 47.10109909 57.34367542 36.5154595  45.74140617 44.65158053 45.30486784
 50.53202368 40.86659336 50.05667939 42.28869434 53.39705194 54.43809285
 45.71092633 39.246409   39.74206676 52.9597576  43.98892581 49.19410675
 45.1452405  38.14421509 56.01655274 29.38502719 53.68837212 54.65357136
 35.58935876 49.42062139 42.07792288 53.09070769 53.1075594  35.53033716
 26.02609803 56.75578282 36.26342408 45.15831586 55.45036048 37.85557446
 23.49161001 43.36466758 18.52482808 39.34669752 28.05378306 50.61676116
 21.76903391 25.90914522 38.56670585 55.40717337 55.13913035 24.03586883
 41.10784485 39.27834027 55.99827767 41.9279442  47.54611658 50.72564639
 12.11074177 32.66399893 28.6562612  52.03923571 48.50613759 58.38480549
 45.05434479 38.52702941 47.58323599 49.59490125 53.99359492 46.92007347
 43.206124   54.40188743 32.45140797 33.17108581 44.75751408 29.1603811
 52.15131979 56.7239616  46.92076997 40.8448043  48.61732314 56.27757602
 49.46196752 39.41094925 51.10761403 45.61040629 35.99992961 52.14612957
 49.89052121 50.05105668 41.92311058 50.85891727 46.69824872 44.88037662
 48.20861319 22.06732997 55.52997712 57.22872565 53.47058834 39.88565541
 56.15737247 51.64165183 49.95172173 52.38263714 51.60684    49.20624631
 43.50441256 54.85591177 55.35346489 44.7639223  28.60942801 43.55083461
 40.39858194 43.20671401 55.62928465 40.50812541 50.86048387 52.03544842
 53.76104134 44.70933435 46.88367561 55.84230988 52.34541503 21.30763392
 37.97237353 35.82288496 48.62045463 44.4679156  46.02863608 51.28694198
 51.45034032 55.92700686 34.09380058 32.73797904 51.75965436 42.75853359
 55.09971297 41.94956677 56.7886814  53.74530604 43.49915468 52.42667603
 57.28417661 57.05992563 28.90398785 51.84544783 46.72493062 44.99489483
 57.38860556 41.48681948 43.43393953 46.60320267 46.58180206 49.44011327
 47.24821287 42.40285361 33.0364201  53.42944987 39.42366815 55.64309609
 44.95009394 58.6517817  47.43712886 49.87964706 51.96769507 40.27209248
 52.88048088 46.75984779 41.79388553 47.90814777 27.06302555 48.81627972
 48.68673681 34.94221861 49.47200191 35.91743271 54.81751745 54.56793657
 28.50325913 28.43535613 51.40194595 45.79331007 57.90859677 43.77962617
 52.66074638 44.4785227  53.81018014 50.88636843 55.34115669 50.67250616
 41.29014604 35.18945447 50.67696627 10.74870155 32.89319521 48.20377741
 22.81485045 51.03201972 48.21431518 50.46388691 47.0097979  48.51950047
 49.14488371 47.08913131 35.61979558 42.93802881 30.97785974 54.96870508
 52.04361005 46.77092935 52.53054371 36.82336795 35.45802958 51.14272547
 37.08752622 58.36037721 46.41254182 39.36224554 47.6143387  51.08728359
 31.56369848 36.72685975 45.94325713 51.00225448 48.054574   53.46481516
 53.13414396 47.75858179 49.25174185 56.01499983 48.43588278 51.99413581
 36.84741279 54.57950485 48.51943628 50.36752829 40.60911387 37.329916
 48.51240355 48.60083456 23.49675404 55.69145439 19.75047825 55.46504296
 29.23395899 56.40012705 42.43670721 46.36056469 13.74962089 58.07575442
 54.55941541 52.19067283 54.07293097 43.01646586 53.66577513 52.85787872
 40.46537662 46.06717906 51.88348081 52.33070083 47.77253434 55.64907035
 56.18738575 46.05967893 36.88823036 42.66006454 47.46125394 43.22147508
 20.3704765  30.49857729 49.3520992  36.86947345 53.54356209 52.9848184
 43.86953515 53.80170718 47.74466162 45.24799129 47.59127228 35.2241321
 57.02702463 45.84911424 47.41872794 35.16437362 31.9489665  50.80525843
 41.69872902 41.58839026 50.50518121 36.89764886 51.40369751 52.1620849
 49.62446012 48.48152857 28.84490566 53.88279426 35.46793329 48.99328772
 40.83209476 55.03894978 50.61388841 51.12426804 54.27507112 45.90599914
 22.63415056 50.98830335 41.39017882 30.08400222 56.66412372 45.0440465
 45.3874352  55.49273938 47.91418446 52.04689647 52.32019516 52.39160318
 29.8282025  45.86946487 40.07930311 38.06524127 40.86203208 49.05811021
 38.56247565 54.40694589 48.24752046 35.44756362 50.26082399 38.36155555
 37.90247388 57.85230127 43.1307391  55.4415929  51.29599252 55.13449273
 36.80137663 39.82604707 49.52342462 55.76731621 47.09984289 52.09178313
 44.7022673  16.3685114  54.54543267 55.35304195 57.9131229  51.01485686
 53.4418588  56.42181304 37.64886619 54.63839433 56.54017068 50.34772755
 49.63824167 33.55271365 38.92952615 36.52059868 25.99015651 30.29883051
 56.58402986 33.57961756 49.19506509 36.30135344 52.76822899 44.30239025
 46.19389029 56.28552864 51.19818441 53.19898618 26.60857134 57.67747138
 53.92629949 58.46083489 52.64389878 48.5075335  48.41994247 35.52179187
 57.81334581 48.99123249 53.3661354  54.69345581 47.09573048 49.15460534
 45.08467285 52.59620569 49.54726803 32.67669918 42.7119574  49.78305191
 52.90813073 43.60922281 50.12195319 52.43733317 45.34844238 47.71459375
 53.5047475  51.41024736 51.23593878 37.49480738 29.88812526 48.57578649
 47.1541836  28.43800767 48.38483002 46.28767291 33.47941969 35.18244694
 46.45017919 55.02811223 33.90401238 40.4040437  55.50008239 38.91756392
 35.41464497 29.7547271  47.78948088 31.24573423 57.44114815 58.52040035
 49.13871803 48.85540686 41.22957079 44.12228358 44.07761268 35.12093533
 52.91329453 55.10634565 47.98441357 41.65002496 53.38859062 52.68157256
 49.34126053 21.42630332 52.63549229 53.33527509 38.72627497 51.0144336
 50.44719651 44.38008893 52.05676859 39.55738379 45.24307075 52.6460642
 35.97699083 51.23565247 52.08720762 51.10385586 52.30785367 41.82351268
 32.43361449 52.65738544 51.57710053 51.33132288 53.54042325 50.82172732
 56.69928851 51.63455525 55.3053818  50.19794186 55.43505874 47.47096857
 53.80364302 43.76890716 55.49969949 35.29093626 50.53607997 56.9715975
 53.57887086 55.2217243  38.03720477 55.01550388 52.33125017 45.90759839
 34.49667398 56.89999629 22.713355   49.87599405 17.68580379 51.23048715
 37.57224682 50.7284819  47.33157087 32.80830956 56.95784893 49.21220376
 40.87212948 42.91141501 55.8027727  48.70692859 49.65670541 39.31926527
 50.10083384 49.05175457 43.330297   45.72210145 50.66778617 33.47121392
 41.34476493 56.09439091 52.22117907 42.72888648 52.03116389 45.07978411
 33.28775287 51.64176794 38.12640854 44.00217693 12.42400547 47.80085137
 43.97454364 47.03227681 33.20002768 52.17052645 40.14273772 44.31683597
 36.9876581  43.28205604 52.67516228 28.00532038 50.16353247 33.67958113
 53.93928428 55.5407981  51.05450502 57.62863484 37.98089233 47.76383555
 53.34896811 26.68901419 44.21626044 46.36637038 54.43286622 34.50850385
 39.03213721 44.08185772 46.80705295 48.55337351 53.16149596 44.37422611
 55.85392239 49.88611761 55.9233414  44.08028811 46.95186408 50.40747563
 33.68902002 57.98671373 53.34968732 52.18502807 46.29701494 49.45380259
 40.00549049 58.24082147 39.00686454 45.62901076 50.62322402 50.98468275
 42.92074156 30.55389833 53.33835257 57.88429554 39.99196358 51.45442568
 48.7798803  17.12876706 45.98941691 41.6034968  25.7881021  48.03782789
 56.89767114 40.10401638 49.77460762 44.7291463  41.0665128  55.48207301
 39.85363799 40.67905489 43.977839   24.74096428 46.62096609 47.99975663
 45.70814167 53.59790012 39.34430562 41.15150371 41.94997327 55.46725175
 28.04013664 41.03790991 47.04160143 32.82990048 40.18298355 26.13126155
 49.06998109 56.27996526 52.21194218 52.67928048 58.49682409 53.67382221
 53.12347184 28.58681974 56.82751211 49.61242822 52.53676165 51.32255403
 37.05886997 22.92756545 39.40176234 49.966479   45.94990063 51.28907729
 40.6301312  51.48548185 45.81359196 43.8319463  37.27021551 56.22388635
 53.88358919 48.55041833 33.04217893 55.69286347 56.04910902 48.01049635
 57.34663072 49.21400419 32.04091739 44.87138889 51.50301596 14.02354207
 53.10496712 49.80875122 27.72459866 56.91618779 56.2239587  49.41655461
 51.39957496 34.28280657 57.53514596 52.90478287 49.83031718 45.41938984
 16.59154144 48.1541324  44.86470677 31.19428122 42.36161737 56.74963573
 34.65631465 34.8389476  45.17372827 54.08826296 48.11804235 55.02405122
 38.67049808 56.35755459 49.95064558 47.57145632 43.78993543 48.14638385
 44.54909787 55.41355783 43.06798344 50.83471329 50.34635217 55.18331496
 36.43624044 46.54009922 24.16832117 51.83868706 31.69067424 52.17040851
 33.91461012]