[16.7636496  34.42684339 12.57300042 16.34487422 14.86869804 17.64454415
 16.00719931 12.73738158 12.69721316 25.26459406 24.90094078 32.63345024
  8.39820011 12.4505449   6.63478077 21.60653754 16.18384476 17.49889117
 24.86111299 17.29503017 12.97552288 14.25961917 10.84732488 11.95049651
 25.04813435 24.81606945 10.74034703 13.99823858 16.52307692 10.31617325
 17.82635418 22.45144034 19.3986771  14.03689755 13.7767951  15.74134911
 21.27212123 15.33217877 20.3647738  17.79063999  6.55992398 18.9627927
 10.18876912 24.27732343 14.72544099 28.6880734  31.88688352 27.44957014
 15.79969879 10.6353595  18.6317376  13.9297624  10.8656291  15.41918466
 14.95302709 16.98011258  8.33821551 11.49898473 20.69656371  9.43792097
 19.5388126  17.36907836 12.87549424 14.20966475 13.63920273 21.44567084
 18.12896819 15.98488445 15.85064495 21.82001191 25.79789254  9.4494733
 13.34564154 10.08047932 12.38312918 10.76254777  9.09984141 10.77483771
 10.48642178 19.07401401 14.97874132 26.63346207 12.15616585 12.14062913
 23.5588433   9.13049969 38.32492791  8.17071862  9.3629821  16.95303288
 16.60864874 25.06419972 12.012371   17.34939509 12.85807637  8.05796123
 23.07792091  9.20474434 16.93393163 34.70871245 22.92171979 17.87931802
 23.87502376 27.50319157 19.66525748 36.33609636 15.61675642 22.62140576
 30.07696441 30.65128502 13.63313137 22.25732446 14.89889695 15.08154845
 12.83564315 20.9540606  11.95883935  7.47019174 21.22434725 16.36577634
 16.20136305  7.8303603  15.47645472 32.12868736 17.90172897 21.47297828
 21.64269359 18.96965106 12.62180954 10.61065771 12.68511774 37.8790338
 12.10918725 17.02587457 12.64289078 27.32104406 32.30708994 27.09344618
 24.08124772 14.44191078 31.3095962  16.10224624 20.43275608 17.93905629
  5.53922158 22.382361   11.8433941  18.72560629  9.71119742 16.05249982
 15.79237099 16.99653775 25.83952671 23.04257787 19.75476459 23.56919486
 12.05772908 27.44727738 25.85659574  7.13867578  7.57180679 10.33725818
 14.61998328 14.66665608 28.02647711 25.89882371 25.34285588 12.59069173
 12.39672834 25.49502019  7.94282535 12.18463784 16.45658321 23.67254451
  9.29028582 13.47942063 22.92091651 26.91850288 20.05570229  6.83580751
 23.25441727 16.97852978 18.71597547 14.21713476 13.54479734 19.96652021
 19.97503788 15.13017441 13.28025482 26.5803252  18.47421498 18.86883863
 23.43776509  7.96867543  7.03211159 23.60655051 12.39865993 26.03592444
 19.59827966 13.76621484 15.94758108 35.19613929 17.96775733 18.83705932
 17.57125582 29.66731492 11.77473425 27.75716681  9.84191358 23.28021989
 35.25166641 23.90916823 16.24500278 25.67925099 14.75491426 23.69714553
 15.51458227 22.20323527 15.43110002 12.92973662 27.48920863 28.94776055
 14.62450343 17.42946078 13.09980964 14.24525307  8.71389612  7.53974943
 12.47422934 11.67751176 25.66282252 22.4006706  10.39653792 13.67740862
 19.3830212  16.46844451  8.42308295 13.52670152 15.22728282 11.03559634
  9.43422593  8.51486785  9.73049776 12.98954179 10.57414408 13.13176236
 18.63154344 13.77222481 10.39791942  8.17182833 11.41679332 22.86106535
 12.04902951 22.94781636 25.40887431  6.81808429 20.66970714 26.69075966
  7.80522009 14.53585259 21.45192854 14.99003465 10.09684973 13.8300978
 23.77561909 11.712455   15.25672718 20.26691718 22.92057828 23.554384
 26.64967126 17.22317224 16.75487663 20.65648736 16.58931944 17.02870604
 14.2067838  14.18759475 12.95121395 13.18722866 12.86913784 11.41361571
 26.45013062 14.85050224 23.74891368 18.46852547 25.37458825 18.62475401
 12.86179119 11.90748911 13.99870518  7.47160991  9.44129686 19.97029099
 10.68189529 19.88655352 21.22560402 31.62892281 15.17311577 16.84708066
 13.76274613 13.45967081 27.6094256  17.05555765 18.77708441 11.60447866
 27.29660324 10.29902656  9.00460021 19.76154938 13.36669137 11.272213
 20.47004874 18.52405036 12.14002294  9.05249927 13.62670305 16.31516951
 12.31705042 15.90122656 15.98800019 13.92111431  9.26138407 11.18807805
 14.91395829 17.62218857 22.04474398  9.88093248 11.76335758 11.05111394
 11.82369185  9.02209632 15.58616001 22.34436546  9.22905314 20.00155296
 22.70521427 15.39503246 13.74456615 18.11123272 31.57721702 11.63272083
 18.96536035 11.49079837 23.51962634 24.76282268 31.67716054 12.13179398
 29.13826077  8.47427408  9.58395507  7.72366019 16.47954864 14.45515155
  7.06936659 11.28928661 14.27520207  8.70541774 38.81003843 10.63163494
 13.13694799  8.44278942 31.20421276 14.90154912 15.62503979  8.69636109
 23.70906902 18.72735606 26.1568006  10.81418305 16.51785571 35.91295765
 20.05687506 10.77040025 13.19252902 44.60743403 23.93348493 12.9106764
 16.7325839  27.69664725 27.34331645 15.84791744  7.21897104 30.84490003
 12.89540797 17.84784545 20.32981711 30.01152661 24.90681643 12.11070895
 19.06910126 21.01331292 12.05945676 12.59042695 23.74539388 16.68487598
 29.42627008 13.42322219 25.3985362   9.40145837 23.74449225 18.23148825
 26.04527365 14.56774866  6.71827333 13.89612198 16.50175629 20.12895052
 17.8651014  22.77392731 14.26679347 21.22676141 36.44734506 31.04410108
 13.51280761 11.22326307 24.37507027 22.00671365 24.22966693 18.01939416
 10.81314192 13.40413905 10.93030211  9.86166266 10.00225976 30.94375691
 18.28269025 19.81418546 14.56024837 10.05217594 20.07521635 24.54028054
 35.42749921 12.98362487 16.73267257 18.35839056 12.41228525 26.54490486
 13.29152702 25.08882504 12.2697643  14.85056227 20.31009676 12.36612074
  5.81076099 13.08398896 31.61640847 21.22609105 15.06604981 12.75868138
 16.51011796 24.88899211 12.33549267 15.43693339  6.87023716 13.20524302
 17.7860849  29.88964641 13.63516856 16.48495938 29.42316804 24.17066593
 25.78346324 11.14020669 11.02711247  7.00414573  8.56723707  9.60746127
 11.03606533 11.4110255  14.76128939 14.38388798 22.00994095 19.72067726
  7.91113     9.7879335  27.36732002 34.14301955 17.54645786 12.29551609]