[30.03362687 30.42036401 19.10341938 37.31703713 15.6078987  26.15034918
 16.35257377 14.0605113  18.31911634  9.18919813 24.97527003 19.95032365
  9.7438687  26.73323188  7.53114733 34.91946798 10.02906192 24.68470744
 18.69867605 19.02612362 21.04431662 21.64237228 19.10406947 18.97860584
  8.91667052 30.97128545  8.75522859 27.19609844 20.35593128 14.56968263
 20.96658563 17.35919778 19.34597726 26.33952567 10.90039569 35.57819306
 35.23429914 15.22500486 22.7380023  22.62774344 27.62035263 26.91731759
 26.8405647  14.35571881  8.88245659 21.25138991 48.22548863 18.50787023
  7.53377442 15.96333939 34.07205296 16.52020203 17.69076836 20.76830749
 15.08958758 22.28398871 14.781195   20.38948077 27.61057885 31.75524695
 13.42647679 17.50653249 35.64740164 24.64078104 25.66950144 21.74905402
 15.97773255 13.76399757 33.08770379 21.78175066 12.87374992 27.08644584
 31.66803131 15.38752843 29.44328253 18.9048843  24.6410734  28.79748234
 21.6903796  16.14022919 10.56190386 22.33687039 39.1967775  10.08973958
 21.70996023 22.4067792  11.99578801 25.59069819 26.70065184 20.10104777
 30.19855331 15.49888976 33.69494501 15.92726725 26.99561022 25.21757335
 31.19022326 13.54933757 25.39408992 24.0336841  27.18759769 16.46575433
 39.81267388 38.10560835 18.55362158 32.14590154 19.77665086 25.75273981
  9.09336261 21.50638427 29.35269947 22.67130025 35.16769201 15.35042892
 11.79020652 16.36687803 16.73653985 21.75042104 14.17290533 26.11439749
 29.76906351  7.10685782 13.93168188 36.90628246 12.63988451 20.3721693
 22.78703289 23.79357254 26.24010893 43.32251915 42.05953365 12.80125245
 36.19821152 11.32686114 22.94976229 19.94786717 19.77952363 29.7213963
 24.31737183 41.01712296  8.29452701 30.72191307 24.85029358 31.80125219
 19.80757323 23.98356733 22.29938766 29.16784947 28.89465012 45.97928646
  7.86604762 33.5631853  33.00598601 19.86515842 25.67619554 30.62912601
 17.13406029 21.55542374 39.14526393 24.53318305 30.71399223 25.43083578
 12.87585706 25.84236811  8.00400503 17.43370646 39.01489621 17.3927697
  9.26567744 22.69555687 18.86995493 23.99852936 23.71339136 11.17659502
 29.80371224 25.49449746 26.37962508 18.7570013  22.90268005 12.0358742
 35.14730302 17.85938017 13.1739255  16.46888038 48.24686585 29.11351422
 25.00639223 24.03002622 25.81559934 22.48271447  7.43038902 27.69617753
 21.95576461 41.70757728 17.10425688 45.86379453 24.73392568  8.31625233
 14.07553716 20.18589019 13.99545101 42.14094628 31.2917302  19.00907892
 26.48079053 12.7338058  19.4780117  16.03555448 20.09773264 15.43143962
  9.94036287 11.52654299 25.32598707 48.89320134 27.01227272 26.72219059
 24.33912991 13.20090495 21.708872   25.96844307 22.77844395 20.35572227
 16.19768969 21.01618466 46.85868506 26.17239565 26.77903952 20.91179111
 14.74522865 25.64078534 13.19843215 13.55690058 17.22889826 27.17711842
  7.87838072 31.67065088  7.19114007 10.948648   18.63162974 16.16479247
  9.0978058  20.80915872 26.46369196 30.87370524 24.91833643 21.06160052
 19.85871977 40.0959753   9.47398707 24.14591817 34.61376345 30.50700924
 18.83024347 29.62012166 35.6543535  36.71981945 18.1999374  27.01682361
 18.57669073 22.71647081 14.06214318 15.96966212 15.67946423 22.38641233
 24.6679166  32.10570388 20.55060175 21.37416552 13.31326861 35.04572632
 16.3575756  13.74622873 20.72941125 28.47279064 20.70314911 12.31422937
 15.57140947 35.60474217 21.60051116 13.18774751 12.16974358 13.89900753
 10.90147098 13.77128058 24.37715643 27.51480866 12.42061366 16.90185918
  8.88486638 17.27094617 19.40315995 18.64841448 16.58090577  7.12094109
 23.17281114 25.66480023 14.22335204 25.00844579 20.23533745 32.57220405
 10.82480695 10.04538285 22.23131949 21.36457783 27.10794973 22.94267893
  5.34258759 15.88795404 35.46924081  8.54240685 29.54432465 27.58232585
 22.09975889 18.07957222 31.19120792 16.78320749  9.17375865 40.31319453
 35.47900927  9.12956853 26.83499682 26.57567043 30.08201797 21.89582125
 23.92108305 14.1737636  21.76882318 22.84711171 13.31681077 29.1663943
 14.68372876 31.95868299 25.16252463 16.12292045 16.51050889 23.63771618
 34.47925795 22.16830098 21.27482448 38.3232977  34.2053953  41.00709901
 16.22316656 14.96754041 12.32342461 27.93445836 20.77381574 10.52806492
 11.52406758 24.65551752 23.91779285 13.33210727 29.55635828 11.55453622
 23.28371062 19.46781241 48.96903518 32.26777645 27.86465545  9.96210886
 11.65264721 19.06529421 17.81191655 26.77740305 23.46531089 22.8567515
 16.07557513  8.91429867 41.49836966 20.36432965 17.87997794 22.26535034
 17.37018627 20.1206787  17.67068697 31.48277217 29.45422102 35.49879733
 12.14592388 33.10435406 18.97539548 34.94700758 13.45481078 16.60049883
 19.97150714 41.61829892 19.82927917 18.78223345 17.08432692 14.97516206
 33.31501678 27.86203561 16.84343526 17.32312296 19.02682153 33.21164338
  9.19712569 27.00217617 25.30561417 19.23600947 34.12607769 23.80673398
 28.66471132 16.57337528  9.87285691  6.31451369 18.85746872 24.20580899
 25.26560574 21.73078195 26.19025537 20.53168371 12.6097924  30.33478091
  6.55370123 17.70406203  9.00548591 19.09695867 25.37440746 16.64728285
 24.09894523 28.23887372 37.31026047 11.9275795  41.74738715 21.85819478
 12.08222803 10.90592146 29.79305459 20.48696343 22.75059698 35.88745533
 39.04823006 14.17445311 18.85194609 35.52846717 18.64856521 18.6684278
 31.14015753 18.93018696 31.79378888 17.3578326   8.41438006 23.02785047
 25.05783876 10.69035037 24.90216966 37.42225761  9.86461581 26.77614422
 21.28001466 19.53180799 34.17850526 15.51431357  5.42650191 15.23382923
 28.95108154 14.5676694  25.19132749 14.0138989  20.2558914  24.2262453
 22.01968213 24.38589119 45.91929501 22.94045606 11.30756934 14.00433442
 29.24443197 24.78423033  8.79035081 18.44137717 26.45211869 21.87301251
 34.79333696 34.62787105 23.23070784 10.72358169 32.88274088 13.53594465]