[18.3654456  17.92819593  7.49915169 16.81746865 14.1619857  12.54274226
 10.36606375  7.70522868 19.28451867 11.22364837 19.65183245 11.60260789
 29.38330757 22.58755613  9.82130181 17.18910204 17.93922796 21.68300575
 11.90533002 22.96413276 13.17596836 28.07114081 15.65260524 32.78789358
 13.02634369 13.85060408 26.33836995 18.32625549 19.84524659  6.94726598
 10.3003219  24.61027325  9.6089887  16.30123397  8.6892903  18.72127843
 14.70005147  6.49805257 11.54045466 22.79936988 25.42281166  7.48840286
 32.50823452 17.79693877 27.09194555 22.04307115 14.10465824 24.87260937
  7.73441329 19.71019995 14.14031849 24.06825386 18.14125183 20.61291454
 27.69944728 24.0749002   9.19565169 24.78736649 12.81460178  9.66182277
 10.67767711 15.28610288 28.8897586  14.0179484  10.02790772 22.09598936
 13.83538596 16.76280995 15.07009901  7.64383112 12.17431882 25.95234315
  7.57725255 15.50530963 14.32357521 18.08309916 17.10492744  6.44328169
 16.89460643 13.79154955 18.68161004 35.5213022  37.10328502 16.87632345
 27.19135577 17.88734854 12.80883772 23.25299405 21.78441689 11.90647759
 10.04046314 31.58638723 12.55934606 14.69936494 22.8270552   5.54079521
 22.44698189 15.65834768 26.09186666 15.74623961 20.53499358 16.98767688
 18.72412826 11.32095346 21.65652354 20.87245548 20.26738996 24.61381946
 19.99363451 26.91284646 27.34754158 11.73857141 25.09601238 14.56300873
 20.46384511 18.23323436  8.71604159  9.61652066 16.14059783  7.96308978
 16.04453744 27.1646176  21.05768274 17.45131516 19.31782383 28.24190357
 15.30173834 22.25631107 14.56015551 17.58331864 11.81088443 20.02079949
 11.82485542  8.2921333  13.43896846 20.13103873 15.60014877 29.72913678
 11.91655936 16.15839091 14.29189521 11.79342084 15.26257401 18.09699273
 28.00814338 14.94671999 16.43489645  6.47219762 20.54028149 22.16563769
 42.03949535 16.77627031 20.04749334 23.80720113 26.3854103  31.23192813
 15.52687652 17.1141974  35.20090426 21.77378822 12.99553756 15.01138614
  5.71570806 25.70405601 16.95512756 19.14363604 16.51647973 10.93785764
 12.90934025 21.10917378 20.76092717 24.27513587  8.4874314  22.33523092
  7.89611083 21.31125086 26.85310833 20.56862671 15.33893892 16.44759812
  8.43719921  8.6455227  15.46891225 10.27417925 12.54875454 20.4200023
 20.9782858  15.90054553 16.77565631 20.75736122 28.71743438 36.47245451
 46.2708368  11.62505419 22.73009459 15.64536175 26.95966955 17.10875921
 16.17637769 21.42654272 24.10967912 24.11527    24.01900847 11.89667639
  6.20480553 12.81565325 19.86097214 21.99438789 19.64588535 20.37480648
 17.21827004 25.38242782 10.84516877 13.82750009 20.81414597  5.97449289
 13.54114319 19.28356222 19.81925881 29.18436713 27.48575913 27.8002907
 26.98463428 14.37471239 17.62881292 29.91227108 10.49147831 18.11898538
 19.00876178 29.31266402 16.00905877 21.80475432 15.92345907 12.32545667
 23.9379247  21.17578347 21.97070824 19.80702566 10.31576433 19.73334653
 32.22949482 14.02171965  9.72357985 22.64987892 18.76873855 11.50976869
 10.93478057 26.70299336 25.45025329 14.51221481  9.64133311 10.32843199
 16.18058253 12.58183648 29.84517518 17.75922842 12.47520889 20.83004307
 15.5072256  20.22788872 23.62803773 15.43239498 18.45972296 13.13459849
 15.44767889 13.21651549 24.37693504 13.56064647  7.42785974 12.57170799
 14.4775489  28.6889275  26.12586274 19.21230664  8.11022135 20.81280054
 19.20353414  9.68091275 12.02144411 14.00697126 19.72376314 29.51434849
 11.95323669 10.55604574 27.39208385 23.43716794 16.07154635 24.38565506
 25.90575442 19.09371747 16.93183559 33.24952083 14.16323178 19.46338451
 24.92124318 18.85500363 13.7883849  15.44968771  9.39816008 13.93353836
 15.29763962 14.36337793 17.12817183 11.49375932 24.3297692  24.93801167
 18.74611498 30.84580623 12.40852151  8.67308508 31.50760464 37.74193569
 12.46092275 17.18029102 14.82696699 16.92652486 12.74254139 29.06400555
 16.33588356 21.94247324]