[32.67410311 36.77033149 27.85599719 21.49948369 17.34047304 41.06869218
 15.89765087 22.32410976 15.66191752  9.51394202 42.34561671 29.47766409
 19.9573341  21.48379152 21.16651367 12.76466375 28.60704602 22.79865581
 13.12297517 15.35327702 24.38058067 40.70370695 12.67944572 25.64152138
 23.13676384 23.16576318 18.61306129 34.09248679 12.73303553 11.88698292
 12.39405972 19.60572777 11.19806594  7.32590301 29.07691488 32.88352183
 21.16057185 13.31487415 26.08844107  6.76320038 31.97315398 14.0605409
 19.87208823 39.20684608 27.23345621 30.58879324 15.47064759 13.21775972
 29.30437848 35.30202247 24.73352144 16.23821638  7.42196634 34.92521952
 23.22816208 16.23335512 16.3854251  25.99708552 36.1628395  33.09554121
 35.69550213 10.7056228   7.84539641 10.03927793  8.85022485 37.30498465
 19.68419985 30.77404621 14.78158212 28.34725831 28.28341899 22.12020495
 32.39379978  9.75105803]