[51.47655243 16.97363261 27.66967941 34.54711621 22.44780596 41.92227217
 24.55236771 30.12481243 18.70862972  8.29962344 45.8441219  41.30500304
 33.93014358 32.84592639 43.13934378 19.99909592 42.27172715 18.18539457
 21.11918508 18.45201147 29.55299031 45.80702679 11.89285756  8.44914392
  9.98832884 15.89564915 47.23747435 31.03678776 24.9127251  18.70785135
 41.48907082 44.49473352 13.55227541  8.39887708 52.64471188 18.24273635
 21.74782931 38.09354908 23.74311745 14.51315441 56.41095673 24.24542866
 29.26962806 17.11439026 20.54615788 43.79769855 11.2219631   7.72927883
 31.34301072 31.02715923 14.10485073 37.51500576 48.34047773 40.68174428
 29.96586125 19.42518622 17.49532411 51.60083015 18.88281354 25.70904904
 24.81149095 32.82001381 39.40023577 29.8081093  32.84587749 47.74871069
 28.68476269 36.81353985 26.04128895 17.67996427 45.27498344 19.09916043
 20.75201493 19.08730855]