[36.14519789  8.20131168 33.69094951 42.7458787  12.10772646 35.70666197
 23.17734283 13.43809813 14.1574656   6.94982337 35.94978824 40.21220002
 20.27457411 21.87979066 24.29167839  9.86588818 48.58310838 29.54945621
 27.27798417 21.77408773 36.93423683 29.67710433 11.59739074 24.58011665
 26.23789069 18.90318217 40.822137   20.03234267 19.98268096 22.84078467
 36.41554705 18.06036411  6.4057429   9.33625751 45.46621293 22.10680992
 16.96911205 19.74300435 30.75009306 15.78500338 16.34110568 21.99690583
 18.15535805 15.55147653 34.3627293  20.8481609   6.15058416 17.76174633
 34.1972085  15.42271275 21.46685514 17.73113204 10.31360122 10.95652118
  8.36297619 11.67515422 22.14730933 41.65694345 18.14636602 28.21591849
 14.34842202 24.59578116 18.7870075  14.68478069  9.37080279 28.97895474
 20.25593647 30.99940974 21.66065262 27.3306481  17.18856873 35.11219789
 19.14745388 37.83001557]