0
[13.58407216 15.56294356 15.77081914 13.83105119 21.6767035  12.75977802
 21.43037851 17.46774028 16.28080205  9.81031562 16.44555423 12.81762757
  8.07301489 14.52657602  9.41632722  8.85429748  8.27653213 11.68857553
 16.03922148 15.898703   13.54588253 12.7348756   5.30013157 20.31035491
 26.07623338 14.97802247 12.85800208 15.2891931  12.41992376 10.43272605
  9.68427056 12.8716349   8.94525719 23.32589651 11.21758368 27.44227773
 18.88045334 19.47145468 18.26387936 24.60292957 12.51489197 10.88857852
 10.62248589 17.06931985 30.37564982 15.33000987 13.76797244 13.05037194
 28.17346949 13.74760935 20.0297995  11.79157544 14.37896585 19.69384701
  8.03112618 12.58305474 25.9187406   6.19717912 27.53268465 10.30723176
 15.0867452  22.0201161  19.05578407 17.04864798 13.09964656 12.81456099
  9.23899838 12.11809896 19.42951173 15.80903227 13.50128651 14.25473012
 18.56978922 13.92825033 12.74527777  6.56957265  9.72319089 17.12255203
  6.20791513 18.30081363 21.13281473 13.62810217 17.52718252 14.18801975
  9.01096655 15.33397458 16.21395295 11.10572446 13.77638284  9.99515611
 14.67608511 16.76386543 28.19025247 16.14433642 13.61484439 19.13847219
 19.46730939 26.28569333 18.07525057 21.62262528  8.90708036 27.50519378
  9.86088935 21.83161223 27.46036871 15.58541752 15.76019378 16.10917235
 13.24589097 14.67361244 14.92946154 20.80781998  7.9147887  31.80926524
 13.18979265 20.35268914 10.65865668 23.92974277  8.00349299 18.43258063
  9.24207989]
1
[15.5209736  17.30888964  9.93592996 15.81442552 17.51999851 21.42086872
 18.84524983 13.53080536 17.4312279  12.94678045  8.52233251 11.54394275
 12.39637225 19.87372818 12.25840953 10.23956404 10.04124062 26.06252562
 10.60722773 12.04495099 14.5725698  16.25468924  6.25832939 16.87884861
 14.27064005 13.23163424 12.85504562 16.34845244 18.8536739  25.35736442
 12.01482111 20.03217998 21.20496829 13.11384381  9.25041698 33.08252208
 26.13132348 28.40417315 17.67951428  8.67946168 15.87687663 15.70001014
 16.67750867 15.3283968   9.02154131 44.91351776 27.7702465  17.86992708
 17.18003162 14.18211805  6.74139903 10.93607875 13.80741629 18.962759
 17.02869923 19.67467341 37.17168594  8.91274511 22.18157337 12.71388516
 10.71756414 10.62201309 12.74014878 17.48372116 17.06929884 11.43554876
  8.50546692 21.46256059 17.57256929 20.01045004  6.4038835  29.54152792
  7.97340989 15.28852452 12.66523552  8.59236867 11.86351577  7.94437243
 13.47508354 45.34104376 17.72849361 11.15205637 17.64062502 15.11707
 14.15543944 20.28255315 19.60567751 19.99613589 18.55795942 12.00627077
 25.81248329  8.94786754 34.19171811 13.81507301 18.47527016 30.11285686
 14.85708094 29.7803554  15.36800534 21.02532799 24.10463196 11.58164698
 25.00956829 22.15423134 10.16043647  9.75723987 10.40033285 27.80823055
 18.63540915 19.05280666 13.21977303 10.3134047   6.78710341 15.34233439
 40.60519213 20.9081522  23.61090173 21.74493306 25.98229958 19.2745317
  8.70887169]
2
[14.27824083 11.73239517 23.65461468 30.04633374 36.02169208 46.33231893
 12.37901569 21.70201017 14.68376622  9.20187402 11.62578054 24.74184695
 14.3399162  22.19160175 18.96360197 31.70696096 20.34310838 21.09612448
 21.05692781  7.52645463 22.29216542 20.44025887  8.57373187 27.44379916
 36.44052073 23.99131079 29.80171137 11.54492872  9.66385172 12.12055727
  8.40570747 27.83084055 12.32495576 34.67465365 12.31454874 22.25624589
 16.51083201 28.20456958 28.56802114 10.1371378   8.33457042 22.09827206
  7.00866747 12.64468856 18.93014151 28.22253919 24.85927577 32.29393201
 18.00599683 14.26221181 23.31936975 18.11151294 38.05218066 13.24847587
  6.75522472  8.13304791 27.75606143 14.05784251 42.8261613  12.92558665
 18.40864014 14.95035868 25.58567321 12.88090276 17.92143615 18.32896733
 12.05390851 15.37390671 17.51533029 27.61204642  6.17822572 23.24565763
 23.77958768 18.58076714 14.90780716  6.04872293 21.02675354 16.4813372
 10.96892868 12.36803213  6.3420399  16.68078116 10.97387235 12.78330288
 12.60682721 10.49979311 12.8320903  11.30836117 16.69969274  7.54900758
  9.65284724 16.53334166 10.61631895 17.54627532 12.00720329  9.86615469
 18.86583724 25.00157681 30.67995504 10.21915212 16.75637405 27.3391773
 12.48696883 30.82836452 29.76434731 33.36375351 14.41621738 17.60383487
 23.61843306 20.17729113 30.22878628 10.13996302 13.77731532  5.28156701
 16.68009622  7.75664117 15.71595601 26.5092316   8.61699182 14.92403748
 13.53092403]
3
[14.35151985 12.77004148 10.41848307 12.04588501 17.70468395 26.00621246
 20.28196386 15.30056212 16.97324549 10.70092949 19.8502969  12.02405942
  6.51798386 15.44893607 19.94789815 17.9489543   7.50644813 11.36170796
 17.72344682 13.28074518 14.45468957 13.91452618  8.35585989 19.05827735
 26.45467144  6.52535497  9.22640738 20.14073741  8.3610758  11.63139324
 13.47425944 17.3439505   9.99809458 34.78437373 14.87810909 17.25279037
 15.42413484  8.99776794 13.07898817 27.13315692 13.03320789 25.61466237
  9.68587675 21.37921401 22.12943693 22.64857779 14.38293397 15.04024134
 17.78921064 26.23637209 25.21577466  7.56095172  8.99182709  7.07223076
 12.87896985 11.23190241 27.78763591  6.17546764 18.55228444  8.39705871
  8.31168869 15.1773269  22.9670295  11.49565281 16.11614365 11.71743287
  5.84683085  7.52655882 18.24227739 12.56730351  6.82927276 13.12368701
 24.75570937 13.43333138 12.22672272  9.70971877 19.43521283  7.77260318
 12.16909196 10.41104609 12.40600979  8.39505172 15.33803996 19.31155276
 13.5352684  18.69148084 11.13184409 24.25552957 23.69439    13.57345752
  6.30907808 12.75698199  9.73899916  6.264658    9.94196485 12.75066509
 27.09644062 18.60627753 30.20591078  9.88436188 13.62870701 12.55080528
 14.85332474  8.10017816  9.46595345 24.11738247 16.00721979  9.59855989
 11.82883232 13.2621243  12.60439585 15.87839345 13.53266394 31.38489869
 18.25008637  9.67119875 12.07797778 16.0254728  10.7097815  18.79315352
 15.47375438]
4
[15.79663236 10.44194448 32.80050263 16.08018783  9.80858235 14.67160284
 13.9546398  11.33514782 23.92163478 13.26413429 27.32440825 13.53977215
  7.04528742 23.84163271 22.28134341 14.11291745 13.82799829 13.85823796
 31.60633467  8.94111515 13.05175472 20.32071581 14.62761735 21.26192764
 15.1581595  23.07096306 29.91134076 17.03429765 22.76467436 26.65314325
 17.3580503  22.27166809 13.7015912  18.46017676 23.35778924 24.92537029
  8.38783159 15.86326005 11.09375373 15.7842739   7.70049879 25.03384519
  9.75681975 14.15037659 15.31694101 11.29380062 44.31097259 15.90284387
 10.06372581 18.72673275  8.91455455  9.02210658 16.42173857 15.26606617
  9.65510396 15.22991046 30.78427743  9.204194   32.36288754 10.66129156
  8.42632237 13.2415939  11.45278835 10.93830857 13.46201844 23.05005229
  5.60894802 37.35083824 23.97737645 14.07638059 17.04506199 35.34077557
 23.29549846 15.43230033 10.55121773  7.43346002 28.7944773   6.34976073
 30.4738292  23.5694684  10.85359541  8.03385045 12.68273262 14.59243959
 22.06978878 23.46209634  9.0913921  31.61976497 22.94785052 25.03423642
 31.44583012 11.40793886  8.72308068 24.68078292 37.80141855 12.69425909
 11.58848177 17.60631012 14.43028272 13.30712314 19.27075489 18.86612612
 17.14521776 10.54414907 14.76874552  6.95542514 12.30627336  6.83451136
 18.59023928  6.90041888 24.72146308 18.23660029 24.26460553  7.4963559
 15.74290058 11.48320753 19.53510866 26.55509187  7.77401858 15.41351515
 23.26388315]
5
[22.17201586 10.61461705  9.11000167 11.03581472 16.94404078 28.87323725
 22.32868663  9.59852188 22.09153809 13.52609853 10.01610248 13.97242254
 11.17338238 16.2993417  16.59340064 11.13501343  8.29544321  7.96859107
 16.14085942 10.77796682 21.64809416  8.02413623  7.2265484  20.69008011
 11.72541034  7.8061754  21.44301662 17.85915998  9.39979579 14.09824272
 16.2578836  13.09732662  8.74796606 17.25445366 24.25130704 24.95366117
 23.14722985 25.30317659 13.46200146 19.88998027 19.85080446 25.15164705
 13.74030096 20.93422037 10.26209861 16.27132264 23.39948845 18.16917586
 13.64178124 15.93312556 23.86046529 17.28710217 19.10807271 15.73042932
 12.76968584 19.75158178 19.99811989  6.0923839  25.70119016  8.90097483
 11.35606026 14.26020644 17.10811566 21.44763085 15.32746476 18.2745409
  7.91808144 11.71505578 13.7121265  22.70405775 12.81187069 18.86290932
 28.59981151  9.926785   21.67053688 13.28325718 21.70766881  9.19946182
 45.76751543 15.3325388   7.31980561  9.33844494 15.01516605  9.60087247
 17.85910973 26.18959602 11.22030492 18.31521888  8.37984225 12.99205644
 10.18306914 10.04169136 14.81874037 17.78513897 15.96501359 15.93402574
  7.06355136 26.65368738 26.63906486 18.28514764 26.85719448 16.29628437
 24.06953577 12.35994972 18.24248859 11.26444909 11.34204852 10.75341516
 22.70082911 11.50426615 14.23458225 11.69462583 16.65600684 10.52633277
 24.48595143 10.57072987 17.52731497 17.76704873  8.45991632 20.51497402
 23.20882866]
6
[27.85101088 21.46914727 19.66798132 16.44545083  7.75196214  9.5341645
 16.83896806 15.37322268 11.74090932  9.45551029 21.01423703 11.21416977
 10.93940544 11.9840743  17.32229323 19.1955596  28.32069152 24.14374839
 16.592458   16.04942534 18.57569482 25.48220457  8.93121691 24.72901932
 28.99326368 30.11272024 18.43966813 15.92400995 19.35283303 21.99583465
 12.02651079 16.75265149  6.78597529  9.656673   20.57493509 16.0830116
  8.80290717 10.73946375 16.37909671 22.08326061 18.86161885 31.0489088
 17.29157952 19.23837944 12.24727265 37.40245885 14.43837723 10.48536156
 12.25449105 13.76243573 16.00217272  9.03496854 10.50598804 10.89489352
 13.87494678 12.15127452 36.86506444 10.92040098 13.52664051 12.00889541
 10.15587967 12.02286557 11.33041876  6.55342512 18.34776277 12.12231687
  8.3848488  18.05645299 30.6933237  36.97449574 12.67655241 19.4787072
 27.90531387 14.24083946 11.42694572 17.81812856 16.70645655 20.08769449
 27.61771693 20.51882786 11.66730625 24.0702268  28.04555701 21.65002621
 18.18188648  6.77230795 20.32426379 23.48578088 23.92184272 52.41356292
 15.1773858  15.16082169 24.7984245   9.58844559 14.42006873 16.03093166
  9.00213779 13.58471269 14.00658023 18.27106878 13.20286594 16.71561535
 13.5574392  31.39949865 28.66570525 13.43729649 22.49619725 17.57270508
 20.7701846  23.32407026 29.98089008 21.0205139  11.86632367 21.75167896
 32.56054808 34.71447065 29.36960402 21.84016864  9.84658343 11.47007965
 15.48255363]
7
[21.72138168  9.38565508  9.51173565 33.36164983 12.45980865 28.83512659
 18.77498881  8.84175292 29.50484363 12.58472827 10.09471799  9.02961742
 14.6797718  24.31508718 20.22014435 10.18466916  8.04167429 13.76701153
  8.83605962 12.03965275 14.57620045 10.00863819 17.8655747  29.79233678
 21.19319598 19.36291595  7.77423795 13.43784716 17.65693673 20.34012622
  7.47997897 25.90855625 21.4868778  23.15092684 14.97648737 28.00198423
 30.6126677  28.65429279 12.96131395 16.05726249 20.68149409 27.31808809
 27.30739418 21.24317682 16.47656632 13.2819549  23.09917049  8.69879362
 18.49868073 15.55034689  9.17461225 13.66821168 29.56351318 11.88530122
  9.67009105 17.1280022  30.49541371 10.63975196 14.61837763 12.97464694
  9.62430945 16.35668331 13.06386065 12.78364332 15.69952267 18.13343695
 10.86372994 19.56312356 12.43615535 11.65750266  9.44534916 15.77962844
 20.35214014 16.74808341 18.80746792  9.43083323 23.07616302 18.06511147
 13.29161029 14.21499201  7.42250286 10.69252785 13.53726795 32.67921441
 16.13413667 16.39372281 30.46589772 19.57103032 16.3213071  25.52480026
 26.03836642 24.61436041 49.23746793 16.43265018 19.26398783 12.59294576
 11.03254577 16.77623991 18.90934378 23.41721759 24.34157724 13.32015816
  8.46398231 23.44464716 15.69893024 13.16975227 19.70318025 16.13875509
 10.12985288 22.59660301 19.81173759 12.50512616 20.55406706 12.33420589
 17.35067453 11.56331764 10.47733971 29.71548133 11.5731408  21.48665468
 19.72977905]
8
[24.11492814 10.59606668 17.78086457 17.17142379 21.08855693 12.60965742
 33.37181632 12.84454717 23.69839977 11.9450054  18.2124502  13.40228341
 26.11852593 18.8535019  25.31130722 22.90507729 13.74830879 17.12033339
 28.4552195  11.12286067 31.24015755 23.78549483 13.48525171 21.95334557
 16.66602284 11.91146635 21.83721032 12.40320952 19.09042283 13.93240361
 18.69652364 33.01929722 14.60587765 13.63853456 25.45679882 30.35478127
 18.93858593 24.17069483 18.73449712 10.12977975 23.73356575 16.90402729
 17.33649581 17.53189269 19.12504624 32.54709702 17.63321148 11.89625008
 23.32103839 13.10272942 47.01797663 25.30886742 26.56402732 16.22381786
 17.65752279 12.5454465  39.51540598 15.81759853 23.72865407  7.52485362
 13.67528402 19.59591685 12.52722329  8.47988362 21.8143883  12.61239822
  5.72969459 22.82854482 18.10059241 42.46850586 17.09724558 29.87486273
 12.27382221 12.87062101  8.48823039 33.90160262 13.69910966 25.64819233
 32.06335132 35.15367253 10.19054033 15.76937893 42.78812331 18.47539555
 15.22700732 21.43793523 18.85883878 13.32836758 27.62468497 23.36463383
 14.70077389 13.77843783 14.12377379 25.31473363 22.74989583  9.9502265
 16.75539083 25.59930303 18.5637954  35.28891413 13.17937704  5.48983178
 13.134618   23.14589599 16.36604791 22.19144112 16.83227658 12.94993962
 18.63669073 10.41972635 18.42910966 17.52880236 18.55034065 11.84019893
 10.5275783  12.60020549 31.39213579 34.55460323 12.87410074 13.37784661
 22.68453185]
9
[15.01710175  9.6263073  11.6030034  13.90561825 14.76687668 28.52158941
  8.44813956 13.73907888 14.51499978 11.17822812 10.76549872 12.00270092
 13.60270519 26.78030244 23.24873688 22.88185499 14.76030082 20.99725957
 14.48399988 15.09327345 13.34085127  8.762283   10.95099061 19.55127946
 21.75684471 18.22193549 16.27764762 22.29453696  9.20565619 10.99047463
 10.50297741 27.9755085   8.28132736 22.6248151  17.41072589 11.73557069
 18.61418095 11.05795693 28.84767833 13.81737174  9.25235926 13.19996666
 15.45368553 18.29856967  7.28879263 11.81909966 23.78687392 15.17190048
 13.56569405 10.91852274 17.1929381  10.82883005 12.89346203  5.72609216
 14.15998673 20.48103429 30.67542576  8.63222789 16.5677545   7.62756312
 10.37972896 11.27822    23.35766667 13.82067992 11.80437133  6.75431188
 10.68272006 15.56816459 16.46831284 24.09734681 10.43688656 10.71110366
 24.11770051 10.99816282 34.78198347 15.59355751 27.9032818   6.45408553
  7.13887281 13.13045641 14.80076528 12.01633889 15.21572605 20.97814243
 13.26208789 32.24894328 10.5944495  10.14642268 27.97112023 11.95107353
 17.21026369 21.89810005 26.70868831 27.62270249 17.2233945  14.55862695
 23.46496703 16.57122063 12.18995264 14.61304557 21.17055623 25.51687226
 12.70393883 20.11561057 19.80002485  6.6316558  18.57350537 12.460594
 21.01200903 15.12948984 15.05133074 10.76161137 20.00477224 15.99869673
 26.53270007 11.90500267 21.90119302 32.98719413 21.40448734 25.17368783
 19.55027102]
10
[14.55211663  8.95396038 11.78309049 26.58068888 12.5886846  15.20399135
  9.60744479 27.35552263 21.20758269  8.95164279 12.66615816 14.98160129
 16.3623541  22.13048816 21.69244683 11.97216766  7.35732343 16.32277725
 11.87727795 13.56993879 16.24625857 10.80559592  6.82690076 18.08052755
 14.44585982 14.02292247 23.85773087 16.42140943  8.23734567 15.16757612
 18.92361183 17.01358602 19.95909987 13.37053791 11.93584556 14.80980874
  5.89820805 15.62047575 13.84035258  5.85677491  9.2145795  14.12516648
  9.82345228 14.96806748 14.52024061 14.44790939 12.3411738  13.90403826
  7.28416705 20.91965875 16.75170414 14.74224542 16.46436825  6.91237294
 17.42033242 20.55146639 11.59933507  6.03634041 16.03588576  7.5008388
 10.87250615 10.86584343 11.84942518  9.31554506 13.54033494  9.73650314
  5.46281131 16.61531225 33.51148177 12.95742536  7.25768173 18.94732822
 14.2847351   8.75385952  8.2203317  11.80149806  8.95261239 10.68344387
  8.08331999  8.81850258 19.44158434 16.24448832 12.34620181 11.74986204
 10.56496704 18.97444734 22.2392733  30.07449131 11.85099988 20.20260329
 14.02061228 14.27085186 32.75036506  6.33738877 18.04192099 25.7328339
 15.1693056  16.39412455 14.63340085 21.41752268 20.23918863 12.59516106
 13.42270763 16.77847998 17.88204208 14.46599254 14.14982704 20.34571543
 14.38078074 20.98935407 10.39705274 14.56747415 21.96718413 11.82476714
 10.87768175  6.66993632 22.15601052 24.13373977  7.98683047 10.34917089
 14.82628591]
11
[16.89040596 12.83395405 12.80884249 13.33440852 14.24571309 17.2329588
 34.45147304 17.92438391 19.6138128  15.0506388  10.71116648  9.73453421
  9.01550422 21.88168305 10.27817631 21.43871599  8.95978344 11.96642409
 11.84084738  9.20841734 19.71856936 11.40061476  9.36730363 25.39318668
 44.23499397 13.69495437 13.12457922 11.77409358 10.73430826 18.87900834
 12.97546332 21.12807661 10.47156067 10.97016552 24.42605179 15.02552763
 23.07332513  7.6518668  17.56576315  9.14765392 16.61153024 12.17942174
 13.12689193 21.25084674 13.20844469 21.11556312 28.48531138  8.77312403
 21.99092099 19.05435068  8.31816447 28.74059722  8.23255101  8.1433065
 11.42265587 20.82884741 21.03892533  7.80721221 20.56073815  8.01056432
  9.56680863 17.84211004 12.49030123 13.18729755 24.77776256 13.92678292
  9.55795588 11.53205488  7.43579269  9.47474612  8.4722118  18.26396715
 19.34576539 12.28599408  9.26954674 10.67639972 14.01036766 10.92094389
 24.86136364 23.83826423  8.91804334 14.63948607  8.10282809  8.30674231
 10.9113597  15.35908299  9.88460956 14.00448357 20.38847594 11.19118262
 17.57569367 15.45771223 23.61579752 15.93595243 11.38889902 12.29591403
 15.78149299 12.260184   11.62063011 37.57362636 18.51022395 16.57056554
  8.11011468 14.7421817  20.99214186 14.50462646 11.99333253 12.70132298
 20.60976263  9.70423281  9.0827947  17.46174659  6.2363284  14.0961662
 12.25694176  9.31055688 17.00366417 27.15365728  9.33184553 14.32731895
 30.68648698]
12
[14.92018234  9.08918505 11.28665442 23.93222272 14.40332396 21.53384298
 13.31594039 27.00888947 21.88289097 19.37878096 14.86274274 13.18402376
 18.5967187  37.10533998 21.6282867  10.97248539  5.47825703 13.75475296
 27.28978608 21.71229696 12.53700201 23.75449127  7.1826361  24.1663443
 24.25513454 11.79727064 12.07104273 30.42747378 12.85873929 20.83309671
  8.13437007 37.19633536 16.89099856 14.82279576 15.67437481 30.58587
 19.80697307  9.07227445 21.36440772 17.04039148 11.62221995 18.87713251
 19.78487982 43.3699687  12.69570752 18.27613935 31.6772974   7.8248402
 28.1702893   8.73275435 21.36055388 15.40233155 27.33136819 23.45923754
 20.4804311  20.3688195  25.56803354  6.40900625 17.09817961  9.62378663
 28.34371795 20.27724645  9.85590799 16.5985716  16.03819208 15.31487441
 10.42405766 13.34792926 26.9399357  11.5672334   7.3297691  33.3365824
 22.79942889 34.34802887 10.98765995 11.94397484 20.27648074 22.23498065
  8.00719221 16.7118921  34.28520122 11.60587403 15.98138341 14.53371089
 36.3759562  18.2343943  17.85828347 18.84705005 15.15278557 21.28171343
 10.54353202 11.9244693  38.79172223 25.70897611 47.13592602 24.19480561
 16.38939801 14.83821886 19.86918134 26.63587645 12.03027273 19.25190205
 19.48622699  8.16602669 14.35644094 16.01229686 17.22376229 30.67247306
 18.17926629 23.48026761 25.25167931 17.8567462  44.33917509 28.93000536
 16.75620901 51.32334779 39.41218603 13.80149822  8.49024947 12.99338276
 14.35198896]
13
[14.06302977 12.40190519  9.77490188 15.61352902 16.13089179 21.2007811
 19.64662409  8.74510952 18.1249274   9.34683637 14.61098283  7.41052789
  9.41507042 11.65444624 30.99916378  7.75436464 13.51943308  8.18949583
 23.79830704 14.94989144 14.10031358 16.72246926  8.3602837  16.24443703
 19.18940576 15.54190578 21.88345268 39.27361935  8.69354627 21.06525141
 12.41508665 21.85378481 11.79554742 17.74608952 18.2121417  28.96629819
  9.47359092 12.82652516 16.1300869  11.05856658  9.67967321 13.81223168
 10.78747421 17.60178294 17.99747924 17.52869359 20.07385249 13.42413612
 16.76335154 10.39178831 11.01534771 16.03499447 18.1424846  13.69239679
 18.38335283 22.22337886 28.778983    8.35076256 26.72896798  7.49382973
 13.05504471 17.29123025 16.70597446 17.17220138 15.12356958  9.56189092
  8.61915934 14.97750448 21.49736784 27.22846543 12.34031425 12.02646653
 13.00401029 12.1459483  14.18414604 20.26907219 21.42409014 11.65944929
 25.70860315 20.14248407 10.64825139 18.06730333 13.18417379 16.59469534
 19.93524607 14.74554885  8.6068984  13.43843768 16.24707011 13.21139007
 10.6917099  17.29648135 14.65482057  9.80904778 10.43505389 13.3785123
 25.18848224 25.05449072 21.95041426 23.24181292 13.16340295  8.14801059
  9.02477284 13.67210557 16.78811837 13.69438085 12.58866393 11.46163674
 25.84846886 13.93111179 17.07615608  9.61306664 26.9604449  13.00426812
 29.60199861 12.11119964 14.368367   18.68560162  9.5046323  43.57176385
 13.97569905]
14
[18.19720532  9.16795742 14.90359676  6.10877942 12.584967   12.63329753
 11.84586051 14.2304736  25.90731382 11.08159213 21.38544921 14.0764721
 14.49952525 11.7011633  13.89496515 18.37892189 11.87241297 13.37107954
 16.31622578 19.69644848  9.90404353 11.24704066  9.47812598 23.62918061
  8.91292855 19.21249402  7.5719161  15.782733    9.42917054 12.57983367
  7.4389951  18.11701612 13.22280976 15.7298867   7.21819381 11.61183313
  9.59704129  9.16442585 14.61428187 10.49424138  9.32113842  8.91130045
 15.41769559 14.25857328  9.10600559 22.24096467  7.20475526  8.09296307
 12.27429873 13.71492451 15.67773294 11.40273164 12.06391662  5.75339723
  6.91069443 15.91927308 28.08458058  7.39881568 27.59726356  8.8091222
 14.13627787 16.13692189 17.11515378  9.36769488 25.02852249 14.69414457
 10.84812376 25.49878892 13.50074264 15.79061603 15.65627318 16.1912945
 17.20935213 14.92914885 15.96803534 12.83141958 10.69326789  9.75519631
 17.85787095 29.9257599   7.10169984  6.06365496 10.13063505  9.64518483
 11.06085782 18.77396937 10.96450313  8.8269968   8.05437798 20.17335931
  9.6617848   9.55916279 14.5838935  25.40157229 11.95637614 16.39221685
 11.04499539 14.12318355 15.81711207 18.71384535  7.45600452 10.71102631
 15.94946851 11.28208644 20.06348646 14.07252458 15.14936841  7.80301235
 31.73686321 10.19042289  9.26631598 32.07040488  9.12694755 14.33473396
 28.83930443 15.19162363 35.35854967 16.41803426  8.63301722 28.13327697
 18.99545684]
15
[14.33373016  9.65386265 13.30280307  9.22260045 18.12152597 24.11061544
 11.79138083 11.60140089 15.43961429  9.19444024 15.23889576 13.33443065
  7.99892256 12.68564041 25.92899791 10.78674247  6.45438504 16.65786704
 18.08872955 17.44173235  9.38447362 13.98442152  7.07120091 15.95988105
  9.88254785 15.09576096 18.61929883 11.18757828 11.21782989 19.46681376
 10.72552739 12.82872137 17.63723897 11.66543163 12.92888513 21.89830165
 16.13800335 14.71141361 15.87797801 12.06937826 13.20028155 12.73287242
 11.1355115  18.47384585 11.96244212 15.52071422 20.41281011 12.64630581
  8.39309094 19.54902502  7.47325671 14.01858951 14.7222859  13.80114392
 19.66150143 15.9498545  22.52784367  7.68507299 20.25719783 15.23822266
  9.1104474  12.54027235 12.19097366 10.93041047  9.50788279 11.20990276
  7.08318141  8.7449736  16.7085111  10.44330982  6.42447761 17.30039773
 29.36345615 15.48989791  7.68701296 14.87511598  9.76103219  6.19420731
 10.60000724 27.21874303  8.32494984  7.54741421 19.18474994 10.83955551
 15.54070765 22.8398854  11.93748881 12.94326738 12.8016084  21.32561143
 16.02992594 15.26928615 18.17644322  9.83475527 21.52468729  9.49875609
 11.40673638 18.14567667 13.45898995 22.20872643 16.11965488 17.33507959
 10.44898237 10.98741123  8.62541585 15.32861124  9.82916501 21.07104775
  9.20980039 20.15510743 12.30091584 20.07166751 23.92595907  6.22760985
 19.38578506 16.17449592 17.45642484 19.99362531  8.05069128 10.97633074
 15.43127359]
16
[18.6655626  10.41028222 14.14505214  8.67615809 14.79841736 16.85445484
 34.70930206 12.51952845 14.33114935 10.16801606 19.57458344 10.43369866
 16.95559187 15.63732506 18.17556436 18.49397694  9.4052648  19.5518895
 15.72776305 13.7415399   6.67626916 12.39946219  5.70266859 15.82066316
 10.29717613 15.5759269   6.55646656 13.541779   13.77985483 16.62725688
 12.89145217 17.68489546  8.49722223 19.80263118 12.90247102 18.69302456
 15.59502672 16.83578224 33.75544584  9.02905763 13.82189315 15.08050703
  9.7470833  14.0022344  17.91364545 23.61484067 15.7053359   6.48725613
 24.42828164 20.72071536 11.83504013 24.65600438 18.5878231  11.18120023
  8.62452455 14.10610343 14.80924063  6.65670993 21.09671198 12.43801018
 17.83891894 12.90752348 20.19534481 21.76089637 11.28989603 12.91582497
  5.19099931  6.57268777 13.7392772  11.37453104  5.46978603 15.6654694
  7.59751257 17.49827472  8.0219592   9.28499848 17.20743894 12.7661396
 16.00227125 25.69272672 17.89402588 28.53186165 14.2633343   9.48326992
 16.49741045 10.54056761 12.72682993 13.64691637  6.16977739 26.90327392
 11.97741088 10.70673713 28.93047543  9.35138709 18.54781223 15.15643782
 20.01378608 10.50370739 14.13985874 18.77462124  7.94182542 17.25822862
 11.89850728 18.54387397 15.87318918 21.40475897 22.47732793 14.97407751
 21.97617008 18.74508821 18.54997042 35.95330072 13.70622118 12.34371891
 22.60418603 19.88340476 14.05010784 15.29234545  7.25129996 21.81910425
 31.3150768 ]
17
[18.67967004 11.3234508  25.75830803 27.9220423  17.58353765 20.78553747
 19.344314   16.87587258 22.93187643 10.6037537  21.77498325 13.44621297
 33.46356746 25.56334781 18.75443634  7.87648544  7.21512607 29.80881298
 23.32587216 23.8349344   9.50373778 16.34692882  8.19419375 18.5438894
 23.59732041 30.76640842 22.73915953 23.12058518  7.98882067 21.78670889
 10.33180896  9.79256144 13.5904268   9.07630938  5.56293652 22.39663936
  7.23269143 13.56213149 40.6435641  10.99207531 10.62841523 26.02959388
 14.14189125 23.40349455 20.11230072 28.47785141  7.7446681  10.13755133
 17.04123409 14.13234815 13.22933086 10.76255998 36.06466131 13.83653903
 23.76439399 21.37287602 13.51288134  8.31420087 13.22729197  6.67989027
 15.7915557  19.67880812  9.99640675  6.64829883 12.07024243 11.40823145
  6.33838184 14.53349437 20.18622356 18.75042732 17.22220686 13.6757771
 24.23226278 11.74804158 12.53966568  6.20800543 34.22175728  9.22568213
  8.55707904 26.85228141 15.45914951  9.83336946 32.06375417 34.44176105
 17.47504638  9.04391773 16.79319364 23.14949947 17.93968733 14.2820071
 16.59565716  9.4079971  15.84496915 28.43540211  8.85205762 10.04404698
 11.02102892 15.78893855  8.71845616 15.49004589 31.35968048 12.11394676
 11.09359489  8.58462657 13.35785882 17.71537803 11.04077376  8.1280736
 24.5608112  22.35231897 12.9584109   9.16546972 17.96070297 16.88318154
 11.3453286  23.03719701  9.76257791  9.62398571  7.12256811 11.16337074
  7.71139545]
18
[17.08906775 11.82814595 13.61284342 21.16678751 18.51157718  9.51475653
 15.10254687 12.7015209  22.28526986 20.05235857 29.74870273 16.49107653
 14.97263981 27.91531154 17.46916566 24.34519704 15.10648645 33.73879471
 18.21115472 16.99136707 13.77549038 20.31187595  7.3431451  22.51166006
 21.5030518  21.62424735 37.36747709 27.76103237 26.28823662 17.04490476
 11.16168748 36.60351271 18.41888045 22.5664792  23.82192276 11.45176984
 16.30132998 12.77465588 18.90413018  6.5737442  11.79907355 10.48972853
 12.60587991 14.17133813 20.6277744  30.03625318 15.63419449  8.17386002
 10.52885653 30.36441378 34.39099846 20.6911861  13.10676548 12.70142142
 12.08991842 12.50802158 24.14447511  8.37365894 36.47039334 12.73492562
  9.56399985 15.42200841 13.5555408  10.24428732 16.20942757 17.71471305
  6.15062316 20.39621894  9.85659268 13.45007511  5.18623608 20.13283676
 15.29846113  9.45204674  9.75058827 16.43534031 15.33132716  9.84167801
 11.37084781 15.16424724 10.50750607 19.13633199 12.81261101  8.12236492
 17.14671855 25.84707626 15.37608676 23.24721206  9.08176772 19.16203859
 13.80132387  9.74113445 12.09486276 14.2717832  31.47338249 20.54686537
 31.11245753 19.67367576 12.19124961 18.32324693 14.31120645 27.47732789
 27.40983676 15.03837787 18.27028221 14.09244018  6.02248613 10.46320618
 26.81023395 16.05546221 17.80665011 28.85071988 14.93075632 20.11090557
 15.70054764 22.79931202 17.22170045 18.12864676 14.75189227 10.90498175
 15.06652654]
19
[13.40305584 11.50354801 11.81992622 12.47460408 10.29127115 15.23760181
 13.24767585  9.08965401 14.20167871 11.1084888  17.69100511 15.99510082
 13.65258454 19.53199492 18.30914433  6.93457301  7.43223885 10.95187846
 20.45555792 10.47584682 15.72100714  7.37356387  8.46217825 20.20072687
 17.27518717 10.88775543 12.83862348 16.93027802 12.56583275 11.06898424
 14.49968422 21.18826361 22.69750474  7.01559779 10.2062996  11.97057632
  8.90733159  8.08571224 14.36334699 16.50233544 14.57556044 12.00049622
  9.43409341 14.4357828  10.80275205 11.18996614 16.3068374  13.70083827
  9.76936521 13.44140481 22.23839772 11.83839037 17.92790392  9.86708312
  9.99471556 13.37971492 18.93559552  7.8828931  13.90450955  9.70184286
 12.36607023 11.97671304  9.01702858 10.28319691 12.49294228 10.66734555
 14.06625155 10.29241682 16.94232941 14.93847891  7.13525121 18.22077627
 13.80309246 14.21066914  7.76919694 18.98248546 30.03869529  9.52193965
 20.74957521 18.64553579  5.87942973 12.20404331 15.51679939  7.01393293
  7.64079495 14.99614233 10.36125166 20.71616005  9.05649689 19.13247194
 12.16634357  9.8522824  11.37597386  8.92330277 15.29326227 17.13634339
 10.5597478  13.6322947  11.5479236  20.29744867  8.21027265 15.77199098
 10.87186714 12.78967762 11.26347523 11.96272104 14.60205441 16.2792676
 16.18279356 12.18556955  9.82773878 13.66341192 12.75427632  6.26319229
 10.27160583 19.17439961 14.59310125 13.86720745  7.64043271 10.35322655
 13.28153231]
20
[18.90834925 12.33939763 11.14386061 22.8661815   9.77349985  9.7157349
 15.96128033 36.79972677 11.67633502  8.68117984 14.04906304 11.55222924
 26.1411538  26.44871184 26.68025919 20.72055341  7.77886559 28.41424131
 13.81603089 16.90001756 14.05079691 12.11837934  8.1647484  14.97660758
 19.23585746  8.12537788 12.36641555 17.11770176 11.85009263 15.19622764
 11.54380203 29.32046036 33.84517568 11.58937933 17.75730394  9.57245532
 17.31307488 33.28591932 15.27959114 10.49741514 17.71942563 20.71661278
 10.71702197 16.06315671 20.02492594 14.81279564 13.89407177 11.87975451
 10.84766702 23.25303637 14.61161515 29.33108026 12.55998905  8.16846873
 10.83123772 15.94417629 27.69930331  8.30312415 12.59533966  6.55995118
 11.88666437 12.48856828 27.24577935  7.48862384 10.80211439 14.95936332
  8.69047386  9.57509566 25.2275228  17.80385296  6.70545426 24.15926605
 14.25378293  7.21635842  5.5630144   8.64832367 11.49676708  8.58099555
  8.9601032  10.51557449 30.86280495 16.88040242 11.87435836  7.60407891
  9.05261984 16.71255102 18.45414051 28.36346602 13.64193848 20.989588
 23.46183733 11.20214052 18.11752788 36.51084846 17.60842996 16.2433868
  8.71484887 11.74206505 25.59327543 20.92584226 20.88563016 13.14423902
 18.96885724 13.2707669  19.94472081 12.43137261 19.31650229 33.63975697
 24.38162551 33.5637784  20.6212125  19.7932468  13.88146777  9.72489993
 31.64643432 10.1388787  10.91340499 16.5233866   5.99761558 20.48436307
 15.61333803]
21
[16.63557318 13.07408114 24.7915943  14.26247579 10.49164113 22.84106021
 20.02902785 10.47495607 16.2974473   9.32337223 14.96474364  9.75683025
 39.25554638 19.99966292 22.9309158  25.6170402   9.8788673  12.77425706
 10.43947163 10.10278947 12.8635583  20.44731936  7.05325337 17.87471715
 16.08078132 40.96305073 10.89925046 10.53827886 15.17892457 13.76820907
  8.91165067 14.72878074 13.88295727 10.54867389 14.88879404 13.45981345
 24.09053025 13.25267262 15.28254242 21.48405208  7.57318429 11.78064891
 10.59670539 15.263911   21.74883004 25.38871071 18.60563006 21.62656268
 13.50332415 14.71042505  8.63212882 20.18659312 11.19201576  9.12587081
  9.69431608 19.12878207 16.95967578 10.20505324 12.83997186  7.99521215
 10.75759993 13.86420518 16.23312713 14.16818173 11.84397751 10.99292989
  7.18692556 24.15027818 12.15751743 21.16182232  8.79918659 16.13541292
 14.8695845  10.26334463 15.69734945  9.21371831 18.52427108 14.12354839
 18.17272338 12.82645923 17.10324982 20.6217012  15.8702585  14.43970511
 12.58535139 10.0788114  14.00516876 11.35981674 12.40055825 17.23540273
 20.97585244 15.25697202 18.44837049 11.72269548 20.53308367 17.77855133
 14.05233806 24.36457903  7.10257233 17.61979611 10.533916   34.11858957
 23.76485249  7.92852144  7.61447355 16.55355803  8.50658086 16.03638046
  8.0272889  26.63578439 15.09869767 30.02509818 13.88630842 24.31660853
 12.04821372 10.33695119 18.1070783  16.53606638  6.79621443 11.58899914
 11.91242619]
22
[13.76706266 10.124109    8.21876854  7.64631469 19.90052912 17.44904882
 15.55078611 17.60987404 16.04519859 21.88618289 16.61513229 16.12574108
  7.196038   14.0783306  30.62557593 10.67410006  8.80787404 11.21981554
 16.5587323  11.75682896 15.1056441  14.50450028 10.54526795 24.61147838
  6.0445591  19.22281026 19.16623941 15.73946966 21.21570328 30.53882403
  6.90686301 14.15287662 18.21428824 16.89231849 16.91602058 31.64519263
 15.70715338 13.18979206 13.0889575  21.89577862  7.13873011 11.12980073
  9.74583162 12.2121883   9.9463193  31.52166344 16.12603947 13.19903039
 13.5742698   9.92527864 18.07731819 27.69341219 27.90103893 15.18525603
 12.74435459 10.65935163 15.08298867  8.11017577 21.78558979 13.42217467
 10.33085938 15.7426398  11.07941925 14.23695393 10.12321475 13.21794332
  6.43325573  9.87375003 10.65576194 20.18146177  7.23366215 32.87833176
 15.09900159 18.0872557  10.97948255 10.69418341 17.49409063 27.91395567
  9.78100104 26.21913265 15.53190647  8.68787925 20.91103382 18.60280814
 21.54252435 14.55898681 24.71554395 13.69116083 13.04601884 28.66266612
 14.29544154 13.809761   15.68764229 10.10383081 11.14255788 16.80202921
 12.90409673 16.5721099  23.8295027  17.31506516  8.25062511 16.43752854
 12.88501071 17.78605921 14.73081154 13.84067276 12.57982281 10.34929025
 21.8281749  19.91513676 18.60406441 13.01864945 22.99749836 31.21235401
 23.05727124 11.01760336 16.49059369 28.91239971  9.16936884 18.10901402
 22.49923046]
23
[15.96330256  8.18296909 23.90615197 12.76294726  9.8207345  19.42369829
 14.32849223 20.11713868 18.89987053  9.19886243 18.71182019 23.2509257
 16.25261607 19.91484515 18.10030474 16.33189555 16.01571816 14.55436649
 24.2187251  11.47802309 26.21744681 16.82322247  7.34876304 22.44908243
 22.06896601 29.529926   19.11720629 15.87911114  8.32407734 16.2524861
 12.00378542 21.74752265  8.83885642 20.93400241 19.8373579  11.97013243
 27.24363229 14.76723138 19.80697509 19.17757533 10.97625456 26.39378924
 10.20064287 15.76089314 21.16003038 17.81346056 11.2055071  12.40619488
 19.11913155 14.44320904 16.83674243 16.00677714 12.98287702 10.92570598
 13.37234776 10.35046703 22.2862358  18.76583442 23.71805713 16.15417066
 14.09081757 16.96679134 21.09982671 26.6722783  16.34686166 13.31608161
  9.73236347 19.36529364 21.80250805 28.85562954 12.08547078 21.48098522
 12.32490079 10.30562436 14.26680086 16.49027958  9.5283364  17.09617111
 12.2139146  18.6782698  15.5291902  14.13342202 24.67268805 19.99943903
 15.23082016 11.67676897 14.65469769  9.89449954 17.44641727 23.08910835
  9.9684815  12.29460905 16.78323542 19.13580415 19.24601843 16.04593541
 12.42266421 25.5529746  29.51255755 20.05118931 19.30557867 12.49817423
 17.31712245 20.19764159 12.15192781 12.03334415 27.97636361 12.36611346
 24.6547497  12.8799095  25.06127623 15.97222804 34.96340774 14.22535057
 21.44169106 10.29636217 33.5420295  29.19937006 12.43434632 16.60399264
 22.76921201]
24
[15.58799552  7.40244625 10.04236727 16.07538297 12.86788589 11.74851457
 15.74554777 13.47756111 11.47930575  7.09076137 14.16588482 12.80832299
 17.10386222 16.9504524  36.88896095  9.6290871  10.30251129 14.41423896
 13.63690804 17.38700546 10.6865247  18.9762571  10.09951727 19.29557654
 15.15391432  6.55828048 20.0728475  11.49572038 15.47113893 18.9457881
 18.57286144 23.84022042 14.2837492  23.82844353  9.3672725   9.92359895
 12.26556368 12.65833495 12.79696725 15.55183907 12.46645927 20.73363511
 10.90949246 16.13553903 16.94332507 20.32582471 14.74877994 10.60899778
  9.20686906 20.0087246  10.44158842 12.61719108 14.72599799 16.4609823
  7.75169957 11.15563295 18.49692081 18.28675774 20.77212506  6.0996793
  9.87390008 12.57075606  9.18033397 10.51080908 12.12515715 18.23405619
  7.02740665 16.14314715  8.96515411 14.16198407  8.03373028 20.59320845
  7.78280625 10.53877605 14.11915786 12.59032578 12.14699776 15.94744149
  7.00841322 11.75186644 16.72873736 19.01536366  7.41192814 10.05290947
 22.22646507  9.99077007 15.91662802 13.99901968  9.01259132 17.83471656
 18.30219753 13.24454244 22.06959635 25.32427642 14.3872085   7.12692996
 13.14446587 15.64923103 14.49194595 21.28400609 29.88579796  9.46166472
 13.28516129 23.92284818 15.89551726 15.90021848 12.06871302 16.90194377
 12.67935799 25.82220505 18.8794839  16.98329005  7.47716882 14.97735338
 14.88770781 11.15531852  8.02317888 23.55045183 12.33263233 27.22156807
 22.1071358 ]
25
[14.29013901 10.41735876 17.26735194 19.24817721 10.72679085 13.15764546
 15.15709679  9.43617161 14.88186585  9.53283914 14.3105191   8.32185637
 10.07439622 13.72930869 19.96731626 21.77874256  8.77941656 13.24681499
 20.47888687  9.35399798 23.29543456 18.07814355  7.01300743 17.0366839
 25.08914372 16.36171146 14.40739008 17.92543332  9.47458296 17.12815349
 13.2043802  20.29743638 11.52917183 13.20947246 15.4839642  16.22549951
 21.85105878 16.2082379  29.53117717 11.01041434 10.437154   19.99094346
 16.83042059 17.54041124 21.0992071  21.59997985 16.99085983 10.62956183
 19.32391007 17.39190511 17.19590685 20.51745512 12.17472843 15.19036179
 19.85482303 23.53408463 24.34017608 11.19469972 21.20715819  6.94010051
 11.55693713 20.80129411 13.42905348 15.56961332 18.69948885 12.58858403
  6.67243165 29.23190941 22.64569436 16.13420576 19.27560066 15.31889646
  7.31609844 16.42136867 13.38966    13.10025625 15.70663731 18.73988016
 16.1335634  26.29054472 13.16411558 28.6999285  19.55584908 28.76589103
 20.69317888 23.75114049  9.4634002  16.0209889   7.82024766 10.34184588
 16.12498214 13.91092387 13.16530594 14.54852175 18.83591117 14.19177458
 11.27258281 16.19250681 12.25880125 22.4141778  22.42206931 14.1799584
 10.47257146 22.51036115 20.29067633 10.49800376 25.19927968  6.19799666
  9.16353547 10.59056705 16.65142666 29.64519755 20.86128303 34.07943367
 16.11312732 35.52464688 15.3693075  23.3092954  12.9443278  20.04202015
 15.76126106]
26
[30.15405614 10.84286425 22.58103271 17.62890754 11.24286095 17.64973291
 34.84704155 33.5266028  20.70517591 14.82931772 17.24190313 18.30175137
 11.49593469 23.17374957 16.32427379 32.97134241  9.92228815 11.63860411
 20.9288376   8.22074334 14.64138417  9.3803724   6.67246848 19.39505085
 15.10194249  9.49478207 10.45081099 16.71705726  8.30448912 26.13281499
  8.97692347 22.95591145 26.21743364 23.33051031 25.16812473 19.14896294
 22.25836797 12.63420355 11.93987391 17.50322269 15.9144217  14.23774599
 13.64734315 19.2092611  10.65192342 14.92012025 19.5963268  22.83393231
 19.90163881 16.07386913 18.9071034  13.18042206 14.78200269 18.63471526
 13.24494983 15.92057929 31.81877607 14.72192606 11.67436254  6.37836026
  9.52275551 16.99662166 25.94587352  7.58004903 24.17643307 19.31295534
  9.35050249  6.61263765 19.01077554 20.23756909  6.62964902 14.5601648
 16.09044367 24.87175862 17.11481266 14.32254293 16.39211678  6.09815742
 11.83301982 27.80819476 21.20088077 16.58396212 14.94213336 37.9337404
 12.56777709 18.0173923  27.3041043  14.69188188 21.79320503 21.51682509
 15.21571721 39.3773524  16.37200708 15.99585963 24.8632899  12.4946828
 31.27549069  7.3824479  16.3509055  15.37809834 13.46484092 20.38770244
 26.37392003 11.84402403  5.97445067 13.53825572 36.45891678 15.27087975
 27.23638421 24.98115744 25.33741589 10.10496472 13.61060723 32.55505321
 28.90128471 12.48497157 17.70130639 36.1256161  10.48343524 11.50384519
 13.23411011]
27
[14.71148039 15.46308884 12.80821899 18.69123597 15.719049   14.04673044
 22.19908899 25.61109221 13.87087287 10.48842959 10.13856012 11.2601561
  8.0014854  18.05689271 17.6191021  19.865439    6.35742757  8.26523656
 16.14655339 19.45619451 19.44737874  9.5122471   7.89997599 15.45162814
 14.77488327  8.63913142  7.41565348 26.39838279 13.91620989 16.3856154
 14.93430908 14.79258304 10.08074662 21.77986161  8.94429298 16.62440377
 17.90585608 14.66884564 27.6830095  21.40349417 15.82108373 14.06030407
 10.65343135 13.29688452 11.87040884  8.81172228 18.20674882 16.13820331
 17.65574473 16.96646431 15.49041843 24.79528508 10.0836447  11.34376881
 19.35930256 13.55405407 24.61534867  8.93497031 20.60791083  6.82072441
 14.24681641 18.00157494 14.63670891 14.83440435 17.23004023 19.09684046
 22.46184789 17.71878936 21.48907241 20.23197772 13.3708436   7.6293596
 10.24263065 17.77248771 19.39250171 31.13740041 21.12474031 11.71685262
 11.06101221 15.77762515 13.34907221 12.97526229 18.82525116 25.98182153
 20.2109849  21.04451754 21.62041064 20.3559257   9.81022236 26.88287668
 13.18758475  6.13338416 15.0785569   8.97239356 11.1802578  15.81347193
 30.28679496 19.12371236 18.69524552 13.62781214  8.04334084 20.17875383
 13.76439237 27.72349496 10.18790366 15.07162585  8.08707665 15.16690467
 15.2126589  15.52929742 13.96195065  9.79531409 13.51402382  5.60904959
 15.59083893 18.32473132 10.81332262 14.28313122  7.30336997 25.05842779
 10.33781873]
28
[12.9748481  14.83838498 15.43434749 11.54874856 12.88083746 27.80011201
 20.28746104 15.23029867 13.54887409  7.45052587 12.85483178 11.32395173
 13.27479646  9.57218814 16.49905476  5.63689814  5.26096871  7.3867328
 11.09925211 19.33731519 11.77214374  7.57007364  9.9948982  16.8795879
 14.21527838 11.59548209 13.91893803 17.32178618 10.78728789 13.26302877
  8.36662378 22.32459608  5.54281718 18.65840783 22.26618373 10.91419664
 18.00219689 13.6046736  15.17370592 13.17596621 15.05367632 20.19331599
 11.56439144 14.25862173  9.14470068 11.64445554 11.79023928 12.15571795
  8.9039285  14.24434267 22.24709878  9.66330733 21.81191278  8.89630497
 10.77540532 12.73643704 21.02535038  7.88208194 23.61086792 11.82879411
 13.74504179 18.44630473  7.66864872  9.59886633  6.77336542 11.0352793
  5.91996275  5.32409871  6.58583809 13.19582983 14.9778655  14.78799704
 27.41561089  7.50069865 16.10968724 18.27002585 32.06465661 15.03997139
 10.73770547 24.23160006  8.58527746 22.61880211  8.55378367 17.91296393
  9.79635736 25.11249001 19.73121706  9.55867016 12.96594992 16.78296047
  6.71641948  7.6876452  18.6985071  15.18705863 13.25789119 27.20807024
 14.11826059 22.35219824 10.9851993  16.21514899 15.91298013 18.74216202
 10.03217643 19.77351365 18.33334592 21.99552907 17.69511138  7.57584231
 17.82266995 14.62436939 16.26732448 13.42607861 24.14071609  8.33235977
 25.74031289 20.09402952 20.40132779 14.70273528 11.18641293 24.48922713
  7.98891317]
29
[20.75087047 20.0058135  20.32756918 24.22042794  9.67838574 13.18186987
 16.62406049 24.86137086 23.05646757 13.84945903 13.72860626 16.45551056
 17.79440298 21.20576365 36.64489717 20.80170778  6.73027561 14.34669489
 15.5153698  13.33959655 31.70681272 17.83834108 11.28054223 24.09223758
 10.04287256 14.54338684 20.0774749  35.02068578 18.13935216 15.86891657
 12.74843383 21.90330278 15.19748121 20.29264856 21.64853546 24.70086255
  9.81717    19.87050803 18.50010802 37.7413064   8.6777442  14.12846934
 28.77755952 29.94982101 26.82634327 18.12564177 16.62660516 26.39293909
 16.58682941 34.12090593 22.90598497 11.13935815 16.81322289 13.33749122
 25.16596003 15.7371946  24.19712157  6.96724073 17.21070341  7.20360574
  9.87230474 13.89216782 22.68303571 10.47043795  8.79063805 13.19084597
  6.3005696  14.11800481 23.52007128 26.24232329 12.02356743 12.12671821
 15.21951362 12.93114348 17.18002461 21.21999276 24.80069465 19.72027511
  9.69859717 14.54859118 15.42130237  8.51932409 17.59728124 12.05212291
 26.11207107 15.88245848 17.61823892 21.84025423 18.47697203 17.33529283
 14.63272355 22.19587272 23.36650798 17.65142721 14.92223623 25.6848239
 16.24378013 12.01691503 19.95607732 11.6649953  16.09883899 11.78988199
 12.0704555  14.57840669 11.08612687 30.12701635 23.64474222 21.94844494
 25.75098507 13.70321112 14.61716897 42.0675698  15.97268523 11.66314145
 18.11467705 26.01742525 23.12689916 18.20841958 13.19258219 18.64614906
 19.92548451]
