[14.35151985 12.77004148 10.41848307 12.04588501 17.70468395 26.00621246
 20.28196386 15.30056212 16.97324549 10.70092949 19.8502969  12.02405942
  6.51798386 15.44893607 19.94789815 17.9489543   7.50644813 11.36170796
 17.72344682 13.28074518 14.45468957 13.91452618  8.35585989 19.05827735
 26.45467144  6.52535497  9.22640738 20.14073741  8.3610758  11.63139324
 13.47425944 17.3439505   9.99809458 34.78437373 14.87810909 17.25279037
 15.42413484  8.99776794 13.07898817 27.13315692 13.03320789 25.61466237
  9.68587675 21.37921401 22.12943693 22.64857779 14.38293397 15.04024134
 17.78921064 26.23637209 25.21577466  7.56095172  8.99182709  7.07223076
 12.87896985 11.23190241 27.78763591  6.17546764 18.55228444  8.39705871
  8.31168869 15.1773269  22.9670295  11.49565281 16.11614365 11.71743287
  5.84683085  7.52655882 18.24227739 12.56730351  6.82927276 13.12368701
 24.75570937 13.43333138 12.22672272  9.70971877 19.43521283  7.77260318
 12.16909196 10.41104609 12.40600979  8.39505172 15.33803996 19.31155276
 13.5352684  18.69148084 11.13184409 24.25552957 23.69439    13.57345752
  6.30907808 12.75698199  9.73899916  6.264658    9.94196485 12.75066509
 27.09644062 18.60627753 30.20591078  9.88436188 13.62870701 12.55080528
 14.85332474  8.10017816  9.46595345 24.11738247 16.00721979  9.59855989
 11.82883232 13.2621243  12.60439585 15.87839345 13.53266394 31.38489869
 18.25008637  9.67119875 12.07797778 16.0254728  10.7097815  18.79315352
 15.47375438]