[13.11578049 44.43536542 45.33638582 45.80142026 30.04813875 35.28806877
 19.78712148 52.46066588 34.68937822 44.89856824 55.44613244 55.6893842
 41.01182937 35.39045877 22.7304942  33.55487263 33.50861042 16.27205161
 35.54648002 28.4325388  46.79124682 43.71445447 45.62616192 45.47375646
 38.57762768 27.73442114 27.29236576 43.35644795 54.37812575 35.61795203
 48.0777188  41.56034143 42.0049148  44.27692007 34.41190226 48.50259848
 41.59985856 47.78281473 55.13539603 33.37062904 29.42268199 46.86689111
 42.43796672 52.94405777 45.96679979 43.28603381 53.68489239 31.91462408
 48.01538899 35.24541922 43.5256507  40.99041134 50.66286166 38.34419768
 47.41213619 47.38944987 26.21791924 42.67346768 43.44871918 44.55433138
 46.30210186 37.89726122 29.2556917  31.87198609 48.8344241  37.61566396
 52.16598682 47.31128011 37.23668266 51.00430405 38.36435822 37.32703662
 54.49034204 28.90142535 51.58703976 24.09376224 49.70850897 43.82562913
 51.83996035 42.82036546 50.70409912 48.84386439 49.43978923 52.48464447
 51.19244014 38.24252012 43.30220891 53.11435199 45.38484717 51.03308803
 49.5806185  56.73805887 40.2500231  45.13829496 50.73096181 46.8931182
 52.25624161 50.22818694 19.64233112 36.79389761 46.61423602 27.41126185
 49.73710929 35.27488221 38.69378887 52.93033593 35.14705457 44.14909729
 51.74746643 13.22643653 37.4435381  48.88517469 55.89715161 31.37273442
 36.16030392 23.59921962 55.38732451 44.63029032 41.50681089 57.49384436
 47.34391813 50.65218533 42.64606086 48.01589823 54.56907136 34.28272848
 31.36478788 29.80071117 35.65695665 38.58952754 48.67573523 24.63007596
 42.81076254 41.16625601 15.91352007 38.8786475  52.05049238 51.35313579
 55.26353063 45.55963858 46.14786181 54.27880568 43.99651626 40.01495935
 27.61970473 53.81889466 53.92401628 52.53158653 57.86626944 49.20165269
 51.32102742 39.77675567 51.01193553 16.45904652 47.60510817 42.63467519
 39.18695032 40.04887986 46.96516821 34.82205789 39.99624715 40.09009077
 39.78264461 51.31974835 49.93048438 48.7990438  45.36707662 56.51766827
 25.48379256 50.13287711 52.01049897 48.1181885  37.16358008 53.48969066
 49.17555831 50.53359315 50.55649222 50.89501001 49.02365459 50.81725298
 54.22656393 49.9746878  51.49528966 32.22269188 53.90159927 45.89921252
 51.34982744 39.63422401 52.1167142  50.62399656 43.96942303 29.53447208
 44.56597115 47.24481605 48.89631287 48.02520162 49.7229055  52.31068181
 48.21211823 47.59387287 58.90178366 23.53966265 54.35875642 33.53094896
 19.25920388 48.20555912 37.52150646 43.06901235 50.75495524 45.29589253
 56.03617146 46.69916927 32.02074139 50.92319417 38.38476514 34.87934652
 47.62320718 42.46966676 45.39521733 30.36844666 43.88317708 52.65356174
 43.05579221 49.78991794 46.17283398 43.14426043 50.63770435 55.59062005
 41.3997655  40.16440243 32.1930535  46.25470552 34.9958131  40.46285099
 45.45391124 51.79119933 51.31389212 32.33605391 55.87371871 47.49439931
 23.74164292 43.95543358 52.84120361 31.38018017 40.86181625 42.28363112
 51.58739865 47.17893292 37.1786053  47.68900689 51.12939805 30.51221751
 51.49768015 54.76670434 46.9002882  54.46336397 52.10441101 41.26740923
 47.6770358  51.38485911 15.13631485 48.69123122 52.69575991 40.95138734
 36.60401137 54.41791186 55.94371694 15.07885897 36.92856578 36.49116651
 47.01023213 47.68365804 30.50933685 43.33316081 36.30745679 49.67088401
 54.27950008 40.57341199 47.49858643 44.51783932 43.89020751 42.55203654
 54.30248627 24.77290975 30.89696979 41.70484809 51.97454665 51.54714602
 51.7099343  52.53230043 38.60990008 14.34776898 24.05876701 49.44953409
 47.49893561 31.73945525 51.33240026 51.86201644 27.23723153 50.12658396
 44.0313307  40.01284776 53.92197733 32.84659488 52.3016594  49.49563955
 27.54786677 28.48860618 47.87871882 51.53288398 44.79113666 46.33281824
 50.38627871 56.30860908 52.90041666 47.75904183 38.40464422 47.35737493
 44.134317   11.61371442 48.2466363  43.1308677  48.79620391 52.3434536
 39.52552788 54.28702572 49.53692749 19.47551547 50.04891033 45.07950241
 38.49149547 37.2565797  32.43429551 36.58887491 44.68322066 40.69683457
 48.55397072 35.89522871 51.18986271 28.45067759 44.32597185 49.52475711
 39.5217717  35.2064234  43.92710102 26.15053724 49.99809723 44.51392888
 56.61789272 43.18703423 47.53007621 53.9098231  27.45980748 47.16854552
 37.14512493 47.01770812 53.05248624 54.19500215 43.48504491 51.39694749
 50.0174156  30.14276746 44.87281653 24.54534526 54.35784214 28.31244309
 22.56663963 49.69986009 33.81866618 33.6131514  56.95561248 47.36277056
 37.36527974 26.31057787 50.61365141 49.99230113 57.9686314  31.99549196
 49.16670414 49.2868743  52.63669765 42.90229199 21.02077818 46.81722961
 46.99441794 48.66132432 50.12323982 56.28049578 39.57618235 34.91733925
 40.87485487 15.9397736  51.8300478  51.00015404 39.28640227 30.24286855
 49.64774166 33.62018304 22.29222706 49.81675348 30.27956201 48.66012631
 47.57674123 45.60397722 46.16064638 23.62664506 27.82947698 54.31892905
 33.86356804 29.7300751  46.25142627 36.73787024 37.14678851 30.13731383
 48.5089875  50.4272935  55.6644986  52.59169757 41.28600358 48.46578507
 49.8242491  40.61241349 53.84400268 47.01372218 45.10008882 42.15590902
 54.1284777  40.48652315 30.12360094 32.61113104 52.07540027 53.46469925
 55.57833322 21.02638961 43.07276909 43.69002931 57.22212788 43.17068236
 35.97368655 51.20328494 46.94790407 24.50514531 10.2211628  45.89551324
 54.80705686 49.38738266 35.44055409 11.5293897  37.18005285 49.58745358
 52.37317268 44.34005648 51.58008238 48.71730914 32.70334392 20.84696766
 44.44940519 51.76606595 42.08718226 41.40561543 46.68649706 39.34045521
 34.34661502 47.50690838 45.66499765 49.34211725 49.89650426 32.86908136
 27.32041143 54.07840588 47.8717514  53.14253422 39.34700355 33.08968553
 56.00016729 35.08124414 52.85082975 51.87582398 28.79843438 52.67652635
 53.16589497 49.79114398 40.63972591 41.04374604 53.36202255 34.0254953
 48.8740642  45.08287701 51.7889644  48.60246592 48.81683041 42.3521893
 57.21894758 49.10797666 47.89246151 49.91927254 51.67143177 46.1668119
 55.32889266 28.17829923 54.40309947 53.54525597 30.75625222 40.71261953
 44.36576183 50.1629603  52.50620517 41.56270268 50.55899367 17.29232226
 55.03406089 45.18036598 38.73363317 51.46950872 38.93771782 53.35522851
 53.31697516 55.55507588 45.32106004 32.02756596 31.65702484 45.78953727
 50.01591563 46.86257035 43.61528579 43.23661031 39.90106875 27.73897815
 53.94553211 41.59153325 45.82971987 46.00136232 50.90323609 50.64567509
 56.58811377 39.68836348 37.80959226 46.09108403 25.95904933 49.94481463
 31.24687993 45.24916603 47.00129823 48.97180202 47.35666853 46.0639001
 43.30306675 43.07927057 49.24059016 54.60412059 39.47682801 53.23798123
 31.85899014 43.01938688 46.88771772 23.21062313 40.68429294 50.05282933
 34.59500883 26.50605489 54.21627969 52.12311953 49.79372198 56.19458304
 44.67216527 47.16565714 52.67123746 55.55066986 51.22206848 37.98997225
 51.46122503 54.48327494 55.56533146 37.50266032 51.36989601 41.16128285
 48.5831867  19.10892289 20.73102582 50.61024683 54.30799523 52.61251368
 54.4330366  51.52172045 46.51103378 45.87342954 54.90647746 30.31039181
 45.60612392 46.71021555 50.52817509 50.33862728 50.61205146 46.3889138
 44.54574225 53.69004437 44.91350018 49.81427506 49.66854035 58.3347028
 39.60767229 39.60616032 36.09424168 54.5311715  53.90203492 48.90092212
 49.47499269 51.18106136 50.85368501 46.83703426 37.81781451 48.03048705
 38.13118063 54.21542608 18.40902601 48.44238932 36.53325593 52.33769701
 49.13760141 41.43353088 40.22905706 42.74121751 24.57980014 33.95949628
 44.3254165  45.08160773 57.06034965 20.92950354 48.96627125 54.42920327
 37.22677689 45.4399576  51.15104718 50.77226537 37.55058606 49.23073657
 47.38527036 49.39260785 54.1466051  53.00900248 31.09867317 31.71016462
 41.96225506 50.58852572 40.88930338 56.29674134 52.49112262 33.17365567
 37.15078415 44.10713857 38.48011699 22.22837747 47.83170291 55.89837898
 55.36355083 46.1317012  41.92842385 37.15211259 54.41494137 37.07302621
 41.00335014 45.75716513 34.60279104 38.93246809 55.87097922 33.32056845
 38.58125843 45.72936593 56.0177     28.77574855 51.77166051 51.77892008
 52.03449218 14.85019201 39.75257486 48.00139861 54.66908091 30.53944965
 50.75198219 41.5090838  52.26343325 21.27254041 23.94671933 52.63008311
 48.17387656 34.00709572 40.01448482 26.72399896 51.9481328  19.33671089
 38.67386115 31.66963873 43.30741761 48.26775468 52.35745178 45.64157378
 29.31526568 27.66259951 56.20860707 23.3707671  53.88116734 47.4736098
 30.28459625 51.41130666 49.61555151 36.67062423 50.37114305 52.69162737
 52.18716418 43.55350417 50.77055816 37.0407845  50.80702122 38.11464568
 50.76293104 45.03651866 44.93350369 25.66990382 41.37018765 47.77687571
 49.45232141 41.04440568 45.2396295  51.0726556  42.30014588 43.41363174
 35.11196722 53.44684866 35.46716827 44.95860819 48.51774016 41.7459992
 48.64838586 56.23362422 48.22685292 51.56597668 19.81854534 43.20394948
 30.27109092 24.60831366 52.13533699 52.96166842 49.52512606 51.07389302
 49.03543196 30.46610452 38.44596505 35.7168129  52.01152995 51.7300674
 52.00893855 43.4325536  44.42725063 49.1224844  39.21028825 10.83279876
 49.41194241 40.94710579 57.47741558 38.8165634  36.63187583 52.93913038
 25.76393909 31.62134034 22.64107061 51.19007281 54.77052563 41.92596366
 40.74796694 40.69205792 41.53505306 34.2240001  48.43677836 30.52672647
 36.53206981 48.04110094 52.1664972  52.78455628 38.91791348 37.83069925
 53.80227204 57.63314565 24.40532581 45.97844667 48.38838107 45.79134528
 52.92380887 44.94541866 23.56022421 53.9660136  53.16108407 48.37431109
 44.23945016 42.09441143 51.13772705 52.46719473 28.9147347  39.71479877
 40.24528541 44.52586197 49.00726538 40.22686183 30.86891265 48.88251444
 38.59439472 40.94006424 41.25503293 42.47955918 22.47022764 50.81917732
 42.90364153 38.81952614 44.94634154 33.27436645 48.56168711 49.1330288
 45.37879927 31.4231805  37.50549809 49.00873887 52.86944449 50.31327484
 47.97537905 57.88342629 47.0182752  32.95364754 50.90401792 35.38010103
 51.1511034  44.67091147 52.6207515  35.01023052 42.78078662 48.85240553
 35.77461021 50.6696561  48.26389119 46.37583151 31.05916395 34.6522419
 48.74812701 51.0716268  20.98677655 43.01637669 16.19159927 45.84769888
 53.14757636 51.50117361 45.98740656 39.68129417 37.23742478 51.81882184
 52.41950335 42.418598   51.76495568 45.14466918 58.74192994 51.82535075
 55.12629828 47.7097522  48.83969328 31.4940526  28.7030856  43.37796011
 48.2558632  29.74183486 49.87852038 48.23603596 41.25794983 53.12612199
 41.74059456 49.79322967 51.70882953 47.21466131 57.46166619 48.48540475
 25.11449057 44.39892553 45.31953244 49.96531847 51.13930027 41.94925631
 27.40598157 54.23540152 40.60540565 52.84636597 26.91667026 50.6541156
 50.74632811 47.09212606 43.99233967 41.96127287 56.54426209 45.75386606
 29.83243312 50.38195234 44.99792286 43.07126746 57.17957886 50.16018411
 43.80475024 51.34020947 46.64955184 50.98056429 44.21769312 44.37010876
 49.11485804 56.00516368 46.1568713  48.34504136 34.26427278 54.69455411
 55.19892031 41.33169448 43.18114875 49.13212992 50.34717224 53.20770748
 55.19082185 48.28869457 53.44300362 43.16647704 35.34883096 39.0731952
 56.46489682 45.9537596  47.95618723 50.50937446 42.66575414 48.19565172
 53.46810633 45.20117939 55.93752471 36.73807879 53.95250032 33.21796171
 40.93401259 58.31583449 46.401171   37.90166871 40.74404493 38.51474424
 46.5695954  47.17355248 52.13383456 39.06113945 46.61533911 22.47164086
 21.19022656 45.44113754 40.59681478 41.28331179 34.67972092 45.80562659
 48.08948163 39.54693518 51.02806595 44.17682124 43.25473651 55.48048918
 50.80179762 46.90601078 51.82834096 26.47703105 41.37346847 29.33829188
 34.35952799 55.69648445 46.67453521 44.19083924 46.03745613 52.88994179
 46.95410548 41.47750555 52.70701449 30.02522266 51.37157165 50.90017319
 41.41089177 44.28255645 35.73871949 48.24300135 47.08159789 52.88880281
 51.0760643  53.14256247 51.4111173  44.62291999 55.89169761 35.4774734
 53.15512516 42.13582129 44.72255457 16.3889606  26.62789268 51.35157815
 50.7504814  42.29303658 53.57196975 53.32019998 38.40117567 27.33730623
 36.2156576  32.26283317 53.58005501 38.74695006 41.35129954 38.84658709
 50.56167851 53.02393486 32.42624616 52.18902005 38.87951542 55.33755434
 38.73951788 53.81166985 34.24498526 48.11543533 40.69801625 29.13411183
 20.39283578 37.1499016  40.22848136 47.61682963 42.96318233 42.38153442
 50.65011649 46.87562491 47.7282291  49.72049572 40.64486969 56.12010796
 38.25153014 36.56923331 38.61996966 29.22959306 39.01786922 56.83662226
 42.41637036 53.59955031  6.29928443 41.04963671 49.84715885 42.79782053
 42.0571728 ]