[11.91904796 12.27341962 10.26208825 11.97625013 12.32420485 12.52843305
 10.66493742 10.88985348 11.63009562 11.03664764 10.93133094 10.77849177
 12.01040826 11.45176251 10.69272353 11.03596779 12.41421399 11.01053833
 11.37883827 11.32625257 11.16815405 11.35700559 10.8362451  11.49914114
 10.85501625 11.57397818 10.31214285 10.92075333 11.98096367 11.50056324
 11.53894601 10.75140966 11.49026612 11.82271212 11.49358803 12.37240828
 11.40606536 11.40224638 11.95572039 11.54447012 10.41900163 10.55703677
 12.08925352 11.98226202 10.68980557 10.27530042 10.91744164 11.0675818
 12.62845461 10.54495196 11.44422852 11.36510375 11.05143671 10.88897184
 10.26740324 11.14126313 12.65385927 11.89094392 11.05543984 11.09966566
 10.23228102 11.89234001 10.393554   10.98013271 11.12553375 11.21240694
 11.54706238 11.69124354 10.30888522 12.10687557 11.43438903 11.67190937
 11.86406364 11.47949697 10.46657086 12.11621491 12.03307718 10.87552185
 11.81509131 11.39269304 10.85549069 10.75405634 11.49484614 11.42761443
 11.26795316 12.30945905 12.6942435  10.52561491 10.17215835 10.85003946
 10.70830449 10.22791221 11.87540436 10.98668174 11.47580582 10.53140553
 11.86731956 10.76919217 12.31015758 11.43097759 11.05664753 11.75145915
 11.93496815 11.3860677  52.59924277  9.45302109 11.535512   11.85040114
 11.13784704 10.7913637  11.4461639  11.15478644 11.6851039  11.49857762
 11.49621152 12.4027785  11.26801183 10.75453382 11.46785608 11.59075451
 11.07194593 10.64254953 11.42112211 11.94755325 12.3124678  11.3723618
 12.14501282 11.14387582 11.33232995  9.90123308 11.15054068 10.37671274
 10.79611613 11.45618387 12.86623266 11.50297035 11.8317916  11.69582942
 10.40871258 11.10394055 10.94257042 10.69619186 41.73612493 10.4808834
 10.64273212  9.9389267  10.90408084 10.38985284 10.82548116 10.65019787
 10.92362181 12.01777364 46.10297206 11.78982076 10.9638351   9.84015092
 10.77805    12.14230008 10.66787819 11.2074931  11.99448029 10.33356424
 11.3619558  12.1092877  11.92167317 11.32941175 10.72441934 12.09147808
 11.19480868 11.20820029 11.67051501 11.70201155 11.56963399 11.29155839
  9.86522624 12.45261702 11.8357873  11.35715814 10.93038331 11.4538687
 11.31653809 11.9081889  11.76781244 11.36731638 12.28893499 12.90567166
 11.06893969 11.07621763 11.5499009  11.65191986 11.59853764 11.77754272
 11.6879886  11.54183479 11.35347242 11.67687428 11.16115933 12.66476292
 10.91223373 11.42790224 11.94841672 12.16016537 11.66358408 10.9951652
 12.17729038 12.73711688 11.45982155 12.18481276 10.58320026 11.85683003
 10.87177076 10.46976756 11.25575397 11.73869065 10.97343941 12.27435581
 12.43030512 11.56779644 11.54442551 10.60654974 12.44515829 58.33641759
 11.69170711 10.98686389 12.60225386 12.11294012 11.78892497 10.78830738
 11.32293731 10.92833855 11.73052075 11.64858786 11.48751032 11.30972107
 10.1555719  11.69962236 11.90693365 11.78157174 12.12042657 11.38201245
 10.18917856 11.51464304  9.77710472 11.85949847 11.39546249 10.73263476
 10.67478223 12.3310986  10.71203907 10.80973075 11.93704188 11.25692866
 11.43875598 11.38060497 10.60558042 13.37191477  9.40427477 39.01300058
 11.70341463 11.4929338  11.18517606 12.74168122 11.88121289 10.37404511
 11.98494224 11.21551208 10.69560669 11.31849842 10.60507376 11.88052844
 11.99170752 11.8805228  11.13716129 12.44276087  9.62624803 11.08837656
 11.86563375 11.41575988 11.81938712 11.50210245 10.1424866  10.99858166
 12.6919049  11.73052032 11.63175027 11.11742247 10.25633845 10.63122052
 11.52491286 11.39096683 12.45897016 12.96593796 10.50800796 11.67238319
 11.21062945 11.30115379 11.03735786 11.79672725 10.69459254 11.98431427
 12.15648986 11.10107385 10.81816308 10.15233879 11.78642267 12.62442957
 11.89859474 11.62733455 11.22121159 10.94531387 11.5444952  10.83871105
 12.32133938 11.80865733 12.10272804 11.28746886 12.26715166  9.99280823
 12.1980073  10.16432835 11.66839223 11.74064083 11.3780217  11.81171063
 12.10779418 12.33398393 11.429578   11.76123219 11.31434914 11.70009272
 12.88410679 11.8163663  12.07203238 10.57330747 12.28026082 11.91059765
 11.33488735 11.77976243 11.99908176 11.98030521 10.98167549 11.918237
 12.03448824 11.780804   11.8314087  11.15198248 11.17116984 11.26851244
 11.07944388 11.57777018 10.24813223 12.51714508 11.97401578 11.41537691
 11.8016136  11.8688969  12.3901987  11.34679436 11.64604567 11.33735139
 11.35575111 11.4084848  10.19708399 11.8948371  10.90325677 13.13228337
 10.91235681 11.13666227 10.87134889 11.31991164 12.92403468 12.27811036
 12.00332244 10.89742268 11.88394302 12.86715378 11.49128353 11.65922125
 12.11260396 10.7495126  11.0380565  11.72036307 10.6690009  12.02294092
 12.40297524 10.05382804 12.00655093 11.42110255 10.62288464 10.89774502
 11.12625262 10.72366151 10.2895794  11.38988017 11.51769345 11.16950735
 10.68852892 11.36583158 10.66721983 11.37659926 12.08855958 12.29444642
 11.5004271  11.08814856 12.48400449 12.9107175  11.30528845 10.55557643
 10.93384338 12.51373161 11.71729443 12.18021388 10.94974878 10.87310005
 12.94149796 10.87225902 11.61036731 11.65864982 10.34292058 10.42411459
 10.86491574 12.83709331 11.03850844 11.27894255 10.55860046 12.39544817
  9.86582278 11.4428387  12.12938614 10.66400874 11.74909696 11.62180179
 12.1539119  12.30528051 11.64127287 11.36884093 11.91656217 11.32239482
 10.55288901 11.30739312 10.86769454 11.1437279   9.74579086 11.66550924
 12.22024178 11.99930362 11.28031163 11.6098345  11.45923858 10.99052261
 11.40168006 11.03020481 11.57490762 12.1159972  12.71902653 11.61791675
 11.70138786 11.28463157 11.19848402 10.79309235 11.15121312 11.70710772
 11.79903069 11.58193399 10.74126235 12.11888299 10.72424824 11.63701345
 11.75079774 11.5213296  11.3670413  10.30368364 10.82551379 11.2546456
 11.00245544 11.8604088  11.10557595 12.21768266 11.07574777 11.88657172]