[20.61259657 12.91867321 17.7081086  20.06489051 18.71116824 21.34133533
 22.64599078 35.29674451 18.20245925  9.92346883 29.94555739 35.11719544
 25.31799006 23.02292191 25.34010844 17.81389859 31.01903536 45.67650453
 36.46307192 17.88571591 14.25209884 23.77342176 24.03791688 10.52590571
 13.29843801 15.29444428 31.67886216 24.91376118 13.04568997 19.61821556
 32.736165   19.47729392  7.11459774 28.62335744 20.6971251  36.88585795
 20.42324082 19.03416086 15.21950133 33.04051617 26.40554006 16.20852271
 20.17139763 21.31811152 22.40349396 26.02948876 21.99460039 27.46028006
 37.19244892 18.70237254 32.51851123 25.38623202 14.95838006 17.90037565
 13.55381761 21.77248442 21.13516818 13.77954399 27.5538788  30.55623467
 18.46405777 41.2482607  18.78206987 33.54744832 32.98073535 14.84987229
 27.3485305  51.4765964  27.41221941 17.45228017 33.85225487 28.10629156
 28.73462382 29.81962715]