ave_convergence : 
 [6.48321121 6.32592535 6.22238327 6.17550746 6.08909099 6.06871059
 6.06242184 6.0226357  5.99510384 5.97599445 5.95442072 5.91298972
 5.9011997  5.86423295 5.83048574 5.82625211 5.80628399 5.78547875
 5.78547875 5.78048983 5.76293196 5.76293196 5.76293196 5.75716445
 5.73847772 5.719399   5.70249567 5.70249567 5.66778151 5.65769861
 5.65097118 5.64808724 5.64808724 5.64808724 5.64808724 5.64366156
 5.64366156 5.64366156 5.63095478 5.62480121 5.62480121 5.62291752
 5.62291752 5.59975256 5.59975256 5.59975256 5.59975256 5.58279982
 5.57117034 5.5701396  5.56000114 5.56000114 5.56000114 5.55410182
 5.55410182 5.54398235 5.53221758 5.53221758 5.53221758 5.52966531
 5.52619374 5.52619374 5.52619374 5.52619374 5.52619374 5.52499527
 5.49514901 5.49514901 5.49514901 5.49396054 5.49396054 5.49396054
 5.48433396 5.48433396 5.48393581 5.48049124 5.48049124 5.47950595
 5.47950595 5.47950595 5.46154033 5.46154033 5.46154033 5.46154033
 5.46154033 5.45555707 5.45555707 5.45555707 5.45555707 5.45555707
 5.43543978 5.43543978 5.43543978 5.43217123 5.42861755 5.42861755
 5.41395849 5.41196337 5.41196337 5.41196337 5.4005212  5.4005212
 5.4005212  5.4005212  5.39560598 5.39560598 5.39560598 5.3733923
 5.37074295 5.37074295 5.37074295 5.37074295 5.37074295 5.36350456
 5.36190519 5.36190519 5.35462429 5.35462429 5.34327379 5.34327379
 5.34327379 5.33410608 5.33410608 5.32944807 5.32944807 5.32710979
 5.32710979 5.32710979 5.32700104 5.32235463 5.32235463 5.31081122
 5.30356932 5.30356932 5.30356932 5.30356932 5.30356932 5.30356932
 5.28461318 5.28461318 5.28461318 5.28018669 5.28018669 5.28018669
 5.27973701 5.27973701 5.27923057 5.2784099  5.27407041 5.27407041
 5.27239921 5.27239921 5.27239921 5.27239921 5.27239921 5.27239921
 5.27239921 5.27239921 5.27239921 5.27239921 5.27099587 5.27099587
 5.27099587 5.27099587 5.27099587 5.27099587 5.27099587 5.27099587
 5.27099587 5.27099587 5.26136797 5.26136797 5.26136797 5.25095565
 5.25095565 5.25095565 5.25095565 5.25095565 5.25095565 5.25095565
 5.25095565 5.24757442 5.24202238 5.24202238 5.24202238 5.24202238
 5.24110552 5.24110552 5.24110552 5.24110552 5.24110552 5.24110552
 5.24110552 5.24110552 5.2402549  5.2402549  5.2402549  5.2402549
 5.2402549  5.2402549  5.2345236  5.2345236  5.2345236  5.2345236
 5.22410987 5.22410987 5.21700721 5.21700721 5.21700721 5.21700721
 5.21700721 5.21700721 5.2150146  5.2150146  5.2150146  5.21386551
 5.21386551 5.21386551 5.19696789 5.19696789 5.18958713 5.18958713
 5.18768367 5.18768367 5.18768367 5.18768367 5.18583449 5.18583449
 5.18583449 5.18583449 5.18583449 5.18583449 5.18583449 5.1759636
 5.1759636  5.1759636  5.1759636  5.1759636  5.16849421 5.1674007
 5.1674007  5.1674007  5.1674007  5.1674007  5.16582651 5.1620469
 5.1620469  5.15101805 5.15101805 5.1332665  5.12790487 5.12194136
 5.12194136 5.12194136 5.12194136 5.12194136 5.11351161 5.11351161
 5.10570021 5.10570021 5.09348887 5.09348887 5.08512521 5.08018616
 5.08018616 5.06731584 5.06731584 5.06104974 5.06104974 5.06104974
 5.06104974 5.05491935 5.05338002 5.05338002 5.04611545 5.03283275
 5.03283275 5.03016892 5.03016892 5.00703758 5.00703758 4.99927504
 4.99192248 4.99192248 4.99192248 4.99192248 4.99192248 4.99192248
 4.99192248 4.98768582 4.98422314 4.98422314 4.97008836 4.97008836
 4.97008836 4.97008836 4.96318971 4.96079817 4.96079817 4.9574996
 4.95489362 4.95489362 4.95489362 4.95489362 4.95489362 4.95230964
 4.94790672 4.94256089 4.92268712 4.92268712 4.92160481 4.92160481
 4.91299168 4.91299168 4.91299168 4.91299168 4.91299168 4.91132061
 4.90901235 4.90656106 4.90656106 4.90656106 4.90656106 4.90302434
 4.90302434 4.90302434 4.90102277 4.89727861 4.88564788 4.88564788
 4.88251689 4.88251689 4.87661274 4.87661274 4.87661274 4.87661274
 4.87661274 4.87661274 4.87661274 4.87661274 4.87661274 4.8752532
 4.86136319 4.85830154 4.85830154 4.84940691 4.84940691 4.84940691
 4.83682135 4.83014077 4.83014077 4.81547361 4.81547361 4.81381918
 4.80768578 4.79760397 4.79760397 4.79760397 4.79760397 4.78924255
 4.78924255 4.78924255 4.78924255 4.78748094 4.78748094 4.77531152
 4.77531152 4.75367061 4.74983357 4.74932276 4.74932276 4.7421129
 4.7421129  4.73171346 4.73171346 4.73171346 4.7316245  4.7316245
 4.72514792 4.72514792 4.72036553 4.72036553 4.71629156 4.71629156
 4.70472644 4.70472644 4.70472644 4.70472644 4.70472644 4.69825943
 4.68478794 4.67648393 4.67529019 4.6612277  4.6612277  4.64951736
 4.63399256 4.6215222  4.61908178 4.61908178 4.61908178 4.61908178
 4.61908178 4.61838238 4.61838238 4.61838238 4.61766597 4.61766597
 4.61766597 4.60667678 4.60550856 4.60550856 4.60550856 4.59593937
 4.5871239  4.57673053 4.56869873 4.56869873 4.56869873 4.56511006
 4.56511006 4.56260693 4.55824742 4.55083812 4.55083812 4.54538425
 4.54199005 4.53931072 4.53258534 4.52245335 4.52073239 4.52059304
 4.52059304 4.51618331 4.50139057 4.50139057 4.4866235  4.4866235
 4.4866235  4.4866235  4.4866235  4.4866235  4.4864658  4.48062092
 4.48062092 4.47898806 4.46031625 4.46031625 4.46031625 4.46031625
 4.43928821 4.43734095 4.43425241 4.43425241 4.42613172 4.41549417
 4.41012592 4.41012592 4.40530545 4.40217971 4.40217971 4.40217971
 4.38218343 4.38218343 4.37679047 4.36696795 4.36518688 4.36518688
 4.36178155 4.35399485 4.3493482  4.3493482  4.3493482  4.34640907
 4.34640907 4.34318247 4.34318247 4.34318247 4.34318247 4.34318247
 4.33407999 4.32713243 4.32713243 4.32505826 4.32344792 4.31407531
 4.31231373 4.31231373 4.31231373 4.31124163 4.30861722 4.29165495
 4.29165495 4.29165495 4.28963378 4.27630134 4.26872283 4.26872283
 4.25946691 4.25037476 4.25037476 4.23211459 4.22542535 4.22372202
 4.21100802 4.21100802 4.21062987 4.20623663 4.20599997 4.20599997
 4.19631369 4.1840247  4.18137237 4.17103782 4.17103782 4.16820028
 4.16820028 4.16820028 4.16820028 4.16820028 4.16820028 4.16820028
 4.16820028 4.16820028 4.15915939 4.15336174 4.15287155 4.15118885
 4.14468859 4.13570565 4.13044138 4.1275746  4.1275746  4.12418859
 4.11339622 4.08845357 4.0823045  4.06952761 4.05888259 4.03900778
 4.03299357 4.03299357 4.03146788 4.03146788 4.02786996 4.02058813
 4.01633864 4.01083937 4.0084911  4.00834914 4.00834914 4.00834914
 4.00834914 4.00006215 4.00006215 3.99616622 3.97632673 3.94943509
 3.94403149 3.94403149 3.93711367 3.93204991 3.91968499 3.90894774
 3.89639549 3.87156082 3.8361056  3.82673664 3.80852143 3.77389745
 3.77069919 3.755957   3.75153051 3.73858657 3.72838897 3.71841369
 3.7100929  3.69135438 3.67942972 3.65396732 3.64208822 3.6348245
 3.61853512 3.6174676  3.60852986 3.59141676 3.58737291 3.58283026
 3.57780369 3.55031297 3.54700603 3.53753058 3.51380798 3.50736096
 3.50232444 3.49967769 3.498626   3.48373975 3.48132055 3.47066499
 3.46760822 3.46005831 3.45904809 3.44853347 3.44695437 3.44695437
 3.4423742  3.4405244  3.42578803 3.4204631  3.41917199 3.41807728
 3.40566994 3.40456899 3.40456899 3.4035756  3.39952173 3.39290136
 3.38647717 3.38526179 3.37702776 3.37213978 3.37213978 3.36045084
 3.3585394  3.35824794 3.35422502 3.35363995 3.34981242 3.33664244
 3.33431393 3.33380735 3.33380735 3.33062312 3.3220501  3.32043617
 3.31673255 3.31673255 3.315648   3.315648   3.315648   3.31242045
 3.30750089 3.29875208 3.29827734 3.29290128 3.29017393 3.29017393
 3.28754474 3.28534031 3.28534031 3.28104229 3.26966263 3.26948557
 3.26948557 3.2597271  3.25913346 3.25083622 3.24682786 3.24468368
 3.24354981 3.23961485 3.23494624 3.23181367 3.23145324 3.22182306
 3.21762439 3.20180529 3.19944113 3.19944113 3.19796439 3.19796439
 3.19293455 3.18796889 3.18618412 3.18618412 3.18618412 3.18609966
 3.1819688  3.17944598 3.17819913 3.16694274 3.16687891 3.16329792
 3.16082472 3.15549324 3.15210536 3.14615023 3.14360015 3.14270922
 3.12909864 3.12390991 3.12274257 3.11842482 3.11266131 3.11149795
 3.11070287 3.10321013 3.09992119 3.09992119 3.09523902 3.09523902
 3.09387331 3.09336705 3.09187501 3.08702733 3.08497128 3.08497128
 3.08402461 3.08201346 3.07325158 3.07223222 3.07069461 3.06973696
 3.06488611 3.05587515 3.05448577 3.05189222 3.04910967 3.04576142
 3.04512618 3.0437931  3.04119026 3.03887793 3.03887793 3.03647124
 3.03559694 3.0328671  3.02765284 3.02067794 3.0195277  3.01932556
 3.01638732 3.0138627  3.01325005 3.01222817 3.01028486 3.00805166
 3.00799267 3.00304027 2.99785272 2.99551373 2.99551373 2.99272771
 2.99272771 2.99272738 2.99272738 2.99272738 2.99272738 2.99272738]