Ave_complete_duration : 
 [31640.56666667 31876.93333333 32552.7        32806.8
 32932.33333333 32983.86666667 33083.1        33179.2
 33254.43333333 33353.66666667 33341.93333333 33485.03333333
 33581.8        33830.2        34043.5        34119.73333333
 33970.43333333 34025.73333333 34025.73333333 34044.53333333
 34029.83333333 34029.83333333 34029.83333333 34193.46666667
 34275.23333333 34352.16666667 34504.86666667 34504.86666667
 34646.23333333 34699.8        34707.7        34725.43333333
 34725.43333333 34725.43333333 34725.43333333 34789.53333333
 34789.53333333 34789.53333333 34816.4        34882.8
 34882.8        34902.26666667 34902.26666667 35033.4
 35033.4        35033.4        35033.4        35137.9
 35123.13333333 35059.2        35177.16666667 35177.16666667
 35177.16666667 35282.2        35282.2        35291.93333333
 35215.43333333 35215.43333333 35215.43333333 35295.4
 35352.43333333 35352.43333333 35352.43333333 35352.43333333
 35352.43333333 35357.3        35462.23333333 35462.23333333
 35462.23333333 35430.         35430.         35430.
 35365.8        35365.8        35318.23333333 35391.93333333
 35391.93333333 35361.23333333 35361.23333333 35361.23333333
 35347.03333333 35347.03333333 35347.03333333 35347.03333333
 35347.03333333 35433.26666667 35433.26666667 35433.26666667
 35433.26666667 35433.26666667 35504.83333333 35504.83333333
 35504.83333333 35483.16666667 35582.23333333 35582.23333333
 35750.56666667 35810.8        35810.8        35810.8
 35966.06666667 35966.06666667 35966.06666667 35966.06666667
 35955.93333333 35955.93333333 35955.93333333 36109.63333333
 36149.56666667 36149.56666667 36149.56666667 36149.56666667
 36149.56666667 36074.9        36095.33333333 36095.33333333
 36120.16666667 36120.16666667 36200.66666667 36200.66666667
 36200.66666667 36230.03333333 36230.03333333 36198.96666667
 36198.96666667 36191.8        36191.8        36191.8
 36169.63333333 36192.3        36192.3        36186.8
 36241.46666667 36241.46666667 36241.46666667 36241.46666667
 36241.46666667 36241.46666667 36333.43333333 36333.43333333
 36333.43333333 36365.43333333 36365.43333333 36365.43333333
 36364.46666667 36364.46666667 36317.56666667 36423.8
 36534.26666667 36534.26666667 36605.4        36605.4
 36605.4        36605.4        36605.4        36605.4
 36605.4        36605.4        36605.4        36605.4
 36528.83333333 36528.83333333 36528.83333333 36528.83333333
 36528.83333333 36528.83333333 36528.83333333 36528.83333333
 36528.83333333 36528.83333333 36484.06666667 36484.06666667
 36484.06666667 36450.26666667 36450.26666667 36450.26666667
 36450.26666667 36450.26666667 36450.26666667 36450.26666667
 36450.26666667 36559.46666667 36642.43333333 36642.43333333
 36642.43333333 36642.43333333 36672.76666667 36672.76666667
 36672.76666667 36672.76666667 36672.76666667 36672.76666667
 36672.76666667 36672.76666667 36690.3        36690.3
 36690.3        36690.3        36690.3        36690.3
 36632.66666667 36632.66666667 36632.66666667 36632.66666667
 36683.03333333 36683.03333333 36598.03333333 36598.03333333
 36598.03333333 36598.03333333 36598.03333333 36598.03333333
 36609.7        36609.7        36609.7        36651.36666667
 36651.36666667 36651.36666667 36681.36666667 36681.36666667
 36762.8        36762.8        36709.3        36709.3
 36709.3        36709.3        36717.9        36717.9
 36717.9        36717.9        36717.9        36717.9
 36717.9        36763.36666667 36763.36666667 36763.36666667
 36763.36666667 36763.36666667 36801.73333333 36828.73333333
 36828.73333333 36828.73333333 36828.73333333 36828.73333333
 36798.13333333 36787.63333333 36787.63333333 36747.66666667
 36747.66666667 36843.6        36717.86666667 36785.6
 36785.6        36785.6        36785.6        36785.6
 36772.7        36772.7        36867.9        36867.9
 36925.5        36925.5        37018.7        37073.83333333
 37073.83333333 37098.63333333 37098.63333333 37165.13333333
 37165.13333333 37165.13333333 37165.13333333 37173.36666667
 37034.46666667 37034.46666667 37135.9        37277.96666667
 37277.96666667 37421.2        37421.2        37550.03333333
 37550.03333333 37637.43333333 37542.86666667 37542.86666667
 37542.86666667 37542.86666667 37542.86666667 37542.86666667
 37542.86666667 37470.83333333 37440.53333333 37440.53333333
 37566.36666667 37566.36666667 37566.36666667 37566.36666667
 37483.36666667 37438.63333333 37438.63333333 37518.93333333
 37475.5        37475.5        37475.5        37475.5
 37475.5        37465.33333333 37540.46666667 37669.53333333
 37741.7        37741.7        37658.06666667 37658.06666667
 37668.6        37668.6        37668.6        37668.6
 37668.6        37628.3        37503.03333333 37425.36666667
 37425.36666667 37425.36666667 37425.36666667 37503.6
 37503.6        37503.6        37551.1        37520.5
 37549.96666667 37549.96666667 37448.43333333 37448.43333333
 37437.83333333 37437.83333333 37437.83333333 37437.83333333
 37437.83333333 37437.83333333 37437.83333333 37437.83333333
 37437.83333333 37461.8        37483.56666667 37441.93333333
 37441.93333333 37510.7        37510.7        37510.7
 37492.23333333 37535.33333333 37535.33333333 37528.6
 37528.6        37615.23333333 37637.16666667 37740.76666667
 37740.76666667 37740.76666667 37740.76666667 37819.66666667
 37819.66666667 37819.66666667 37819.66666667 37852.8
 37852.8        37941.16666667 37941.16666667 38014.96666667
 38006.53333333 37932.2        37932.2        37934.4
 37934.4        37994.6        37994.6        37994.6
 38116.         38116.         38045.3        38045.3
 38149.76666667 38149.76666667 38111.76666667 38111.76666667
 38194.2        38194.2        38194.2        38194.2
 38194.2        38259.76666667 38255.56666667 38337.93333333
 38201.96666667 38318.23333333 38318.23333333 38319.76666667
 38382.26666667 38438.9        38436.73333333 38436.73333333
 38436.73333333 38436.73333333 38436.73333333 38585.23333333
 38585.23333333 38585.23333333 38520.5        38520.5
 38520.5        38601.26666667 38620.26666667 38620.26666667
 38620.26666667 38484.26666667 38449.46666667 38528.
 38663.33333333 38663.33333333 38663.33333333 38824.46666667
 38824.46666667 38904.66666667 38964.76666667 39105.76666667
 39105.76666667 39140.2        39113.1        39040.63333333
 39210.43333333 39110.03333333 39094.93333333 39120.76666667
 39120.76666667 39161.03333333 39208.2        39208.2
 39237.76666667 39237.76666667 39237.76666667 39237.76666667
 39237.76666667 39237.76666667 39286.5        39266.96666667
 39266.96666667 39390.63333333 39564.83333333 39564.83333333
 39564.83333333 39564.83333333 39579.23333333 39586.5
 39619.26666667 39619.26666667 39800.6        39809.9
 39785.9        39785.9        39719.43333333 39684.73333333
 39684.73333333 39684.73333333 39875.56666667 39875.56666667
 39999.86666667 40071.36666667 40114.03333333 40114.03333333
 39977.8        39968.66666667 39949.73333333 39949.73333333
 39949.73333333 39894.63333333 39894.63333333 39904.73333333
 39904.73333333 39904.73333333 39904.73333333 39904.73333333
 39991.3        39952.86666667 39952.86666667 39899.56666667
 39949.83333333 40024.53333333 39981.73333333 39981.73333333
 39981.73333333 39929.83333333 40038.6        40133.83333333
 40133.83333333 40133.83333333 40133.46666667 40160.53333333
 40180.63333333 40180.63333333 40296.16666667 40376.7
 40376.7        40365.         40516.4        40491.56666667
 40580.1        40580.1        40546.13333333 40477.56666667
 40402.03333333 40402.03333333 40374.53333333 40352.76666667
 40383.03333333 40365.53333333 40365.53333333 40378.53333333
 40378.53333333 40378.53333333 40378.53333333 40378.53333333
 40378.53333333 40378.53333333 40378.53333333 40378.53333333
 40422.56666667 40450.66666667 40385.93333333 40412.16666667
 40440.66666667 40375.83333333 40415.1        40464.96666667
 40464.96666667 40514.96666667 40303.76666667 40326.03333333
 40375.6        40546.23333333 40609.         40699.46666667
 40731.46666667 40731.46666667 40758.43333333 40758.43333333
 40870.46666667 40880.36666667 40832.9        40955.46666667
 40924.86666667 40861.7        40861.7        40861.7
 40861.7        40959.96666667 40959.96666667 40959.43333333
 41214.96666667 41433.63333333 41407.26666667 41407.26666667
 41419.86666667 41436.33333333 41473.63333333 41565.56666667
 41655.36666667 41704.         41700.16666667 41684.46666667
 41806.7        42022.26666667 42019.76666667 42083.13333333
 42091.03333333 42146.         42140.13333333 42402.
 42438.03333333 42495.73333333 42345.33333333 42527.26666667
 42526.73333333 42599.86666667 42943.96666667 42890.23333333
 42928.16666667 42966.86666667 42937.5        42962.26666667
 42900.13333333 43293.9        43262.53333333 43115.33333333
 43230.33333333 43383.6        43461.2        43443.43333333
 43440.6        43529.5        43594.06666667 43612.93333333
 43623.03333333 43644.9        43640.83333333 43709.36666667
 43737.36666667 43737.36666667 43737.06666667 43638.36666667
 43879.06666667 43969.66666667 43973.93333333 43956.86666667
 44145.63333333 44041.2        44041.2        44037.63333333
 43933.93333333 43881.46666667 43898.26666667 43774.53333333
 43767.93333333 43787.36666667 43787.36666667 43923.1
 43912.1        43935.73333333 44020.         44060.96666667
 44049.86666667 44027.13333333 44056.23333333 44031.66666667
 44031.66666667 43989.1        44069.06666667 44137.43333333
 44114.9        44114.9        44177.9        44177.9
 44177.9        44186.23333333 44198.36666667 44262.33333333
 44250.43333333 44299.         44361.7        44361.7
 44406.23333333 44433.16666667 44433.16666667 44476.36666667
 44499.03333333 44559.33333333 44559.33333333 44552.66666667
 44576.26666667 44571.8        44581.06666667 44590.83333333
 44595.46666667 44730.66666667 44772.56666667 44696.86666667
 44709.73333333 44748.76666667 44801.46666667 44964.63333333
 44953.2        44953.2        45046.23333333 45046.23333333
 45043.5        45093.1        45065.33333333 45065.33333333
 45065.33333333 45068.63333333 45111.86666667 45091.76666667
 45022.73333333 45202.93333333 45224.43333333 45190.1
 45174.93333333 45058.63333333 45038.73333333 45056.4
 45101.8        45190.2        45295.4        45316.6
 45254.86666667 45304.76666667 45394.66666667 45398.53333333
 45427.26666667 45409.1        45415.43333333 45415.43333333
 45543.16666667 45543.16666667 45574.8        45584.9
 45582.83333333 45630.6        45647.26666667 45647.26666667
 45635.2        45649.53333333 45792.1        45813.96666667
 45778.46666667 45835.7        45821.         45911.36666667
 45856.86666667 45891.9        45891.         45886.73333333
 45852.16666667 45844.13333333 45901.1        45917.8
 45917.8        45954.03333333 45938.66666667 45962.76666667
 45981.26666667 45953.63333333 45938.4        45940.93333333
 45968.63333333 46004.03333333 46026.5        46024.36666667
 46020.06666667 46010.7        46001.56666667 46037.4
 46116.86666667 46152.9        46152.9        46153.16666667
 46153.16666667 46161.66666667 46161.66666667 46161.66666667
 46161.66666667 46161.66666667]