[12.77597002 34.42933654 36.00677502 59.06451288 29.58908302 20.21076258
 42.60988596 19.12351786 23.86789994 26.93178734 27.2337723  56.76456486
 51.40381017 33.55802278 30.64584276 14.0280247  41.8896589  33.85833459
 40.92708236 59.58842634 26.46501924 52.21370267 57.2100297  36.50729285
 18.94277021 38.90101169 13.2684406  38.54604833 35.61861186 40.90633045
 18.73263333 28.88561339 45.00117473 20.40447211 16.58949738 27.97383121
 57.28932727 42.41567453 38.32160127 28.63196157 30.53211312 44.26995877
 24.30008791 18.38159809  9.61765287 47.1766011  12.51674286 24.52615239
 35.86402095 49.29178065 17.91622905 20.82324366 46.40132249 41.33990428
 19.56425151 32.35032927 47.93795061 35.25494417 17.80747486 42.84127118
 46.01106617 40.54793131 43.60112837 39.01853365 42.2624955  10.24765613
 29.15177862 42.59474918 35.55644739 18.85254658 43.95135853 46.48967556
 14.75169861 38.54423854 36.59997557 31.85701366 43.27662463 32.76278732
 46.92647009 40.93079247 46.23778905 41.42666426 21.62986543 56.46550767
 23.30953438 31.71129843 51.08548777 36.87605141 33.07702824 25.02734857
  5.78636133 42.24414399 20.02359952 31.46593019 29.21357386 55.08303842
 21.1474215  19.00321075 33.56241942 20.30453115 41.95617378 26.39544597
 24.72701205 32.55885044 11.44414239 23.04581132 32.28998824 57.42760598
 43.12790621 32.76169138 39.54767435 24.87470572 43.24552431 52.43124634
  9.56402269 35.40666206 39.72926834 26.51058359 35.90112151 21.13392121
 18.07833301 31.18241132  8.66335431 48.3588592  19.59077137 23.25044268
 50.54789257 49.00030197 32.82861431 48.42038035 31.87771164 36.39682216
 48.03513571 28.71301029 17.56669224 55.22107129 36.34272197 47.64486377
 49.44392175 45.86870214 55.06676854 46.03296246 17.58898868 20.9745907
 25.05520671 20.89433366 25.2386737  41.15887026 17.60397521 39.70942095
 21.15757493 47.33066317 15.03031755 46.2022643  48.43596374 51.43499632
 45.62103529 19.41949728 12.88559184 39.39885081 35.39099602 20.62960816
 15.16885093 31.51411731 49.78107831  5.48036191  9.30670184 41.0784848
 53.55818088 19.28202408 53.1901865  38.09590884 51.39558492 33.19010939
 12.45103523 24.80946506 53.53894401 28.84240139 36.2021127  56.01344882
 28.05843226 35.65855042 38.51836081 46.24364196 10.15900562 12.3942462
  7.30399208 52.67698937 22.85377385 25.13438754 33.98043218 48.08552121
 41.02869943 12.62075257 28.73185749 11.38934325 50.91880062 27.97336007
 33.2790853  41.51692809 19.45660188 13.7667149   9.23095639 48.10107567
 17.05324585 22.8451631  21.94740231 11.99209534 21.24969271 42.91802265
 54.96329321 17.31159739 33.83552073 46.14127272 33.48880473 29.45845105
 41.04831333 52.82836025  6.54506943 40.2966398  37.56308982 33.8673152
 22.77857223 16.21539638 49.92715171 22.20216799 46.07705664 21.4991646
 30.46206645 19.72873537 12.86271715 19.79210872 49.21320729 17.41675868
 18.92546498 50.74569254 32.98594182 42.73423227 28.18863921 14.50929827
 10.90073837 29.1480565   9.45411301 45.74115566 40.26253602 23.31351108
 50.82039587 45.93035573  9.84696627 40.11086968 48.8154508  38.2729592
 50.72615649 21.59493782 43.17371936 24.02431815 38.09635295 26.61476571
 33.14048361 57.28650445 40.55236672 30.08623642 38.05834464 54.52277843
 49.92873687 13.95356953 36.72659635 30.54755432 35.53870432  6.48275533
 31.46983327 16.9912418  12.38489541 50.924007   44.01715536 36.65198782
 36.40408915 28.9041471  20.0775877  46.14141683 25.3365603  20.19393415
 49.73831026 30.8077799  38.27388119 49.51800275 48.43915745 26.09060216
 51.7590118  54.68743802  5.66851764 24.96681291  6.54911201  8.97918511
 48.71137187 32.07311746 44.71809142 30.50958662 24.04270374 24.86782347
 36.14860475 17.24829554 40.03331087 33.09245957 17.89620309 18.38833092
 18.43614825 23.98618779 38.71319423 37.69247934 22.89600585  6.98927442
 25.02020124 43.21281485 16.1925827  40.30672448 15.52163813 34.13519097
 17.52268365 50.7295308 ]