[18.27854259 32.653456   10.89132177 21.24658042 27.54311389 15.57756283
 22.01331547  7.70472833 15.71294851 25.30868619 28.53369628 15.58598348
 14.53095269 13.12715941  6.2446579  23.48441096 25.22397788 33.62405591
 23.20976075 27.93518691 13.2540706  34.61483321 26.62490496 26.46397977
 13.84683992 27.53306909 12.6289738  17.38185678 17.94836325 24.96125517
 27.87220546 24.73726349 13.50866989 12.36379538 18.93425249 34.90793901
 12.26126443 21.12791187 30.24541566 14.27723471 25.82565617 19.22565701
 17.79235175 16.67015474 10.1654172  17.98740002 32.04896278 20.23788726
  8.46034716  8.93437704 21.46776989 14.4724913  29.57080202  5.98634868
 17.06811549 14.44761115 10.47312802 23.64964622 26.92256987 31.74315347
 29.23823192 13.29718033 16.76491026 12.61429434 17.12428612 28.66437459
 24.11339575 16.71550834 13.5274205  22.27090351 24.75563269 25.05685755
 12.78421007 27.42381198 20.22298497 17.20648305 27.04331148 14.24886172
 18.39197638 15.40550161 38.43107888 14.32216124 20.69069033  9.74535836
 12.78251206 26.95061457 22.56215488 11.26126972 13.67069919 13.08193854
 18.67073797 26.69059341 26.09565459 12.82982322 13.59269842 13.76698321
 24.50243073 20.93746649 12.58475696 14.38596173 15.33651586 21.54220803
 28.00574447 21.40048094 17.32116008 22.50476426 30.39043452 23.8946942
 26.45023921 12.64960092  8.98425646 15.44643067 10.09838066 16.70634437
 22.30710253 32.06718541 10.49406374 11.26473903 32.34120637 15.5124405
 43.5972765  15.05344108 32.38760431 20.72336073 16.64458911 12.26389617
 22.60220209 25.50595648 15.37301091 13.99565233 16.29455099  7.06584384
  8.89674341 10.88873336 11.55663026 19.88867044 17.62424494 23.60067263
 19.21883187 10.45181604 11.43909815 19.37267222 14.86699968 12.55604421
 38.04213356  9.26576688 20.24885879 23.52739818 17.07328879 18.3647596
 13.25206681 20.2129577  10.85671276 20.22588314 24.60815912 20.12664536
 24.44185071  9.02812406 21.72237459 14.97793459 13.04317571 23.29886086
 14.49404994 16.74373573 34.70930436 31.65627738 14.34572503 15.56034143
 22.3739759  10.84562909 18.81936545 25.28274108 16.58273817 17.90972067
 16.92771822 25.53843068 24.53889263 15.76771778 19.665239    9.0384965
 12.50419236  9.45267193 18.49987149 15.55291136 20.64728025 13.13617115
 12.04983383 30.63296865  6.97778324 23.93242551 21.92429595 17.89987446
 18.51637899 14.94296856 13.57405797 17.80325784 21.32567103 18.22370873
 23.64127529 18.55906156 18.68183183 24.10437962 15.47519746 18.00284104
 10.37603724 22.1292374  25.69641884 10.73849076 17.75762226 21.35417079
 16.50278829 31.51553304 27.71827358 19.23337572 29.77050676 14.78541254
 29.97043306 11.84608513 31.54831214 30.66430731 19.88624179 21.08317024
 17.6288892  30.30053581 30.60297337 15.22389152 12.35940153  6.91569468
 11.76480992 18.63915223 12.73583124 18.14580167 13.60563413 23.25584434
  7.94844347 33.319318    9.91016199 21.94495062 30.94102346 14.22078856
  7.65902865 11.56822435 21.82852016 12.52290132 15.67794403 16.24044431
 33.62201874 18.74144939  7.10632717 22.87066595 22.47334016  9.86680692
 33.30722069  8.67928764 27.03137307  9.43113828 21.36970057 33.60523505
 28.05343846 12.492145   22.27330861 18.63332434 30.06451005 12.31260177
 11.86312794 20.89618463 22.16058467 24.91913174  7.54254673 17.68510376
  6.71015432  8.0246839  25.67591491 18.99399699 14.62798053  8.66885674
 30.06086046 18.56098798 20.74951843 14.02769495 22.97999296 35.15919197
 21.57886261 22.75299314 15.12482331 11.13460894 32.36299892 30.19843249
 12.97490189 14.47255876 15.33154817 34.25385467 16.24880468 21.31774799
  9.49036362 22.75398047  8.03308898 15.67163156 30.19112338 24.90832579
  7.95286348  9.64717079 24.8267404  14.58776336 15.1362587   8.57291978
  6.3152252   9.44197178 16.95875187 22.60485118 16.52990227 23.12857338
 37.88141657 10.92377542  9.38602067 24.01704804 27.01660157 25.89793394
 26.50326481 19.84601366 19.86489419 22.59243186 19.36216608  8.12092505
  8.54496639 21.41410995 31.69566634 32.37677045 13.69563299 10.73330195
 14.37996561 17.09672965 12.71361971 13.23248323  6.61705397 19.93043492
 24.34537244 17.51949231 25.8526679  23.5678546  11.63895456 24.42985343
 15.51330326 24.69101771 12.11340449  7.02136534 15.10346766 21.67602846
 24.813092   15.46515707 23.14451306 27.48259751 23.28944825 13.00482644
 22.7665682  15.56194949 25.06933176  7.92821835 19.4191822  19.84098788
 33.42002473 13.34443878 40.72979599  6.47260603 20.394299   23.89312727
 23.89604902 14.32847077 32.72315051 11.88158587 26.24847345  9.66337798
 22.51170666 40.29055436 23.1484354  15.4111076  28.76497222 15.93933653
 28.42612824 16.88896266 12.20223766 24.64036291 17.50098659 37.91576524
 15.38193675 20.75340843 23.56603949  9.97555601 25.25614756 11.93125137
 25.8533442  17.52738273 13.48791533 35.77196161 15.37605691 12.86745696
 24.50106934 22.65605925 28.60082072 18.51986903 20.63032477 28.93827259
 23.3418535  25.34683582 42.72196301 12.89660793 37.55027403 11.68605513
 34.19520479 25.75457271 16.74442217 10.34248725 40.24576494 15.84144373
 14.76256468 18.47159787 11.84355429 14.03600136 27.12637313 23.57951953
 30.5535611  15.60454726 35.03327245 16.01366064 14.88112474 12.68590693
  8.05336742 15.12490858 27.11357356 15.87273768 10.68566526 21.24366408
 19.0146085  10.31182862  9.37239794 21.19524144 25.31108958  9.76854616
 28.61302699 24.59394645 42.12512871 23.20284078 19.09922518 32.62697539
 13.95473931 25.11024947 29.30210708 21.32956498 13.13853734 27.61317997
 18.75486941 25.95597135 20.23838147 13.40584066 13.49697934 29.85868869
 16.9336917  13.94067117  8.07940858 22.36789691 26.98535612 34.2993534
 11.01914977 21.37827979 30.89152186 16.011566    9.03893335 13.60313573
 28.48621545 17.27174516 13.84012441 22.84153828 15.09394807 12.99139375
 23.41165741 21.29746508 12.5480188  11.26329091 12.25102321 18.28798097]