[48.91291771 54.76036883 24.97893127 56.97985399 43.03125109 31.80189811
 29.26966728 32.18076801 42.76621685 49.64556984 43.13761274 12.94482491
 34.70440228 46.86350298 57.84661984 30.98434878 25.33447021 54.33492233
 49.55799816 55.61403096 25.28615228 45.97063892 44.58978669 52.52723068
 46.78215639 52.50740668 30.05030164 15.6419224  15.96389187 55.80038176
 56.93588947 48.79596331 44.54972011 48.04292691 27.25669206 44.87078073
 56.23843672 55.51161477 26.66469303 40.951658   42.10610651 58.49694229
 26.49836583 40.29667639 52.04027624 21.10937993 13.93978031 31.78386404
 57.52205296 47.2267882  45.69430025 45.8075259  24.8099641  41.48131236
 47.83814106 39.88712879 34.50357448 43.09963205 42.39914699 24.95057878
 30.84018295 48.79002013 37.64938499 17.18324918 31.25463944 29.1076489
 19.14045752 54.64946802 31.90776075 37.51468076 36.04482765 33.2894462
 46.21234693 52.42280693 45.67840935 30.79293729 33.94395822 43.75776369
 57.7626459  49.34989812 53.01607378 38.99263943 48.75196194 43.82021499
 28.56792371 52.48328896 47.2974683  55.40401983 36.73714703 47.98202317
 54.05928052 49.66482449 30.15753049 47.25354021 44.20043221 51.58369783
 44.85482731 54.5733466  30.67914618 50.67210659 52.27350569 48.85557676
 45.64092726 51.5393077  47.98162622 40.00152265 34.24202946 29.25235499
 49.17964888 45.91005575 27.0902847  42.76259097 48.9216664  25.9942598
 39.26416572 53.52456783 55.33258828 44.792847   29.13593728 43.05709305
 53.18574913 55.32145048 56.32788056 43.53378767 54.58869162 41.44811409
 49.17638142 48.1861862  21.23372453 10.15973842 31.45316356 48.50983347
 41.54634667 29.17597816 51.19760954 53.60732859 26.66781693 42.26682136
 49.01860868  9.28226122 54.35012733 52.28510625 20.93482427 29.04160142
 15.4104177  23.8037301  56.92561454 23.37937708 51.57651281 37.14691713
 54.66002071 52.96475861 52.5049989  54.33625601 19.67094115 11.32330547
 54.86493856 44.85344198 33.8342479  57.63814356 53.70805158 49.69411976
 48.38428058 46.44957215 14.74450969 19.3417341  51.5593895  54.97893241
 11.62169264 45.15408537 51.91950794 15.28877991 43.77288469 24.05180686
 37.17190553 46.05595168 34.20111582 52.72421988 56.52885089 57.74251378
 30.67189303 55.28140002 20.25106039 21.60694224 32.63683978 45.33902286
 49.65086051 32.68324685 33.43558343 49.89574067 37.8620826  13.29628473
 23.66540223 51.44647455 40.85142934 42.81656541 22.68915408 22.38208055
 54.79643069 31.33766934 47.09692809 43.33182757 27.7474867  54.46616369
 36.78521236 51.02371529  8.14872583 54.32891473 52.6036813  24.04859841
 27.00490424 57.60232873 27.67557588 52.67857027 52.57265647 19.19008963
 34.39685642 48.21385226 36.75455942 13.71263627 51.68512729 55.99029936
 41.80077983 38.33936952 25.32262567 52.86091969 40.82501418 25.95574395
 16.78296965 47.57909525 28.12918596 41.47800528 45.71272303 18.32697042
 11.77058066 46.16242088 17.59321101 26.56609707 51.06453009 49.663057
 52.41941557 55.4159931  34.45394699 51.6539014  42.87955081 26.14911117
 40.31862492 33.81811818 51.7345229  54.84319588 44.163822   32.21666387
 38.0083319  25.66100984 35.66890748 28.11230488 27.8500479  39.88925003
 35.72710884 28.54839531 55.84938658 18.01332849 26.81212073 44.81857518
 12.63609599 34.78170703 49.25581483 16.23778613 28.52836787 56.70397727
 16.61588449 32.34498968 40.07786629 40.90011333 47.02669346 33.75275955
 46.2687747  43.15255918 50.87869239 52.47616117 57.73937738 15.05322655
 13.54994273 17.39242987 15.39479871 25.93695366 31.30992608 19.45199933
 31.59234202 40.44078723 56.29341168 22.5856493  37.03130413 37.15763768
 49.53798666 42.53187225 45.96122855 51.86318951 35.13908604 48.97266478
 12.10655908 38.90211689 42.01544057 39.98127109 53.46387342 54.9761411
 57.77126144 39.87946128 27.8651449  25.23883943 50.7506718  50.11456991
 27.84119036 44.79808235 52.67179631 51.29425516 55.43883227 58.90196025
 41.82321188 41.42179118 51.62053179 46.10433274 56.74335702 31.93698751
 35.50420367 46.47768207 46.10559861 29.06780829 38.78206412 24.92515294
 29.86830809 51.42413612 31.25368552 41.44148204 44.22035475 38.97983649
 48.62252262 25.79918723 29.94987526 52.24045227 24.23923312 43.55193062
 30.64982116 54.95109088 54.74365995 43.37521967 49.96082216 56.12788536
 11.63023984 33.15038048 47.97813209 56.90834249 29.28342753 45.97338644
 39.76318698 36.53259546 44.96839866 45.52288553 20.28993588 23.37501192
 43.02518069 56.7619674  30.12977228 46.77964762 16.50346636 27.48409643
 41.42739192 43.67232915 52.75842371 58.38552787 29.07589502 43.12172644
 32.8145877  16.18112672 43.0288528  30.86079065 31.98425393 40.72732384
 16.57930793 55.82798827 53.52826899 20.10933672 25.281003   42.86691415
 50.92465351 53.92103951 40.83246471 35.94208831 43.02476341 29.43278425
 12.00421985 52.75709364 30.96725464 25.57730311 43.85657647 26.38260369
 56.3326569  47.12981299 47.0330083  58.1574869  52.516277   53.93079355
 39.41551438 26.36831446 19.4222568  36.14205272 41.09193835 52.79239043
 51.74767972 44.00665407 39.59737303 30.87954634 49.46308795 51.7928619
 51.21861153 51.86831075 39.79084231 20.962832   23.95020735 25.72405786
 18.58491647 44.34843729 56.90382461 48.30645897 33.2236699  43.57728232
 55.52578179 47.3339051  31.54360364 36.83984043 55.97883882 39.19415377
 49.422784   46.05180519 57.86995604 41.95124852 51.65472838 57.1780277
 24.14118341 43.52389841 47.58177547 40.72093413 54.74754578 33.82697888
 48.71087761 51.68161497 53.70212531 22.08938404 30.26995004 33.83587771
 42.19661861 56.03237491 31.7780198  32.18926421 39.92398326 51.97961508
 41.82132282 24.75812003 25.53533963 26.54496718 53.69838823 33.23669384
 27.13575358 44.10809001 33.45939371 38.33459106 44.95797494 38.06426988
 53.82495582 45.74979341 23.93621333 45.08939024 54.30889237 31.27776993
 34.02697205 51.64429379 27.35875132 11.79719424 15.48359989 46.0024695
 51.027762   42.74972307 43.26277353 53.73044929 17.55057375 25.3542174
 38.28826072 54.45153347 46.33273723 37.662021   51.79423775 45.26774134
 46.66688194 40.05717085 41.61053824 51.98828473 54.77381843 15.323424
 49.67702442 26.80092226 33.63793859 47.05284244 34.67384619 24.64674293
 16.24756637 24.75829144 51.59313035 46.17166885 40.19762551 30.80466444
 52.68647206 44.84523634 53.79660038 24.91895751 39.90766567 27.79290695
 50.16218527 27.19799463 47.55384763 23.52963393 32.77023931 51.68320172
 55.6411462  55.47931524 10.09036137 50.71580768 45.0432604  23.7544116
 19.13719578 23.10795021 46.67890727 47.79431999 44.71576845 47.10644997
 52.74948034 45.83875891 54.84455475 33.67533633 46.6394642  48.26024568
 26.12298384 49.70507068 55.29613133 37.40348469 24.98554771 54.10055253
 41.89091301 43.69326088 24.75204399 21.83894841 18.60399539 55.22211726
 48.97002677 57.7765177  41.67345642 37.25395104 50.59280536 48.81388959
 13.04610954 24.59709988 32.01733975 36.68719711 22.43352279 44.28983293
 39.96326792 54.77411795 47.74449356 33.95010808 37.83459173 55.19325762
 55.74139828 23.92292914 25.96784558 50.35282007 52.86342139 29.08012075
 21.3467725  52.8519211  43.91388658 56.48851977 22.27467455 57.24275545
 51.98018572 33.81247263 27.93125031 37.16498725 36.15852312 43.45616021
 41.46013598 33.4235258  47.70598479 48.05374747 52.59907338 48.97034032
 27.68769455 16.35058232 43.86508772 56.76025351 45.66033101 56.60726345
 23.75489605 17.26701343 44.9092896  57.57858313 56.55057637 48.52444306
 54.97718464 44.79210315 17.315774   46.37768358 58.83069606 32.75072981
 31.33629834 59.76352195 45.34016631 53.702661   31.91443265 51.77307823
 46.24279361 57.82719089 35.53032633 56.10968878 33.75676135 50.83308824
 53.83142798 51.65199219 54.45621247 42.40035686 47.37628477 21.05018618
 29.99244012 47.07620056 52.82599751 43.01814275 36.77458201 52.4062547
 51.00823522 40.79322844 32.04776226 54.96867708 51.39818174 47.10718604
 29.04130488 41.24776799 42.89181739 27.01222848 24.09921657 52.148914
 55.87366648 46.9924317  40.73436645 19.25343577 42.67773418 54.31429765
 39.49673925 53.68443844 44.54068137 16.14080725 12.5726311  42.18488889
 42.34338995 54.53675419 28.13597711 12.6045007  20.180229   52.56916177
 57.83747856 44.3877262  43.76887831 25.93168909 38.00151401 39.58305986
 57.80656763 28.05351371 32.8897253  24.37315519 16.09142526 29.78791979
 37.01877465 49.95429073 50.05552139 34.60024721 49.66169265  9.2952639
 44.63060623 47.7360577  56.91734439 24.77759213 40.05386408 48.06480854
 38.4532147  18.10503798 47.97906945 41.39756481 11.78737422 39.56307409
 40.49796982 33.15828929 27.99243297 48.07862305 51.74936801 30.26399962
 13.02620207 50.43549088 48.50205054 15.49490144 45.00631191 25.46165536
 42.21651902 47.58625749 20.97236161 50.01108833 47.98943064 47.79029709
 29.31029879 16.52111639 27.34978343 52.56168951 17.79841486 41.12816619
 46.35672607 46.12036832 43.28277879 27.86763756 12.00093371 32.57305997
 36.68472892 32.37663926 30.66814627 21.03472296 12.03486835 45.74376287
 43.65233665 46.66049367 28.69013332 32.4918245  41.41827802 56.09640193
 53.14020319 54.49937715 41.91779144 54.3984905  43.83416491 27.8638077
 38.07102122 49.2851121  53.837395   23.18679795 32.91535766 30.76852311
 43.93712859 21.72514568 36.35143612 56.60628468 48.91825504 24.44597945
 46.51245494 28.31230466 31.46033726 45.62229781 37.66753027 12.47925534
 52.75954864 16.14985483 25.86524357 50.18389276 47.1673077  37.38136666
 46.6797552  54.80848397 54.82986645 30.09331425 31.88684633 37.65859798
 45.5034987  44.73925076 25.25013894 54.86734428 28.86812531 48.12290215
 30.81587298 14.17675946 33.92669195 44.26920577 42.61134888 54.42102663
 44.80394771 46.751957   57.47373299 27.52735659 25.99796042 55.54277036
 54.94097031 35.55500677 33.88300303 17.04648168 44.83193753 55.0098196
 21.47993295 45.51474439 52.61254994 44.47489573 54.50858616 56.96361112
 57.19840927 14.97484324 53.70947143 46.1321811  53.93054932 45.18787876
 37.51565707 56.2643727  51.41208715 51.77880325 48.42007084 30.84509787
 31.97107935 55.93221863 58.56594888 48.88218714 20.43069738 29.43842024
 50.10035856 18.78561901 52.2375207  50.79759883 34.19904344 39.53375541
 50.23830419 27.33747659 52.78945703 51.91698412 44.27755778 53.81296006
 29.60917232 39.65095177 17.40909635 35.89746171 20.3790709  38.40487561
 26.9761222  20.21517609 14.43201742 15.84784756 53.36435819 51.20615442
 35.10060824 47.80219654 30.2422981  52.86360376 26.03041779 39.84732518
 41.79503578 43.45810556 42.44643968 50.54764336 42.41957338 46.0445829
 17.74198123 16.34132892 43.96020746 51.22701021 32.18762605 51.87875603
 33.03134286  8.48066539 48.06545136 37.69766467 55.2567406  55.33927719
 46.39737542 44.96689748 52.16215567 32.21194773 43.80576563 14.89497438
 29.94775613 43.87813085 57.68255659 34.6524883  53.13127607 28.61394031
 48.42763571 28.60274333 20.63589143 52.70688582 31.47906027 55.77929102
 49.78806447 58.53198594 55.6256932  45.93818067 15.32447531 46.94383399
 49.30029895 43.17157175 33.71932532 54.93967739 54.51948391 19.7871125
 38.05817839 13.05817932 40.34235939 33.94322176 54.74642928 19.2902492
 51.76110055 42.07547089 28.57659384 15.32206687 33.8688352  46.08629033
 44.67465565 54.57462999 26.52765878 35.48636097 36.36617416 30.80548775
 27.6304025  56.02103096 32.46161617 47.46725808 45.53472851 41.97791351
 25.58168303 47.79345381 31.54958975 56.81660251 29.45716133 31.69353652
 39.30810759 39.01017783 54.65399871 17.56658498 45.20779658 33.4893331
 47.82060688 16.23251806 28.85870837 21.9839858  47.27563118 50.80842673
 58.64534672 25.74220845 48.69035239 30.46739636 12.35557106 25.01081965
 46.84583154 52.0092482  31.94589353 22.46920301 17.21812414 54.9489259
 54.17355066 52.18107681 45.02083316 46.00290378 38.83336005 42.35314075
 42.64626964 25.87472526 54.02365361 28.84966603 56.26182607 46.75599065
 56.21451099 42.70298857 31.22657729 46.5997977  57.29960714 24.1288023
 37.90241393 52.77642242 39.34411811 50.95149938 46.1889745  27.65708161
 23.34113422 40.27613574 55.25833229 21.55239625 41.19817377 36.72298866
 21.59944005 46.07891622 52.64630988 48.47386077 35.90391283 27.61030223
 57.74116079 53.90673196 48.15400651 56.12855315 48.82563623 44.968567
 18.9472571  30.954625   48.24326963 48.64475528 24.31495836 54.901154
 36.88207665 57.28223385 43.33162421 57.065347   45.60786186 37.4438908
 38.83123101 35.80589467 29.14564762 40.48207983 40.1225225  51.30239648
 49.9329736  19.79072946 26.25957578 53.07844641 25.46678797 54.0489565
 12.89767037  8.42822975 42.79132514 41.7666756  36.43439186 16.80538972
 38.80893262 52.99350974 54.87566176 11.01580262 56.8032009  15.54662639
 15.19872606 50.18022564 37.83387985 20.98544669 51.66063356 46.28674181
 51.33143721 33.52177434 30.84663162 27.48769436 26.41689205 54.91263046
 34.91446326]