[34.08892763  6.99316147 10.01794959 18.52191053 24.77604652 38.05867326
 28.20137589 32.33944369 14.64284892  6.80622717 36.49147443 39.60492283
 21.33018272 20.87018601 20.43468005  6.83781192 31.51442836 18.90101642
 23.13939072  9.14407996 38.20532213 32.74281536  9.55449565 15.66572552
 40.65059713 19.26716559 34.23328251 20.8046755  16.07117081 10.70626663
 27.01772665 18.52129488  9.06862809  5.8577542  46.986464   11.82281068
 27.58307129 26.51911498 15.67195037 21.89764536 38.65405007 30.1469268
 34.60653403 15.65476744 30.30982313 37.57529878  6.69957388 10.79761273
 21.32285482 27.21399356 40.82016737 15.71304809 40.8983568  16.60819361
 12.13656961 25.76557707 30.13849609 38.28241646 18.93383049 22.67871228
 12.95525683  6.43257068 40.28042149 24.59105661 30.71162345 20.30145169
 20.23901509 15.02507582 15.05127348 31.89859186  9.99539439 35.09763774
 16.6951976   7.09770207]