[32.92295179 23.3689334  19.44836745 24.82211779 46.30604322 36.39401215
 28.60785104 30.42525943 24.79352168 31.64669887 37.06451209 22.34492873
 30.77500409 32.65965217 46.10581123 29.92171034 19.5891545  32.83305794
 29.34044816 29.66584909 27.24461972 25.18468328 13.96825719 16.29144495
 25.09703334 17.44102779 24.94179893 24.94049397 21.68376445 22.91668881
 23.95677045 15.62570199 24.32251704 35.06652582 17.0587024  33.91763626
 44.11084417 25.16448568 22.04908391 20.45502487 20.04867207 29.53160149
 19.8248059  40.13946809 34.70609305 18.47770397 34.33204176 19.61378696
 30.75633257 19.09316506 22.47575519 22.19411171 24.55643769 18.66903992
 19.25311502 24.6813728  34.78234577 17.54262493 34.14592926 22.12678338
 27.93958451 16.4470239  55.43175501 19.25705225 23.82724207 26.21752823
 16.09729182 17.29453994 18.97467787 27.93574996 29.13878927 22.79099377
 13.86704372 28.49417987 22.37080875 28.05218055 16.37609893 17.4284283
 25.95345758 28.96106793 22.00213448 21.71290765 13.92049656 26.78575916
 20.16766431 24.81989843 30.0272531  13.66706465 31.08863988 21.72800101
 37.17403399 25.12727332 47.97021015 42.95223692 31.92186622 26.41276962
 17.82279049 21.15789938 25.83693684 20.27625424 22.88027783 26.69053761
 20.51751006 30.13329967 26.7174673  46.97156126 27.37704787 25.82343302
 16.84244875 29.44648516 20.04140654 24.65735694 20.06101678 23.49132667
 28.35349847 33.20748567 15.38438079 31.52228231 21.48622506 28.8381175
 16.66907645]