[58.71341177 54.08702046 53.8143659  55.80356964 28.98522233 23.25489781
 15.45645853 42.3507823  16.62251696  9.85021883 47.06764475 50.22116269
 21.24577328 21.53021712 12.36727709 42.15108316 55.12669842 48.54286929
 17.18150706 40.79919486 52.49547325 17.2588047   8.4499085   8.89213189
 14.42781305 56.56383885 38.64286637 27.68422394 18.27165591  8.80560565
 21.56471204 38.95675209 45.051106   10.81082104 19.43345763 49.49309951
 13.96515351 20.94905436 13.58259387 32.5177583  21.48131407 12.10178145
 15.34708655 39.0781601  33.34065296 50.25549555 39.83749053 13.7848482
 56.13021539 45.2123666  54.77414236 24.20067033 19.10456757 36.1641001
 44.3210635  46.63953243 31.09419908 49.27265008 40.01528504 39.85686324
 10.14751866 40.3227656  44.9611786  13.75372319 32.88227239 38.821095
  9.38149392 56.69561686 45.75736134 28.14505167 36.78268067 37.93774357
 43.50464937 31.84913011]