0
[ 9.11398442 15.30728229 40.87669053 35.52669167 59.55149498 50.25408828
 31.40363885 59.93619753 16.22163246 52.70805405 46.58949529 23.83710149
  9.37896954 17.50701523 22.14228647 41.81248856 44.58999254 31.56675791
 14.99799434 11.01762605 56.4419344  53.12394749 18.39825885 47.0061608
 47.39122858 23.01551858 53.52212098 29.86672802  7.40630785 22.79322512
 52.3716372  32.65664608  6.61055537 26.75051676 25.42034448 15.34052201
 42.38363373 27.5675516  11.55909227 16.02019926 39.32108711 53.21536362
 34.64081828 16.53225804 56.88859476 43.48999663 50.04142725 11.54921425
 10.81068187 17.13032062 30.47086929 10.36597854 53.67948421 55.62015877
 10.84762462 31.39361589 58.84250991 11.58560969 34.22066989 24.73986764
 16.52013132 52.02313136  7.96382052 45.93778528 26.47192889 54.68544878
 53.68875952 57.93923991 31.4446517  17.61396171 13.64325103 24.38670919
 21.92837486 51.02949208]
1
[48.12571497 55.69158658 47.76797367 27.66471984 34.36834348 53.04579642
 57.3886986  46.79862546 51.22326456 43.58688449 27.62439659 26.28434158
 33.84772654  7.1995598   6.60092877  5.66711043 13.77092565 30.4536214
 23.0473995  48.8579769  22.46819004 14.87397832 10.12533866 52.43104725
 26.44219479 15.34011812 40.13719973 40.72945845 58.19637808 21.80023234
  9.87585578 31.52795915 52.44590268 34.89693757 30.70864858 46.04478334
  9.25424707 50.90718085 11.92046019 13.58887092 55.20351512 31.13585392
 13.90945015 55.07215419 46.11088817 51.03024573  9.27427553 27.49466111
 31.9573994  50.57433614 30.98582729 46.52176635 16.78340741 43.09334341
 31.92253097  6.24622225 26.75289764 44.7660843  42.14244526 53.20624617
 44.45624076 27.84818209  7.39852075 28.66558047 45.19874271 28.04439066
 29.93796935 35.10990116 30.03984762 26.91204144  6.19183252  6.40209454
 26.76000526 15.47906292]
2
[50.77047815 15.45307746 34.59005342 45.2165319  54.57987705 46.98270727
 10.35936608 42.19529892 16.0705823   6.81277077 33.50163405 40.10020241
 18.86436109 11.19775729 58.29177146 14.96880418 25.18919827 51.42902984
 31.44671438 45.1883541  33.89085966 21.07410082  7.99500998 26.73390291
 40.59922492 49.82976677 50.02468171 54.68051762 37.07687703 11.17516995
 23.27331468 35.48423609 13.0111588  21.37298148 51.36987226 56.79810123
  7.50070525 51.61799279 28.82181499  9.79991783 16.45171665 24.32368285
 29.7868969   8.71094293 16.09832319 25.92931578 10.28777599 17.02658271
 27.67523049 17.6050954  39.07327009 25.8979055  28.55847832 40.87020382
 30.7703154  25.6242213  11.71388776 36.49033144 15.53357073 49.3519176
 45.53601101 36.45881403 36.3544251   7.80239623 45.30148664 30.91836793
 17.80670527 14.75521767 49.50024971 54.80543282 53.4048882  52.16992692
 28.93141265 25.28721997]
3
[43.43290183 26.9940593  19.51468365 19.12590328 55.39465998 34.38291789
  7.05364299 36.67501793 43.26451531 54.50672143 26.36109323 37.93309836
  7.09632643 50.50567054 56.10087356 27.49958218 49.50662092 24.30375568
 52.81681342 11.02782509 53.16769067 10.59872552 15.97491863 30.64022306
 24.8859856  22.52873088 38.32412752 51.42917374 30.23787963 25.56991595
 45.59399615 55.5444274   8.46012568 33.43103738 30.37706968  9.73077975
 52.10366857 26.25657294 38.35239376 37.63421281 38.17855263 33.01892593
  6.88222386 12.13446665 47.54738992 20.92958731 45.71907584 47.93028547
 13.1243471  16.21157538  9.52063176 17.42995568 59.35645586 13.35307021
 34.66091235  8.84918802 41.51326863 50.37154358 37.13402452 54.26408539
 43.07137742 29.99950884 10.47802175 44.49373187 46.49383689 23.67090006
 14.33574019 34.11679936 43.16721177 44.20025592 20.36948259 12.34657947
 46.68330299 20.01375838]
4
[11.76188162 51.53520393  6.73588095 51.74444383 40.30754712 28.29238956
 50.8583138   8.51139547 12.73457663 31.47191598 29.05005998 35.79753573
 15.54234421 21.9177103  12.75533162 19.08728877 25.23572577 46.14575305
 13.18638276 59.39867796 11.98252613 24.27393199 57.39886662 44.79591932
 31.35905874 27.45246912 37.78217284  6.6359267  19.8257423  26.32696213
 36.33992109 48.2301369  58.20655881 12.23106917 57.72199094 36.34871869
 35.20799248 57.39521701 49.76717142 41.06819016 47.70358823 24.13865298
 55.24647532 24.03518543  6.46904708 25.14971095 11.65304781 39.10110393
 55.04314618 35.89352351 10.37941407 30.63003043 47.27814911 27.89559271
 36.00391711  6.20760453 26.11654756 57.90634658 10.23976892 36.79513111
  6.71028017 35.35088811 17.7371362  12.76930521 38.13926924 56.76020987
 10.23433825 31.04530512 31.23606112 50.05813117 32.62445715 51.38735471
 58.11901654 34.40593555]
5
[30.84071528 24.88511409 44.99944558 48.90937843 13.36033041 54.97554463
 49.73997013 47.90719422 27.48197106 23.70125376 28.6154901  33.82237596
 28.15256096 40.1097118  16.1305107  43.10683321 38.50682896 54.9059433
 28.05529704 50.49014001  7.79685351 56.55422903 51.62014294 25.44243018
 34.41829045 29.60365498  9.98364027 15.20225344 12.3995786   8.65436058
 16.50379621 27.54638947 44.98853965 53.3208058  53.55058947 55.49306205
 38.98388932 28.57279977 43.67312255 53.8477521  23.56903643 28.62151457
 50.55400736 10.52786626 43.78385143 37.94488989 12.23896142 48.44251515
 38.27325086 28.01337826 37.08242269 21.03623891 52.34081603 26.47659508
 16.51182344 12.21072067 49.58214192 22.85336977 11.68076589 25.88448694
 45.95128814 58.26553903 57.99981186 34.10501363 26.83774726 51.71763134
 16.6266897  54.21634453 47.67751425 17.51244001 22.63043642 25.22374027
 51.25056732 56.73137433]
6
[52.76858504 47.95563504 29.2643922  26.81645142  6.45184491 21.27835584
 15.07059072 23.87395919 55.85848247 16.35346083 56.39128247 40.67750139
 39.58108393 58.48811356 54.26539052 37.18115724 16.51874519 53.18286961
 28.09694214 32.04349754 11.86257049 49.84784509 45.67945922 25.35926785
 26.17546483  6.60701831 53.80767153 49.96155771 36.48489244 48.78518943
 58.26686432 39.7312408  38.92847369 30.71634465 56.80035206 49.87218405
 20.58195488 51.68963462 27.96709583 54.97973309 34.51838584 23.89193535
 33.39133304 48.92348564 57.81267587 24.85048631 23.91232064 26.25811949
 15.76848614 25.12623156 30.03365759 42.04712278 19.06755012 58.9359568
 38.59087814 28.49108648 15.65703963 25.63834138 44.06578719 24.88342954
  5.73089244 30.10281544 49.04772812 52.60451181 33.75682684 45.50118475
 32.44266143 46.95911133 27.45641763 36.02519628 34.12906113 36.85062911
  9.88008248 39.87562522]
7
[10.5355977  36.2796896  30.23878325 31.00397556 12.91190162 57.89674248
 50.02236178 24.01664282 46.08698695 18.19953683 18.72208504 43.08753532
 39.62446209 43.34170887  9.66616822 15.7331243  35.7121047   8.20505701
 52.51485776 12.09278913 58.35792513 20.57260137 38.35961448 22.15558355
 55.5881103  23.92935825 39.35489417 19.40219957 47.77505533 58.05280104
 23.97933403 57.71754068 26.19345591 39.20395962 35.09715343 58.63426128
 44.71696175 16.55958741 23.37673247 44.54941753 27.40953889 11.73180891
 38.83126408 18.19019486 49.1266589  51.72901951 41.32088014 10.79963605
 37.66290361 45.52003556 41.03599664 21.14458107 38.23574848 10.55568634
 13.0169499  55.43799174 37.8886566  21.32259977 42.49987139 11.04504355
  9.51614813 10.91929053 20.65584998 52.46809503 42.40876053 34.04920344
 52.96028711 34.78606368 54.43155458 29.5863247  56.65536282  8.54036138
 42.04290249 56.29662829]
8
[11.29712868 53.55102565 38.89949782  5.43319253 34.33655912 44.34643029
 36.68669576 17.95743233 40.6163389  27.03837436 18.75645526 38.9508136
 51.1646233  42.34802242 46.60096966 55.16587237 58.28253026  9.95180692
 41.80000663 13.61924099 15.01550636 41.49482044 40.75665803 18.74744949
 59.64434778 48.17931781 50.54418041 41.40214888 45.59259647 52.25177139
 53.46390143 41.31151066 34.92610729 46.14466056 23.17333242 39.81570196
 15.53169332 41.36394544 35.31751104 14.24362075 56.83508114 54.8069532
 26.89262372 55.11077348 41.19456774 50.20261469 38.336518   32.24410179
 38.74290533 30.96453922 20.32482223 17.24370311 55.62571028 42.09353711
 13.58740445 50.16228804 16.44303572 35.05577692 20.53000164 44.25090271
 38.23760407  5.96938305 42.50078184 46.65589403 47.5678479  10.98829962
 47.20092642 44.13585164 29.33505626 27.89346332 52.27972324 37.30398709
 28.81912465 50.15469828]
9
[36.04552585 19.35350559 37.12094891 23.68648229 13.57097634 28.13911576
 19.16869314 29.4933104  47.02383236 51.16622817 25.99334695 48.14319783
  7.81327947 13.91411572  6.4739511  53.28642328 39.83517457 21.361069
 56.37780672 31.04113135 50.87081646 15.49796057 33.68891369 45.91744287
 14.15964563 46.28221283 44.77351036 10.47071809 49.30602667 12.59177575
 44.71440267 12.94454248 43.9380991   9.29252931 44.36213723 19.37608302
  6.53557661 22.45878375  5.66675738 57.27094721 12.34604931 25.59117878
 10.25310543 41.02162978  9.68821448 12.30063318 22.95184697 50.46371971
 24.87829971 26.9072771  13.73264657 17.14138989 46.12465387 21.85665003
 21.6900191  26.09707962 41.39755104 11.47430329 12.41291871 31.61866163
 31.09707181 34.04845426 58.61721109 14.59384412  5.18892788 15.18909527
 22.25428673 19.25912211 54.38818695 41.83048289 48.32983576 49.49357998
 10.86870862 48.40121899]
10
[17.18829801 25.15762412  6.30767792  9.48170928 40.33822259 20.34593196
 43.71604531 22.72659112 57.64514418 29.94240593 57.83498611 32.87623087
  7.09448778 13.74123597 52.20089608 42.64641001 55.38449752 51.0732163
 52.56224218 25.06179631 27.62853559 41.32173475 28.77196909 48.59122925
 11.50140836  6.55523991 42.22424709 55.66107947 33.33741318 22.85761589
 55.86851637 45.1175236  31.41028322 10.8283085  20.96166061 20.1637567
 39.55103756 42.7131289  55.66519723 25.94698558 31.90043641 56.59898426
 49.26149347 34.13892828 58.86364183 51.01663511 18.58015145 27.23557449
 24.87130333 27.65141677 34.28405354 29.44084071 48.45180963 50.16765695
 17.28309435 33.18065184 42.37682567 21.11223183 48.91968195 11.659232
 54.62267052 37.77940117 34.7985104  16.03745945 20.60539756 27.92424962
 20.62862818 34.79753194 23.10760128 47.55191451 14.26545069 48.43343625
 24.93091259 33.73440215]
11
[38.87634399 54.11413986 14.25772531 21.64305591 29.00954727 54.62291436
 26.887046   39.14822316 30.39439376  8.85177155 54.82829816 25.85476195
 55.12980774 48.82534822 49.79001763 28.48045298 23.9380247  33.95620104
 35.39308008 22.24613645 19.67683052 49.38061623 15.1439592  57.82187127
 12.75735726 17.25202704 57.21296507 20.3924973  24.84780869 15.4998549
 11.67919939 56.42669619 20.02149343 55.29492476 57.18853733 28.57159635
 45.05649899 40.42092436 41.46018414 19.33547519 43.47618304 42.1888743
 16.49911379 26.01623052 25.21211772 41.38933326 50.36864078 23.5454267
 37.94716003 55.61371179 47.84562669 36.48375804 13.84821019 53.4465538
 15.08168843 13.21204948 31.97703297 57.84436427 34.24460739 24.28154705
 12.3477607  29.7727037  55.49703242 33.2196738   6.15968545 55.62131598
 31.06513232 17.33035909 26.73161073 18.25637592 32.04224476 23.43261199
 32.44233595 19.59604391]
12
[55.5779574  19.27436199 35.61047881  6.67099457 30.12585076 16.78637684
 50.53731548 53.72255081 43.17314561 50.7588407  25.3432704  20.44386689
 19.75073498 20.65350392 52.44143956 16.72353385 18.92935135 45.74470754
 58.01510484 26.98158958 20.70036016 32.20836149 17.16162289 25.73534218
 19.97544521 53.44950928 31.40375197 21.01727009 51.64622359 17.08632097
 28.71486598 17.54746301 13.59056188 25.16049422 52.52521764 48.51118652
 58.41407259  8.20195595 14.74857634 58.81485116 17.98555229 35.83469807
 50.39197947 51.49480483 24.79112328 42.09237022 46.37977261 59.5431256
 43.53521921 27.82009213 50.52814138 39.53133098 42.23355638 46.59415975
 20.47166801 31.07199445  5.93946073 56.30749757 40.33367506 56.53742063
 53.12645455  8.76600036 20.71489674 32.00750584 25.33016762 36.83287732
 43.36278089 15.56343717 26.18277265 46.818846   18.97915157 27.77738994
 30.84168435 34.06329183]
13
[23.93606421 10.95907622  8.50944639 54.0774312   8.07606707  9.60033088
  7.98787881 37.71920881 30.67220111 10.16177035 12.62565223 44.31844745
 14.50071132 33.16358454 24.83903545 23.5272056  29.93093629 19.49838977
 16.52731054 51.79673435 50.32622689 56.19487155 31.79705984 51.28299129
 43.95261811 30.1892657  51.65207617  9.69845852 46.15364354 21.97811999
 52.55758048 57.60852881 20.25254873 15.66988541 40.66660958 30.33467742
 52.09238511 22.54946133 26.33105077  7.95044681 13.37266911 46.35335455
 19.0504799  34.6450366  21.7311019  29.94630739 28.03344438 27.92045855
 47.0931761  51.23749216 30.47955801 52.17489268  7.39514701 56.6516816
 11.17620644 18.25978067  7.65153241 14.11569085 38.57403088 11.14552911
 45.30527758 52.15034332 13.41934333 24.04813098 25.74976321 15.76775596
  6.67758961 28.87747645 12.76521287 35.21530278 48.32089546 26.81815011
 31.5063636  14.46663104]
14
[31.23135239 39.9778328  21.18563906 10.88459592 51.65399168 22.71814099
 28.80639153 47.18024982 37.23965815 12.55613039 56.00435542 52.55335772
  7.66905558 19.48786374 34.64115852 36.69674003 10.31506924  9.16732868
 20.85817751 27.17129122 34.67700125 34.14333133  9.20022316 27.67876617
 23.29338396 15.67957616 50.28138556 31.5673046  24.9836657  34.06513206
 14.03734424 36.25662624 49.92742287 20.4238728  35.77675645 29.5909573
 55.27115111 43.36916273 52.07461684 21.62450206 14.52152929 55.09604049
 30.47234118 39.86998535 32.79488167 36.63679444 39.58388616 51.15894896
 43.51878813 43.06228286 32.82972689  7.98855797 44.82876907 41.43067424
 26.76903264 42.98675521 10.55888158 33.18660181  8.54484469 57.95983829
 14.15611621 26.375658   18.3455572  31.73478359 41.98339181 47.92082868
 42.80085737 40.01013597 59.33132372 14.22867149 50.85948532 16.58861483
 28.37539513 42.37303692]
15
[57.216819   38.04738864 32.2113111  44.31049578 45.31877824 11.5928747
  7.85937261 49.2256383  22.63707347 11.01886778 40.67992045 41.07617646
 47.05577953 34.27856142 21.08345834 30.15171921 15.25400934 12.03921311
 31.20179613  9.67091696 21.10521339 33.51372384 24.92205831 42.46912224
 18.15665432 45.93934322 58.70939267 54.70195129 48.27659876 11.42161652
 52.33293852 10.72338049 27.33185503 10.74899174 29.72307506  8.17691181
 17.26802815 21.08692908 58.45277499 23.64265128 13.99704989 28.14889548
  5.47110541 50.52056363 31.75845028  8.86165282 41.76996898 54.75579982
 51.20882114 15.03470386  8.95098445 34.98717529 24.13945062 11.65061161
 49.07401536 49.48816581 27.28073747 11.08937969  8.80551728 43.88288415
  8.28252511 10.32792963 11.31767062 29.10740224 26.80890645 24.0766142
 19.1945964   8.43375097  7.50302794 45.36240966 16.17630553 30.82587622
 32.58603699 40.68314918]
16
[34.91394301 16.32534317 38.4907766  50.03328873 45.61407274 14.13279074
 42.67892729 35.01301869 16.25835609 14.69176743 29.83326655 50.98732174
 16.36671829 36.93299516 43.9040154  53.30049528 52.9227062  41.84392284
 36.38756894 13.47616673 41.78035177 41.75265067 11.23042108 35.35745607
 19.86617535 42.80772302 29.18817553 32.99495064 15.5659756  24.29138979
 18.93509713 13.19834848 24.52321596 10.50066413 26.63192808 50.58556749
 39.04487384 26.26089996 13.8606586  42.79067127 56.91342654 27.41901804
 44.08728414 27.63955032  8.49989221 56.09896247  8.84481845 45.18778621
 31.21568494 17.0630951  16.04529448  9.92760066 10.70736621 58.76242862
 53.71116968 10.61963109 46.62324105 12.73884694 45.40972547 47.20126004
 20.02647073 26.5585392  20.27538601 30.93764721 54.71194054 15.33623818
 37.01389703 18.25086998 41.12759723 32.20733554 46.07097322 51.6194981
 39.83969558 54.8421699 ]
17
[58.71341177 54.08702046 53.8143659  55.80356964 28.98522233 23.25489781
 15.45645853 42.3507823  16.62251696  9.85021883 47.06764475 50.22116269
 21.24577328 21.53021712 12.36727709 42.15108316 55.12669842 48.54286929
 17.18150706 40.79919486 52.49547325 17.2588047   8.4499085   8.89213189
 14.42781305 56.56383885 38.64286637 27.68422394 18.27165591  8.80560565
 21.56471204 38.95675209 45.051106   10.81082104 19.43345763 49.49309951
 13.96515351 20.94905436 13.58259387 32.5177583  21.48131407 12.10178145
 15.34708655 39.0781601  33.34065296 50.25549555 39.83749053 13.7848482
 56.13021539 45.2123666  54.77414236 24.20067033 19.10456757 36.1641001
 44.3210635  46.63953243 31.09419908 49.27265008 40.01528504 39.85686324
 10.14751866 40.3227656  44.9611786  13.75372319 32.88227239 38.821095
  9.38149392 56.69561686 45.75736134 28.14505167 36.78268067 37.93774357
 43.50464937 31.84913011]
18
[24.44022202 55.35022856 28.61785954 51.04119649 32.17756681  7.96870578
 15.87390189 11.54593443 28.80559429 31.91111169 35.83924729 31.65014898
 27.29479525 52.12190592  8.08783438 23.55124965 20.96561849 40.16374597
  8.82827374 56.67089787 14.86377161 24.83309808  9.30773048  9.50684231
 47.13934682 25.54604503 25.85750906 10.82833409 32.93080478 26.88830447
  9.17626017 24.67089075 53.25468389 30.39695311 16.86190396 29.41274635
 23.58244133 32.52007337 26.73686734 22.28177838 46.27239581 31.2685712
 49.19216398 20.00123287 16.40691036 36.24047553 42.11477629 28.39820062
 41.20689946 27.9191357  35.31097114 31.95085039 28.46650205 11.35114375
 24.29502545 36.46660291 49.51509711 10.27178145 19.07821166 55.80684597
 39.36102676 55.19656351 18.90029862 33.60043827 47.62004972 17.40738985
 17.2760932  23.45180247 40.37793328 56.32852342 40.09871442 15.77075251
 40.74458176 36.10799274]
19
[50.12147465 26.20110217 46.74535887 24.18787506 17.17522825 10.23793601
 34.56435482 53.54077127 12.1307207  25.70110326 23.51943651 55.36561222
 50.90727196 58.41327981 56.92508423 30.77987081 32.52859847 48.66146001
 19.7758163   9.42704134 43.58355897 44.65932471 25.50147545 47.20056942
 27.46892427 28.04593643 42.0498793  21.33067931 23.76684097  7.90062381
 36.6009861  39.66206523  6.82434619 12.85025206 24.25681053 51.73321723
 50.67666452 17.49634741  7.2572262  25.80665024 58.78312025 36.62665311
 45.20176539 31.05973794 32.38190493 21.04725128 36.24237348 17.05217732
 35.46840891 31.46694717 40.92067182 43.33613451 53.08143464 23.87496774
 29.37228912 17.25190294 16.85534447 30.91128944 25.30436512 18.39200809
 21.11765902 40.21496278 51.29607767 28.13821511 14.16685955 31.42064937
 39.16669457 42.35069668 12.72265831 40.23202275 26.74132777 44.19987284
 29.96655823 27.42728356]
20
[44.74848011 56.20762067 42.24269069 29.94176963 49.00008322 21.79660105
 25.12962568 54.99024985 27.85088789  7.87758619 54.59592428 40.65595653
 38.64555653 38.65838251 32.62197145 54.26357193 16.92510506 43.553147
 23.03419631 54.21677097 10.97571051 52.60146827  8.50100623 23.95124229
 10.11359688 37.52310194  9.65989575  7.4180054  55.42424144 15.6191029
 49.09664853 16.64685044 38.88959235 13.23028278 11.86751915 54.73988657
 15.19354723 30.54338977 50.77516575 21.86783492 44.85510438 35.58692888
 13.80971079 41.2829504  35.16794509 45.90197732 56.00160268 53.99639885
 49.61175242 53.54338721  7.86937156 50.86822559 17.15547138 35.75599313
 25.12964784 49.9706757  57.16655434 52.81267663  6.82608432 51.73462986
 55.60707981  6.01403024 44.98859168 23.29259897 19.23200254 45.34271995
 29.39972497 19.02086167 46.91023712 47.62549232 52.44698086 23.62293337
 45.11955649 53.34393098]
21
[30.84638295 49.26255085 48.65462258 39.95018495  7.94930486 55.7684181
 31.87863325 46.2976788  29.39701756  6.42687971 43.51595845 28.36398999
 54.93036737 14.40494334 13.89646827 33.88448815 42.21959737 32.78640425
  7.77034109  7.25309243 33.13791769 29.66783902 56.28307868 29.78459929
 12.52633684 27.35213795 27.93775388 42.69245866 35.48818009 33.97834774
  9.99585729 40.10758182  9.20277088 52.29622508 30.7798382  55.46146501
 53.68958433 25.82130603 48.52346791 42.28057748 16.28941736 19.80381487
 14.29643256 39.4225735  49.332688   48.8284408  14.0041041  14.2695143
 37.5510333  12.87399272 49.37954304 39.25257639 16.63940254 53.28194497
 36.10689429 34.95455512 26.21780492 46.30097089 26.27754705 55.68046341
 37.67155046 43.06031923 41.79951639 53.79570166 45.21294709 48.23777125
 28.25493761 44.84013496 37.16410055 47.21618326 31.91394422 46.35037138
 31.71569077 41.29399382]
22
[49.68388518 22.59954699 34.04567533 54.78442835 25.36175888 47.24239579
 16.11981308 41.52889567 31.10462872 52.55296618 18.5466107  55.99901075
 47.93822657 12.00115168 18.13557813 47.48174428 31.16386863 35.94314908
 35.89212361 23.89262008 18.52717426 25.72555726  5.23533118 43.89240288
 40.83543005 49.73655013 49.93565716 32.16732972 24.20347635 10.08123255
 18.3765396  13.89740818 27.35860677  7.63608441 10.53399291 18.88594834
 45.30823928 33.43035894 37.23606427 39.85873705 38.82819994 20.91256839
 21.17435668 34.7317054  15.05700321 47.70020668 17.50532803  6.87249619
 23.88407146 47.23664472 54.54834621 20.81227423 46.65438354  9.05400665
 18.71570739 20.35471392 46.91986441 55.41026615 17.99120068  7.0710759
 44.95760883 14.34147962 22.9352947  53.22831151 16.88779896 44.78828647
 46.56060166 40.09866963 37.55439978 44.38256993 36.36863136 26.85575121
 18.45778659 28.07613178]
23
[25.7085757  41.77741081 38.82041662 57.65423904 57.38358013 44.10470587
 18.80080967 53.71736065 30.6689846   8.44510596 18.42581915 21.48173672
 45.49877091 32.39482929 30.43200909  6.55453506 29.12503553 30.49796005
 36.72750233 37.86573425  8.20787227 51.6246861  39.67530492 17.50233341
 52.00460699 20.25350618 10.76747969 45.25025055 31.97359017 25.77046859
 11.93037104 55.97657625 35.85193268 21.96124168 32.41398208 50.99393021
 48.80347517  7.76864813  9.75186371 44.89047023 51.45087229 50.09416852
 13.31642383 44.60972518 32.91206332 59.73510453 57.64701936 19.4241527
 19.0734255  28.27368442 29.11623767 31.29682269 46.30342417 30.13313628
 46.45684916 34.78767427 54.45052429 10.7359201  54.29904063  6.81041255
  9.0940948  44.17317861 18.19461116 52.11209274 24.87332881 37.40780392
 15.70966517 38.49538056 40.01568568 10.0679904  12.99320188 48.5434212
 45.21907335 34.95369459]
24
[50.55533922 46.54149499 30.91428838 22.54349393 55.06041525 52.26862175
 32.36413804  9.29415662 59.23018684 30.02872616 32.4498667  53.15963973
 34.61165395 48.84320629 22.57348559 20.75284073 16.46863894 17.62908225
 45.53475847 23.19674819 12.41938683 45.95143695 11.74544096 21.03917478
 23.19156707 48.19627168 17.57293459 51.72780016 22.71376592 21.72968835
 48.29903114 45.49295271 37.79192988 53.80156409 29.36194559 12.84764888
 57.5477302  50.00956475 33.64958329 39.64642683 55.76669172 50.17258204
 54.21225216 30.5114334  57.66774893 40.89497001 25.44617416 13.03197084
 44.5333479  20.62591593 56.29384908 14.81578641  6.89472582 38.23672839
 50.75108206 38.78550096 32.5541201  19.12762786 52.31495575 27.80319666
 24.55726837 10.45027005 14.34576844  9.51753193 50.66429596 53.5480479
 43.44232143 15.20327141 22.4656902  25.475218    9.44919405 22.34632124
 29.7334583  33.07004819]
25
[37.02394195 47.22585041 39.23114019 22.65570695 42.8770563  33.26502887
 58.85442821 56.46214013  7.69700806 42.90307137 20.02061703 23.85905375
 20.9546454  18.23011878 28.64492844 35.92562788 56.05748401 13.85396867
 47.02252973 48.71950673 42.61508414 43.02081747 15.02250344 30.56903224
 33.24449745 52.47331975 47.18670477 17.4494278  18.95592266 25.77450137
 29.53699899 29.71716094 20.47505492 55.2285521  47.54445573 47.90655604
 44.32816673 41.95347872 49.2995814  22.69355447 57.3996404  41.70587944
 54.74035659  8.39022995 51.0335795  13.94310385 13.20296853 54.96861807
 15.81702378 46.66039124 13.45649742  7.90764647 43.9955275  38.71800894
 39.54549814 50.92532434 59.15663512 44.65137138 21.08607697 31.79961508
 39.2172663  25.42460551 11.49162659 10.569962   53.16475674 34.74645113
 43.71569784 50.33335743 37.67262289 22.85652505 20.69542385 40.64626131
  8.7960848  56.68060993]
26
[16.00747084 14.23283214 31.94195543 29.87968281 42.95090902 24.82693922
 22.52678022 12.69953134 10.66387584 44.27656986 45.71812919 50.66155795
 16.16040223 38.81457717 18.78054476 13.15209985 13.17436011 33.55420995
 19.3190072  52.67954818 18.34084867 51.66070647 12.15465329 58.05875955
 42.12694406 34.75245006 55.00138455 47.78854164 18.30306804  7.20736246
 20.27462744 18.9780051  11.81182329 45.52055416 47.10364655 40.78115153
 53.91796456 54.69629349 32.64037553 57.36654165 12.56367413 19.55980892
 27.13299482 58.0576074  39.50746368 24.543302   24.13119933 13.22650968
 29.2320209  53.20508142 23.91012418 20.14046971 12.15564591 49.3361016
 17.01231216 47.51426685 52.36568861 38.83771075 49.26521657 23.04786567
 18.01798667 53.67493927 28.37109211 18.16368466 12.97898677 15.76637742
 30.4752535  21.22002515  9.92497305 16.25953409 45.77586829 24.8564155
 29.73797588 50.40966622]
27
[38.14688434 53.24033474  8.43835097 21.17883681 48.72828984 49.26649887
 39.92982098 28.45536337 53.82651114  8.25143499 21.44680619 50.60048766
 41.35882163 45.94548516 10.15552887 30.60147417 50.91233497 46.62828154
  5.98947239  8.31442515 30.59714692 14.81693674 17.88491674 18.70607092
 32.17772416 37.7444592  30.6510019  13.56225776 57.45262685 13.83679046
 21.60730809 37.61675942 50.21379905 47.87649147 42.88280145 12.03039796
 48.82650853 53.00711893 16.79524424 34.34102742 54.14364759 40.98191426
 40.13501536 40.07671158 11.21196696 39.15009176 37.66716305 53.57313127
 31.86427386 20.24847456 32.31257967 57.08930346 14.03874478 23.75006008
 49.49904796 43.36169887 35.20789222 38.22995699 43.41136133 10.31107058
 41.82960143  8.6842987  12.607614   50.3407685  35.69841178 17.85750753
 54.75887277 25.65131925 16.47783786 21.56869735 49.82156673 49.73508068
 48.43630674 57.52213602]
28
[13.20262919 39.03179122 38.69742281 26.93951749 31.17103784 27.60530013
 22.76091456 10.95838644 18.99041263 25.88098209  7.14432254 38.73554951
 36.7838904  34.68834721 58.17359587  8.71886038 45.61129375 57.89778737
 57.17482474 48.03460651 40.13779035 17.88138884 32.01391596 32.97619655
 20.46650802 21.45409882 51.98681483 54.78024291 19.09890159 26.69441137
 24.73986695 51.40425495 26.97694304 32.42676135  8.92144455 31.83760556
 23.47884168 50.83192576 11.50040744 37.73303385 45.12062646 31.30596033
 37.14398602 14.25761891 10.85753933 17.58559194 34.89164675 50.63176588
 55.75341506 34.61348636 45.74488015 39.61825569 11.01271559 14.57361215
 11.91281303 14.51519344 10.65707238 50.38184662 47.47166027 14.75190204
 17.68625599  9.07571157  7.70364275 30.76456099 51.02202483  7.88163717
 46.45210096 35.39070079 58.32345108  9.19746155 35.17551633 30.67319311
 44.84417146 49.19586055]
29
[29.87841066 53.21516153 28.68995349 20.39431085 28.15733079  9.10498635
 28.49963789 54.00683885 35.08998175 30.79295646 25.52435439 26.81898837
 41.05581233 46.86311621 36.41256709 20.91995748 54.18183412 57.96882911
 36.71220867 28.8477083  48.24575433 32.87571844 22.71136444  8.68526578
 30.14330078 42.85972246 16.85746422  8.44956572 54.2118763  40.10462842
 23.46323429 55.3913943  18.57542559 27.29224721 21.35255236 22.67135306
 22.075972   40.40573823 48.78219945 39.84797142 37.04533333  6.962925
 16.72528003 40.86802217 52.57163001 44.62770361 50.4318961  10.41357307
 19.62044521 25.06397741 22.26094936 59.4229073  10.87570215 29.09158334
 13.23765826 19.36968809 48.23976829 27.744371    5.89596667  8.97701395
 48.48726219  7.94229256 52.0239226  36.51954778 11.3534045  23.95666921
 49.64763675 17.06937125 28.47144814 31.89572922 40.61604474 31.48990643
 36.70780091 21.31760496]
