[39.30004562 29.40494518 34.47988184 18.86301669 29.70757035 32.54012486
 27.13989559 32.05814437 38.63454135 19.91296559 42.47946783 43.91718091
 31.49761503 28.72842929 10.27931801 19.78522024 31.33185975 24.80889069
 24.86027223 26.76783376 27.81867684 41.07868603 17.2275593  15.26311837
 34.31653055 42.34821147 21.08353862 28.46433708 32.93320809 37.5446276
 33.81470288 29.51567548 34.30434359 22.7682942  41.51013055 17.73395808
 37.95569381 32.97384156 32.30701863 20.13841069 47.72555576 25.09392845
 31.16317528 20.10721497 36.71012566 39.01470368 22.18638935 12.81137115
 38.54627301 29.52603518 27.16795457 28.22018532 25.26157458 35.6356939
 29.49415687 40.39766235 29.42507255 30.34091173 32.3954032  23.28020973
 30.32702754 27.49925958 35.64467969 29.12545209 31.01167249 35.28461467
 16.42183777 29.3095116  25.73065547 38.97030341 25.12344311 41.00291059
 17.4586468  29.54966627]