0
[20.54040016 38.15183093 19.61028429 24.71077391 21.01147943 36.12879142
 26.49162933 34.02485115 28.95255482 18.30622219 27.62172329 22.67345437
 21.39503692 27.03180834 26.84975362 28.61451805 27.67982335 14.74569803
 26.78386924 19.88479034 35.20488698 37.6784342  24.4892983  24.54084796
 26.73458333 13.90224618 20.19547153 29.3115492  29.94860637 15.43029532
  9.49510601 34.57630415 25.09817452 21.81917195 26.63469738 30.69772012
 16.76501723 35.16246331 31.3032443  27.79742197 29.8608988  31.73258576
 20.97733281 24.12785759 26.47220304 26.77051152 17.92328539 26.96550587
 22.72687909 25.31349902 25.59170414 21.56356984 30.67966323 22.08689221
 20.79291596 11.44112718 31.87861456 19.1022768  28.23710301 25.46289942
 28.60496063 32.92855688 34.04309323 26.31391347 31.97559812 24.36465382
 23.56773863 17.42009167 25.80285177 13.26291858 22.83740579  8.83092073
 27.36502769 16.93278361]
1
[41.8120436  41.68128963 42.19681934 51.54183331 51.80606345 41.96948986
 42.00422467 42.53356859 41.68178389 14.62887283 42.35692612 51.68938864
 34.55416167 42.17976119 51.17181686 21.62900884 51.01122865 15.95639029
 42.73292413 49.63634288 28.20800071 51.32623454 10.07784484 23.14683944
 36.82340655 57.91386785 48.00571267 35.09186995 41.82017714 59.99628805
 49.8934091  41.85495476 41.68226772 20.60400069 41.97112158 42.57281645
 37.90011889 42.09486721 41.92601169 14.92725352 42.80571652 42.64127895
 42.35097505 42.20986123 49.17466953 41.73149957 22.87340539  5.66099626
 42.60317946 42.71052027 41.7638943  30.8419532  42.76149636 42.78523497
 42.33875402 42.3561287  42.48806311 42.3443933  28.60954136 42.41889987
 42.82814998 44.3677588  51.1745616  41.78184113 41.0017123  42.07126515
 41.96849891 41.63776012 41.77892606 51.04479832 47.17801639 42.14962924
 41.98044732 41.67027541]
2
[39.94464214 45.41920989 40.00326977 39.06082198 33.38409985 53.25093411
 43.65119366 49.29558529 45.41920989 31.53546672 45.41920989 43.46985678
 19.21671219 53.25859447 45.41920989 41.88455895 53.32889369 29.985329
 45.41920989 40.37982085 47.51957151 45.41920989 21.97529876 47.74388696
 46.92143166 43.30355386 38.417429   45.41920989 36.67386705 45.41920989
 49.76169585 50.86972634 30.36347314 54.18688122 45.41920989 30.28306783
 38.41202651 36.24939871 35.66729304 45.41920989 45.41920989 52.14922175
 43.49441537 39.87474376 27.36015511 50.02661521 12.16178502  6.17285561
 45.41920989 45.41920989 45.41920989 37.12897807 19.44720416 47.09666502
 13.29254168 45.41920989 44.22798715 45.41920989 35.58893357 45.41920989
 52.92142614 44.37883074 35.41197743 45.28629685 55.83202514 45.41920989
 31.24759977 37.15056485 24.70635607 54.53766116 41.07341988 45.41920989
 36.39628209 46.64833685]
3
[45.8131062  57.95640808 41.44131388 42.09527431 17.90970989 46.17570558
 57.95640808 41.68054175 45.3891734  28.90823344 57.95640808 57.95640808
 40.23875669 45.56451573 31.28076789 21.20838784 48.08182443 25.72868951
 45.56925831 30.72775482 45.72932684 57.95640808 19.58180743 20.8805761
 57.95640808 48.93906553 45.17825895 43.74490139 34.68550508 57.95640808
 53.65903919 57.95640808 33.55286551 39.31628523 57.95640808 57.95640808
 38.02860836 41.6022937  29.16948399 42.57226927 35.10628585 26.76828883
 57.95640808 41.39306458 41.79041503 57.95640808 31.69489921 21.92477941
 57.95640808 57.95640808 37.24707148 44.03208101 57.95640808 57.95640808
 20.5743598  37.9694179  57.95640808 57.95640808 39.0683278  55.69903056
 34.53187011 55.84459834 30.43532642 36.29661823 57.95640808 57.95640808
 28.94599304 57.95640808 34.50300936 57.95640808 57.95640808 32.98677348
 57.95640808 35.35879085]
4
[44.66420147 13.78044533 45.67414691 45.57361531 13.5765738  47.1136787
 48.20557934 14.09477299 45.78903514  6.1150769  44.67073626 42.80045124
 14.76646385 28.39625119 45.36860968 19.83775516 49.13968058 29.49968721
 42.55662923 43.06678654 45.21487338 42.4602637  15.02107669 21.34969872
 57.40315856 34.04020837 41.93076304 43.88625082 36.74912647 47.39790132
 44.3123289  21.21059567 33.09371165 15.11292751 43.98664095 43.51492584
 47.05647925 19.95968812 57.79386408 23.62475991 45.31596037 51.7179011
 41.65920043 22.91058441 41.9034375  44.37045448 18.42539761 20.4478648
 33.12562696 19.24366225 42.31210384 46.39155508 42.43521095 47.62692484
 49.53318069 59.49633768 43.40919966 19.95968812 13.41669762 46.29232721
 46.15585413 45.165103   45.81449903 44.89203055 35.96480635 44.75350903
 45.7672083  51.12008205 38.50248002 18.20347275 13.84465734 45.86509099
 53.20557348 45.75699394]
5
[16.42945804 27.89019414 40.00007387 14.09159567 41.86635743 34.26142651
 49.40940908 43.85449525 53.37121213 32.55287448 46.1348439  52.203861
 25.38039119 57.65955923 40.69355117 27.40044911 59.29718221 32.98230769
 23.16535947 47.09275194 39.38088655 59.01648294 28.15779313 35.6089477
 34.62295641 38.78444789 22.49620878 52.203861   27.09763378 52.203861
 49.28786263 22.60087855 30.67866683 47.51383935 57.01511282 47.1563369
 39.53019754 26.19309578 47.28803096 42.26849598 42.697504   47.4709592
 50.77947189 49.26418587 33.86876264 42.97994303 37.27460076 18.95632238
 54.0975675  26.28411639 52.203861   49.74984499 35.63023142 51.36702159
 52.203861   36.73269339 52.203861   54.94086769 34.16358139 43.68873928
 26.9791456  57.62644187 52.203861   37.93219792 39.24672014 59.15153933
 55.53666101 48.5003706  51.66731412 52.203861   53.06694022 59.57416788
 47.49025965 58.01382979]
6
[48.02436032 26.83995396 20.07951109 32.24249779  9.37762953 55.20744714
 54.96480282 56.30389611 56.93077952 35.25945268 57.56004671 57.77866163
 23.4224264  57.8704113  22.71969711 35.51822074 38.25373704 36.93904874
 33.33226901 20.65706443 18.77848241 58.89945629 41.49179389 28.72185162
 29.48039789 28.48825141 54.37749887 58.94721023 24.42767729 48.73959806
 50.88456124 52.03705735 46.73011699 45.48278849 55.55850587 52.709043
 45.39828774 59.42764326 35.63103406 33.15610914 16.67967314 54.18107078
 48.20654536 30.56163921 52.47607927 58.72170854 13.37549345 27.71263093
 54.35786947 55.32333009 48.82875773 32.59924723 23.53892245 56.8750754
 50.73266017 43.09106151 39.09220271 57.45062469 46.3713332  43.20444173
 58.1810939  43.09106151 55.66088926 46.91502167 15.83451298 56.65651756
 18.26216596 54.07696001 43.09106151 46.99930941 21.05027478 43.50738564
 46.60052814 52.49093431]
7
[42.55687233 50.67946095 30.49933832 31.9782711  14.14083062 50.67946095
 50.67946095 50.67946095 50.67946095 50.67946095 50.67946095 50.67946095
 46.06013604 50.67946095 26.04307454 11.79503353 50.67946095 32.98726023
 50.67946095 41.61279162 50.67946095 50.67946095  7.55361327 20.86490369
 39.20568884 50.67946095 50.67946095 50.67946095 12.90058033 50.67946095
 50.67946095 50.67946095 50.67946095 50.67946095 50.67946095 50.67946095
 46.10411492 50.67946095 22.74297597 50.67946095 50.67946095 50.67946095
 12.25427236 50.67946095 52.60706627 50.67946095 21.97588813  9.11873691
 53.03976854 50.67946095 50.67946095 50.67946095 50.67946095 50.67946095
 30.83465794 50.67946095 40.69550973 55.2234824  46.33433703 50.67946095
 50.67946095 33.98968039 50.67946095 50.67946095 39.71962261 50.67946095
 50.67946095 49.25428788 50.67946095 17.84434168 50.67946095 50.67946095
 50.67946095 52.52195267]
8
[25.74019717 15.55463907 27.83560133 27.50455246 22.18299513 22.99879062
 33.42871572 38.93601602 28.60334109 20.88427955 26.58168713 25.3019028
 18.62534613 12.39949083 17.32726948 17.69449969 15.19664593 18.46561267
 21.35516885 18.73550924 22.05630437 32.77852432 17.34447929 30.53829104
 14.1504814  27.44111202 31.29850528 29.07143631 31.37243662 18.93098733
 26.97104587 15.52309115 34.51406166 16.22407629 38.47484857 31.99594432
 26.98635775 28.70474345  9.92081658 39.85949933 14.80714645 17.59289326
 30.56893552 13.6813249  30.51168459 27.01885757 18.08145454 10.70088233
 30.53691553 22.31555851 27.51579946 21.87930049 28.33929165 32.75874231
 21.49117673 37.54249895 17.0063258  35.74072523 18.36235416 42.95171111
 19.42810837 28.72480993 31.33338529 29.60634416 18.34129148 36.52002025
 32.68026969 41.47163345 21.07059931 26.14464594 14.01343135 28.01902114
 25.78844427 44.87736124]
9
[50.8064049  30.5829856  37.37741687 26.87766304 19.91181012 53.82809798
 42.83173194 44.58851082 49.24602507  5.93705503 54.55333324 59.42097794
 32.23330112 50.8064049  25.91871672 15.40611045 50.8064049  32.61743898
 45.56152407 14.30744992 53.85797544 50.8064049  11.99731198 34.36371357
 45.4713544  22.45293617 50.8064049  47.444422   50.8064049  44.53983148
 58.91943278 26.75589051 21.93065413 10.68508244 50.8064049  47.77575606
 28.81435963 50.70316527 50.8064049  42.85010519 50.8064049  38.58196941
 32.64690667 50.8064049   8.76531734 28.70137438  7.93906044 32.004072
 50.8064049  50.8064049  50.8064049  44.19187423 24.63561517 40.6325065
 27.33302634 37.77807675 45.67086334 50.8064049  19.48520601 22.05296289
 21.98120892 50.68505069 50.8064049  23.20490264 38.20385779 50.8064049
 17.91142644 50.8064049  56.85848799 48.32508229 50.8064049  54.0907179
 37.92643316 45.73594779]
10
[49.18782503 14.49546929 47.32517555 48.39990268 36.6107051  50.51397284
 31.78554922 51.00703486 44.91357222 17.75270303 49.05159242 44.14453712
 16.69478811 21.32047624 48.37813295 31.72262421 49.47974448 24.9638765
 29.84620724 31.61055472 40.9500918  45.63821349 24.90389984 21.86218493
 23.77572199 48.86395129 37.8312125  49.90035315 21.75439671 38.54961453
 51.27380263 48.42628567 11.12927401  8.50333896 49.69663997 33.6582454
 51.79885899 52.42036573 29.99314521 40.95643061 46.16469955 51.19053004
 37.31940146 14.84908893 52.37269351 50.6629313  24.99018965 13.29719495
 47.700573   38.79359057 33.24564399 44.21727702 29.43405785 50.2874614
 38.31349783 49.58623726 49.33369247 51.60201357 45.9537799  36.69704956
 28.84966928 14.57446701 43.48874001 15.76520643 28.53753517 49.99695482
 48.66304911 47.60758683 50.16606585 34.87329917 39.01254038 36.31139702
 19.88079289 45.32557435]
11
[48.73781547 48.73781547 24.11281119 48.73781547 46.24056308 48.73781547
 48.73781547 48.73781547 48.73781547 48.73781547 48.73781547 48.73781547
 48.73781547 48.73781547 48.73781547 19.02670457 48.73781547 48.73781547
 48.73781547 48.73781547 48.73781547 48.73781547 14.03542766 48.73781547
 48.73781547 48.73781547 48.73781547 48.73781547 48.73781547 48.73781547
 48.73781547 48.73781547 48.73781547 48.73781547 48.73781547 48.73781547
 48.73781547 48.73781547 48.73781547 48.73781547 48.73781547 48.73781547
 48.73781547 48.73781547 48.73781547 48.73781547 15.47407601  7.9502174
 48.73781547 48.73781547 48.73781547 48.73781547 48.73781547 48.73781547
 48.73781547 48.73781547 47.84578641 48.73781547 48.73781547 48.73781547
 48.73781547 48.73781547 48.73781547 48.73781547 48.73781547 48.73781547
 48.73781547 48.73781547 48.73781547 48.73781547 48.73781547 48.73781547
 48.73781547 48.73781547]
12
[43.48025645 18.28032585 10.8914848  21.62596483  5.00278395 18.83695535
 14.45240649 25.89568309 27.54360703 12.58573752 43.48025645 21.81496577
 16.44835829 14.22915941 36.88884064 18.89802861 43.48025645 15.7861968
 13.96272216 15.14650933 21.43634498 43.48025645 19.49053063 14.06779531
 27.05261457 43.48025645 43.48025645 37.43918788 27.57366426 12.32658484
 43.48025645 43.48025645 13.58349331  5.88850366 43.48025645 43.48025645
 43.48025645  7.74712275 32.86658853 27.0146825  23.06576398 40.37057196
 43.48025645 40.47382795 30.70222337 43.48025645 26.1987767  16.91164236
 43.48025645  8.70266898 43.48025645 40.5546435  43.48025645 43.48025645
 43.48025645 22.52641749 48.34437697 35.72861001 23.88884801 43.48025645
 22.42187784 29.06017801 43.62799024 43.48025645 12.01697077 43.48025645
 43.48025645 43.48025645 48.34437697 41.48400879 34.46822977 41.41386462
 20.19205193 43.48025645]
13
[44.2310851  31.14630971 42.91229844 41.60587038 44.55235355 43.77970321
 44.02842812 44.77522024 45.32421281 44.64153206 45.33422247 44.24671169
 41.70935268 43.60645444 44.1138264  24.51071318 44.45148059 43.58484226
 39.66499574 42.12538177 38.29717738 43.21489522 10.20165389 44.39489551
 46.37596446 19.33002521 46.27913963 43.97666301 45.17647725 41.01143116
 43.13014113 25.8325965  45.00009204 45.41253073 44.70571955 44.97388035
 43.60128432 24.67020812 44.37224846 44.91211724 45.63515493 46.6262263
 43.6121055  42.74356373 33.41793378 43.78434168 20.44879001  5.89730595
 44.34257306 30.26179116 43.97197274 25.13255269 45.09700632 44.7096826
 46.38267448 43.76878413 39.71201045 44.5426901  43.70818571 43.18341694
 44.45029098 45.24475974 45.02125073 30.24297484 44.21073512 46.45571055
 45.1187862  45.68277843 45.5022711  45.67092764 44.78981759 44.10472318
 43.43767582 25.20801731]
14
[48.0834938  52.24776414 14.38041253 42.90292004 49.95209735 14.38041253
 58.97325381 49.92678976 55.53050798 56.35941634 53.42712019 54.5747121
 49.41390551 50.60650307 14.38041253 14.38041253 54.73059417 14.38041253
 14.38041253 14.38041253 14.38041253 52.36448209 14.38041253 46.2259329
 14.38041253 52.75416125 53.9656266  42.57702803 46.15536818 54.30093341
 59.5036067  48.00130596 40.7914437  56.24864291 56.33099991 53.20965039
 49.64332322 14.38041253 53.65282472 51.71738535 54.40827599 54.9400955
 14.38041253 50.70902683 49.84014592 54.92397422 14.38041253 34.41978179
 54.390585   47.59630445 54.78197789 14.38041253 52.14595268 53.58434293
 38.95313331 57.15663024 51.91824133 48.07515261 53.07739248 14.38041253
 52.11982384 23.10149432 49.22446715 25.02280503 14.38041253 54.47144082
 14.38041253 48.85461871 55.3362362  51.9736306  14.38041253 49.21756031
 51.46872965 52.48642794]
15
[40.87750856 15.60335957 43.6365435  24.20820057 18.69321842 14.04858121
 28.86393999  8.73064541 38.34336288 37.12555627 34.53394604 43.6365435
 21.156079   57.50324006 32.38656989 17.10604003 21.70656392 50.90478651
 49.98061586 46.28649978 37.47397417 46.8790172  13.12253608 34.57742904
 29.79948023 21.20667196 30.39316575 29.4411391  30.02414482 39.92927624
 26.70642806 13.3082467  33.16648477 30.55993207 49.0027502  48.30728337
  6.18775538 13.69807716 56.903321   56.13727591 38.03560101 25.01452246
 31.67929503 36.62641788 43.6365435  35.32812022 24.08990686 54.74901406
 41.8117666  31.35767416 36.93641528 50.27538154 47.35126946 41.07914784
 13.69807716 27.89127312 49.51945279 41.74772307 43.6365435  19.05018515
 41.59583901 31.70895845 46.71524159 56.0452946  44.87597026 16.90047212
 10.15462615 55.38213235 41.30083222 21.81784521 29.45413319 14.72814748
 51.23545976 41.14000082]
16
[46.060286   47.63660648 47.44975978 24.78237104 41.7292201  47.05013395
 48.4819967  27.47866064 47.15246292 45.68248773 48.15368129 42.66168224
 45.0260152  45.6307821  49.02205323 26.49331023 46.96246496 25.16598277
 51.28441786 53.09516912 46.68027332 44.92185881 11.22164445  9.23174998
 47.83380198 48.27786549 42.2483588  49.71093954 20.32076828 45.2671863
 47.14613298 48.07848373 44.90991285 47.27435869 46.89723346 53.23739975
 52.08625051 25.98570025 47.52208567 46.56173833 45.11399711 45.57660414
 28.85222359 46.31562706 45.52554107 43.9053057  18.19073724 10.19016155
 43.16534838 45.7659292  46.50797582 51.07874143 46.05561047 51.48758029
 44.89763755 43.17476027 49.5530646  48.75980666 46.74871923 49.00049737
 30.68104499 43.5932267  47.92532728 45.53483999 16.03660846 45.90035998
 28.93236596 47.58500625 23.16907433 44.131949   47.15996231 46.26777362
 34.56150156 47.55633513]
17
[37.51465456 32.77983884 52.37096874 42.39151103 20.56255459 52.37096874
 47.63661933 52.37096874 56.65815413 35.73811266 52.37096874 30.94746523
 44.18920046 35.70361175 27.98440601 15.28804579 52.37096874 35.87433519
 24.86349924 32.31361149 33.35451152 52.37096874 31.96799645 31.09705773
 27.59686221 36.77609035 37.20095318 52.37096874 52.37096874 52.37096874
 37.19416408 30.87789196 24.45857057 19.40906254 20.73112647 15.26516908
 52.37096874 26.79516101 52.37096874 33.01419982 37.00323775 26.62623536
 52.37096874 32.37196504 52.37096874 52.37096874 23.33055966 12.11105123
 52.37096874 31.91658177 54.9043783  52.37096874 52.37096874 19.96657219
 15.59040665 19.95232093 39.78131661 29.26858035 27.10990768 52.37096874
 37.75217534 42.12312252 52.37096874 16.81939902 37.92100729 52.37096874
 30.0315663  31.01322512 43.20030115 52.99412057 34.36114721 52.37096874
 22.84014362 30.31247083]
18
[39.45172693 27.59235504  7.46223843  8.83214825 39.97138399 39.58241679
 40.34174216 51.09426374 42.26377371 38.9424595  43.53159311 40.78987901
 38.0284807  44.31651219 41.75237206 14.45456403 43.21177181  8.61622148
 38.8010588  11.20318345 40.72376668 40.4035329  28.74830428 39.80616333
 42.36160374 39.34998169 40.70009663 41.79721728 40.47437907 42.46319087
 40.16985593 38.41711058 41.04296573 41.7978854  41.25102724 41.39900229
 41.52275456 41.81127223 40.21909247 41.99379623 41.35846002 39.94714541
 42.36365316 40.92687933 40.74929352 41.63532471 42.29614949 16.05109602
 42.6438259  42.02265869 40.15964108 41.01293334 42.03273309 42.70853876
 29.48042069 13.63200099 41.7318687  41.75175134 11.85917254 41.14228616
 36.10579092 42.66724052  9.55227007 57.77579127 42.2021839  41.84806675
 11.25086517 40.64707105 42.53198815 41.0774008  18.64605891 42.49949696
 39.57784302 40.95772169]
19
[39.30004562 29.40494518 34.47988184 18.86301669 29.70757035 32.54012486
 27.13989559 32.05814437 38.63454135 19.91296559 42.47946783 43.91718091
 31.49761503 28.72842929 10.27931801 19.78522024 31.33185975 24.80889069
 24.86027223 26.76783376 27.81867684 41.07868603 17.2275593  15.26311837
 34.31653055 42.34821147 21.08353862 28.46433708 32.93320809 37.5446276
 33.81470288 29.51567548 34.30434359 22.7682942  41.51013055 17.73395808
 37.95569381 32.97384156 32.30701863 20.13841069 47.72555576 25.09392845
 31.16317528 20.10721497 36.71012566 39.01470368 22.18638935 12.81137115
 38.54627301 29.52603518 27.16795457 28.22018532 25.26157458 35.6356939
 29.49415687 40.39766235 29.42507255 30.34091173 32.3954032  23.28020973
 30.32702754 27.49925958 35.64467969 29.12545209 31.01167249 35.28461467
 16.42183777 29.3095116  25.73065547 38.97030341 25.12344311 41.00291059
 17.4586468  29.54966627]
20
[45.27852327 31.63406603 16.54430266 25.35270135 24.0804472  58.05541279
 58.11548453 36.03706379 42.73498975 21.11832872 57.50258695 40.31370867
 15.24162283 59.95601353 32.53717315 58.31760459 57.31054981 59.95601353
 59.95601353 59.95601353 27.40868794 59.95601353 18.97144143 30.02447883
 42.70705059 58.48111397 57.7594773  59.99579424 59.95601353 10.71891358
 55.3436783  59.95601353 18.78334971 50.43734481 50.00185946 42.04642124
 59.06257237 31.36085885 57.43242983 59.95601353 36.46679066 31.85894903
 21.18857023 59.95601353 30.7068206  56.88472856 20.52464232  5.65058602
 59.95601353 36.92859257 18.84043894 47.23590512 59.95601353 42.79277773
 20.34140113 16.44900317 20.68091102 59.68544302 58.62925865 39.26268358
 25.08313745 12.12155233 59.83202675 59.95601353 20.54119407 59.95601353
 39.02176275 21.32475393 35.40256963 58.10487634 59.95601353 59.95601353
 26.38280814 59.95601353]
21
[46.3837902  24.33766203 49.20914446 49.6928326  29.3273167  38.01066915
 44.64315667 47.17627839 49.94182203 29.23491521 50.60378958 48.05170604
 31.8800016  34.84846617 49.38863008 48.86040263 49.75668427 36.80264581
 49.16210705 38.21551485 47.04227891 39.37204995 23.47651759 21.26278474
 38.08407359 49.20224838 49.89049641 49.33004136 37.6718512  39.10319659
 49.30618856 49.74644576 29.59518108 47.97517385 49.22462468 37.81541187
 49.21930434 41.83384754 43.73749848 36.79189761 42.55429539 35.722209
 48.9851304  31.54437138 49.26158642 45.98706738 17.62711288 22.90491496
 34.86037839 50.35076537 41.9793345  24.75494034 49.99981911 49.32406164
 35.08686523 45.71121774 40.32643617 44.65715417 32.83591824 42.23443286
 49.68949491 25.37201608 49.19663879 26.27165925 50.19323295 48.69186878
 31.83583446 50.11646619 40.5767837  41.35349694 48.59412581 49.07367163
 49.23532946 48.8948537 ]
22
[47.13630259 35.25731983 30.45051389 28.75239855 17.88608404 45.78745608
 45.08298087 32.30494466 44.64830915 15.81469549 54.39164136 36.4642924
 33.55060572 45.15717003 40.72731605 22.74417403 36.1885913  18.53774727
 33.38574823 31.17275537 17.88191721 45.65839896 12.81504433 36.50362548
 47.30019365 27.56318454 46.32467424 59.67286897 45.53662625 36.86679855
 39.41681275 34.61159813 27.65301347 15.56526124 33.16731165 55.74019211
 27.81585723 45.39762788 33.10100668 24.49976008 45.08402277 27.90036646
 17.07750697 39.57038307 47.57641407 32.8654661   8.90435943 39.97094687
 55.32434404 23.70561738 23.3589339  53.67051698 51.42644795 43.74758078
 22.93949787 13.26817593 44.14034621 35.9244989  22.84158327 32.79438887
 38.62816029 29.26961368 35.75967812 44.63541354 28.79356686 44.28962369
 20.60596527 28.48888254 42.86642777 48.98673707  6.50171503 32.70361004
 39.78671333 58.65182404]
23
[33.15254858 20.65534482 28.03337751 41.83212888 18.03310747 47.05494276
 34.86476485 17.57038522 46.37289766 23.99582092 40.10591384 47.13480467
 23.43779211 47.95396456 23.57421294 44.72844581 47.17618616 33.81439549
 47.10415054 49.14394805 42.62393962 48.33408766  7.83396557 27.01274646
 19.88508193 40.12457127 25.98841064 34.41529199 14.43002249 35.54117572
 26.9069834  18.22764162 44.89062223 18.03911152 45.62390652 48.15005856
 38.85616884 48.75625607 33.09707621 40.56236895 22.39239109 46.67748336
 11.89592873 23.41265795 47.80888543 41.0892856  22.08489434  7.57858504
 47.98576221 47.76444129 46.49782049 33.94676034 30.50411536 48.28543259
 30.32580138 35.84801497 32.7417446  46.26495839 33.18066191 30.74947573
 20.94428649 47.67025211 44.76181077 48.04293816 18.10724709 33.92360255
 10.48946478 28.07670865 26.74128445 33.39453039  9.84923237 48.4547806
 42.05910054 27.10229084]
24
[40.87902962 23.56925207 22.93070598 28.53981762 20.27968431 39.49497652
 30.58299934 11.96015633 43.23316446 14.42194771 44.2439129  32.61534969
 29.21133165 26.11243109 29.48687185 14.98440164 21.39492848 28.5239414
 51.56806277 20.7397816  43.47286131 47.50106908 24.47956865 28.3136893
 32.28037302 45.51816706 36.31101481 44.36052989 29.868823   42.24064092
 30.2621753  35.43112534 48.39684047 20.85662138 31.60364532 36.61615579
 35.56271362 24.32387228 15.1577484  53.38759066 33.39723335 35.89807164
 21.54106633 21.47829278 51.9348408  50.5106562  21.23058786 11.93240895
 49.39495177 47.41412797 21.19639718 25.80701736 25.74960962 34.03478891
 24.18519331 38.93185428 49.99933048 30.23282135 49.08167832 41.82261772
 39.73809915 42.3658036  23.61722676 45.17435156 30.44665948 38.46215194
 31.85611855 32.44463981 25.360245   24.08854199 34.8169444  39.94735
 43.83399993 45.56612695]
25
[59.25202168 49.87862987 34.0673213  18.06081308 44.84709434 42.22650378
 59.25202168 59.25202168 49.48929976 15.48723796 42.83324273 41.77129436
 31.47124531 44.75626501 59.25202168 35.24260431 59.25202168 37.54301102
 40.67706169 33.8551599  45.10662334 44.14168003 22.83918    32.51177106
 36.53930828 36.33024173 36.63658025 35.3798509  37.26322395 45.03754929
 46.55065617 22.65351754 25.71098897 41.37578837 38.36858087 35.76956562
 42.25879228 48.91508375 43.21582173 31.90559499 39.81889785 33.61538538
 45.32444202 43.12222318 59.25202168 59.25202168 42.45690904 47.38062573
 39.34852565 49.97677004 38.23585042 19.32395729 35.47883432 59.25202168
 43.35292359 41.1000321  49.38654123 42.36778483 40.27498591 46.02682218
 38.25350197 43.6849114  49.11604389 54.16604443 48.70435176 45.90170167
 41.75212333 50.03688105 36.32957018 48.13818669 48.44740773 39.46233771
 25.91429688 36.17684148]
26
[56.86661427 21.53635305 40.20846779 46.75179815 56.96516937 56.19622597
 28.89195336 55.95354613 35.14940952 27.63895415 57.79214854 44.12648534
 26.89050418 55.93189635 43.08460616 20.98980012 54.32631692 31.77392353
 35.88676261 27.89964552 29.76880466 56.80573981 37.49043756 10.6960787
 32.0693076  28.97567297 35.14940952 25.3001349  27.63074279 44.34937285
 57.13760499 55.08902254 34.39431554 43.21020574 33.18977853 52.3745969
 41.65672837 35.07824471 37.68410423 36.08079362 50.97733611 53.40348401
 17.43185046 52.91954568 32.17584801 59.44657507 39.78324459 26.82409306
 55.33336262 22.82136897 53.82857977 36.17198183 39.07400663 56.0798212
 22.63256258 30.61800807 59.42462934 40.43914509 24.8348053  39.08735614
 37.42968784 52.69720912 39.76657129 32.3465007  43.08179573 44.08332933
 27.166222   58.4661053  54.75166908 52.44919444 30.03495979 53.44957366
 35.14940952 55.88655528]
27
[31.88100265 21.54246333 14.68840629 24.39153474 26.90001464 38.24412002
 18.98552573 19.50601068 22.18643909  9.942291   24.12182605 32.19241725
 29.14940999 39.21832641 32.73591889 22.03348705 15.48296658 20.34290439
 18.90777803 23.10606525 18.18982761 22.05724212  7.62674604 21.80334917
 13.72183829 38.15636279 30.53785089 26.21252151 37.17263209 15.25521594
 26.41958887 22.89658373 22.98577318 19.36767375 28.08851225 28.04546609
 17.07494015 16.7417495  34.73659277 29.40978511 23.24362214 30.56851011
 29.33459569 22.07683331 29.32399373 20.36724357 34.95281476 14.19715805
 32.66207907 31.09611639 27.77527424 36.51629974 27.03561353 31.26751052
 18.76056733 19.29147263 29.03789092 35.70866616 21.64396616 16.5663992
 17.22321452 20.67879863 20.2844061  21.38793274 29.3227721  30.40125314
 22.14685839 24.08270101 21.61400894 26.73199624 26.52406309 19.73470641
 44.04979499 25.82649464]
28
[53.11845733 26.23241144 25.26847095 36.87968637 32.98441287 39.92671957
 51.73075118 40.13916627 37.37875869 27.12922839 44.4693864  51.09433057
 17.44100563 45.57004317 33.45301354 24.21829626 44.20316634 16.30969836
 41.99835366 31.34885412 28.44839893 36.87192897 28.13292532 30.47719383
 39.75675814 31.86407172 37.65774454 47.03815567 28.54378339 24.39310754
 31.25149282 29.85099559 35.2204409  34.33003005 48.23968631 27.03505186
 39.71918588 39.74977421 37.37875869 32.66108986 43.30107095 37.79437666
 37.37875869 35.79491722 36.53558234 40.0706719  22.66779014 29.24647166
 45.88263872 37.37875869 35.5362766  39.23572808 34.36079493 49.35716645
 28.40951996 41.32296801 43.54726367 39.54668215 33.79282408 39.76261733
 33.39211877 46.72338691 41.1407295  37.37875869 43.04338869 37.37875869
 29.6060207  37.12574385 34.58908417 47.42268878 28.18060083 40.11348851
 34.29790582 42.10850263]
29
[36.81328103 48.33022195 48.33022195 21.61974554 29.05293772 48.33022195
 48.33022195 48.33022195 48.33022195 19.4204613  48.33022195 48.33022195
 37.60698071 48.33022195 40.15646879 48.33022195 48.33022195 28.23211099
 28.02966233 27.44909067 48.33022195 48.33022195 36.80772948 48.33022195
 16.30204089 48.33022195 48.33022195 25.31445547 26.44620322 48.33022195
 48.33022195 48.33022195 48.33022195 21.44054666 48.33022195 35.21911102
 48.33022195 48.33022195 48.33022195 48.33022195 48.33022195 48.33022195
 24.01784866 48.33022195 19.18303393 36.65818368 48.33022195  5.70530123
 48.33022195 48.33022195 28.88919116 28.77466175 41.67745371 48.33022195
 19.28690648 48.33022195 48.33022195 48.33022195 31.33605011 23.94205944
 48.33022195 27.10451519 48.33022195 48.33022195 48.33022195 48.33022195
 48.33022195 29.06784011 48.33022195 48.33022195 48.33022195 48.33022195
 30.22851997 48.33022195]
