[ 7.97919874  7.2491283  17.08002424 17.11433177 11.61391302 24.25291537
 13.96029804 18.83713183 17.97965192 22.19715822 18.31984738 12.15478909
 26.97265513 13.87666003 21.84412498  8.9316751  15.85961169 12.68015628
 12.8809233  11.328171   23.79178905 16.67304577  9.30754642 27.42918773
 14.83507854 19.23113852 29.97259015 17.57418141 17.67969994 21.48473237
 31.4186221  23.24917762  5.81315049 13.07209707  7.59954208 16.00329746
 12.17171023 22.77558124 11.05563592 22.0030709  21.12109447  7.47579279
 23.96751228 12.33904284 18.11658061 18.51778905 22.70917786 17.9544105
  8.18344413 10.68212708  7.68821882 25.37213171 14.78250669 20.41139823
 39.30424359 11.97269634 12.44096022 21.97773845 17.22726591 21.60530347
 26.19252618 14.29033685 19.51649256 19.13560434 23.70712412 26.98042558
 12.44709873 33.03129286 14.38002731 23.76220755 22.61924191 18.28421755
 13.13330678  8.95764798 18.09794374 19.36272461  9.44463419 28.09751195
 26.65229384 27.81323168 12.99857853 15.23282912 30.3253906   9.40800212
 14.53328315 18.75048139  9.6175095  20.23478161  6.96005524 24.75178319
  9.93204279 33.3543003  13.497474   14.48930612 20.74083853 17.96375824
 19.74590712 13.60768843 24.42456328 33.74806178 19.02088255 13.50940185
 17.50621649 26.89057535 19.95933884 12.15229771 21.15692521 11.66830915
 10.02113915 19.31085166 23.28806067 17.62519391 28.04898584 27.04616419
  9.41572224 11.76792101 22.45468246  7.93184862 15.04302415 16.76082531
 22.58553898  7.14736511 26.34419566 11.69369246  9.2653378  23.58597913
 18.15228508 14.00167847 20.31323067 24.75683036 21.27044262 18.02091316
 18.29314925 18.3365975  25.08063924  5.55995911 14.36266894 17.2951099
 21.55031843 14.42846032 23.89850186 18.86818302 18.21336074 18.27536905
 27.9654506  15.15305746  9.91299794 20.3945733  19.92799533 16.79784842
 16.78447895 13.5816666  20.19548418 12.56815135 11.21153005 31.67640131
 20.08886807  9.9245548  18.04835431 19.65264738 19.8819544   8.47183841
 19.94944808 35.23794911 22.50175863 30.8167411  15.91981035 20.99983228
 40.19189555 20.56605069 16.08628755 22.88920607  8.30899578 11.19861079
 31.53107763  9.10860405 12.09619677 10.10662912 18.02433612 15.56106057
 25.95672421 22.1595088  25.29328706 11.07848932 28.86874702 14.16171954
 15.30117212 19.10539655 15.88698662 15.98673365  9.61202803 12.58454781
 13.52844466  7.44015202 15.38746191 15.54873058 18.81624134 12.92811507
 18.16837311  5.28043764 17.06622316 30.94875864 16.45337399 12.43368817
 12.36081123 20.74282326 20.29734729 16.58506394 16.28602941 10.93474541
 17.7170054   9.47215857 28.4649609  24.25149806 12.9237392  10.02178376
 30.52687028 15.66462459 25.39950492  7.43399497 17.30215857  8.66106274
 20.16522105  9.51789253  8.0463084  18.828355   21.46555148 17.00159899
 32.82468499 18.39925195 16.66660767 31.22224387 24.14981098 39.07740214
 26.10865905 25.85573773 25.95798318 18.25679014 12.32837579  7.80086137
  8.77866012 13.771982   21.52821855 14.95895161 32.48818834 19.24421912
 11.0238749  17.03275962 22.60055313 13.86544828  9.17594717  8.9109672
 24.03987896 15.58754168 24.55750022 16.82797012 15.13191118 19.65473685
  8.07382777 20.41865966 10.28313194 19.03415565 18.1297254  11.44432607
 27.02609868 13.12723007 17.55970415 23.79934663 13.22083907 22.0501991
 20.56150517 20.37299965 26.16876533  7.95078544 20.4269433  19.75220642
 13.19316666 12.26320446  7.17163025 19.18052128 20.97416722 12.42613029
 16.70467733 30.24090738 11.24451877 24.84237032 11.47204968 13.1014364
 23.32731349 18.92262944 12.1361077  12.92296405 22.80608749 15.8299532
 21.90944939 14.14330665 14.93903104 36.99344601 13.84457336 26.8165618
 24.21439023 31.04945311 14.93042973 27.01702687 11.34269028 19.72143424
 19.08553334 21.93150975 20.50752272 20.08916086 24.80450647 29.92257214
 10.09676418 31.88384614 26.01109942 15.9676064  18.48856491 16.31864342
 30.90366171 15.30147659]