[37.84397299 36.42139224 44.9188879  17.08119355 43.10579857 28.70684717
 33.01041316 34.34304991 25.7767962  25.98092036 33.9479674  40.82962733
 43.56106581 29.56636445 41.00595205 17.93046967 36.06093108 41.66028793
 26.93432446 27.88282877 40.31452388 39.34641892 21.87702197 20.36834276
 41.18510399 18.57643964 31.12408532 48.55548995 44.02743061 15.6867524
 41.06391296 45.84830815 30.37625508 11.06353438 51.79375078 36.07052964
 36.80602494 40.71405916 39.0660483  33.21863531 35.89887383 32.76449639
 37.7081784  42.21916508 37.52912399 44.89603158 11.80852453 41.60682851
 44.76871236 34.49384896 18.35043033 36.51558647 25.52269083 34.00814927
 39.31313878 35.3847134  35.20213681 40.37607633 11.98624841 46.12569973
 35.98609176 37.36601839 33.21359579 37.4029303  41.6029169  47.5748648
 18.91937102 39.41318599 35.71836969 32.36895308 37.82269053 23.62360398
 24.27948057 33.51397292]