Ave_waitingTime : 
 [64874 64297 64500 64340 64254 64333 64279 63947 64004 63941 63707 63531
 63519 63098 62844 62888 62710 62593 62593 62474 62466 62466 62466 62442
 62463 62471 62482 62482 62491 62557 62559 62504 62504 62504 62504 62514
 62514 62514 62344 62359 62359 62300 62300 62281 62281 62281 62281 62186
 62085 62045 62008 62008 62008 62060 62060 62049 62001 62001 62001 61995
 62044 62044 62044 62044 62044 62104 61937 61937 61937 61960 61960 61960
 61770 61770 61678 61754 61754 61721 61721 61721 61702 61702 61702 61702
 61702 61709 61709 61709 61709 61709 61708 61708 61708 61675 61677 61677
 61656 61716 61716 61716 61770 61770 61770 61770 61640 61640 61640 61594
 61587 61587 61587 61587 61587 61563 61579 61579 61653 61653 61643 61643
 61643 61642 61642 61602 61602 61513 61513 61513 61526 61375 61375 61397
 61321 61321 61321 61321 61321 61321 61298 61298 61298 61246 61246 61246
 61214 61214 61250 61238 61181 61181 61188 61188 61188 61188 61188 61188
 61188 61188 61188 61188 61145 61145 61145 61145 61145 61145 61145 61145
 61145 61145 61169 61169 61169 61092 61092 61092 61092 61092 61092 61092
 61092 61140 61134 61134 61134 61134 61091 61091 61091 61091 61091 61091
 61091 61091 61116 61116 61116 61116 61116 61116 60971 60971 60971 60971
 60801 60801 60727 60727 60727 60727 60727 60727 60621 60621 60621 60628
 60628 60628 60586 60586 60595 60595 60561 60561 60561 60561 60508 60508
 60508 60508 60508 60508 60508 60532 60532 60532 60532 60532 60501 60476
 60476 60476 60476 60476 60518 60428 60428 60269 60269 60197 60166 60303
 60303 60303 60303 60303 60200 60200 60218 60218 60165 60165 60194 60174
 60174 60110 60110 60084 60084 60084 60084 60045 59825 59825 59861 59899
 59899 59905 59905 59863 59863 59854 59700 59700 59700 59700 59700 59700
 59700 59649 59689 59689 59683 59683 59683 59683 59579 59502 59502 59472
 59435 59435 59435 59435 59435 59380 59435 59430 59332 59332 59273 59273
 59202 59202 59202 59202 59202 59179 59072 58979 58979 58979 58979 59001
 59001 59001 59047 59016 58961 58961 58887 58887 58795 58795 58795 58795
 58795 58795 58795 58795 58795 58661 58586 58492 58492 58505 58505 58505
 58288 58324 58324 58198 58198 58170 58149 58110 58110 58110 58110 58026
 58026 58026 58026 58012 58012 58002 58002 57920 57857 57831 57831 57778
 57778 57712 57712 57712 57722 57722 57661 57661 57689 57689 57627 57627
 57519 57519 57519 57519 57519 57493 57234 57157 57047 57011 57011 56959
 56880 56809 56728 56728 56728 56728 56728 56839 56839 56839 56858 56858
 56858 56855 56937 56937 56937 56610 56476 56470 56590 56590 56590 56685
 56685 56853 56919 56871 56871 56801 56674 56547 56652 56525 56515 56544
 56544 56557 56623 56623 56314 56314 56314 56314 56314 56314 56312 56242
 56242 56366 56221 56221 56221 56221 56135 56130 56165 56165 56228 56165
 56082 56082 55966 55954 55954 55954 55835 55835 55920 55882 55852 55852
 55743 55699 55679 55679 55679 55604 55604 55560 55560 55560 55560 55560
 55508 55407 55407 55314 55352 55285 55217 55217 55217 55159 55256 55183
 55183 55183 55141 54978 54927 54927 54833 54793 54793 54587 54574 54499
 54425 54425 54371 54256 54264 54264 54135 54007 53951 53737 53737 53799
 53799 53799 53799 53799 53799 53799 53799 53799 53750 53756 53733 53731
 53756 53553 53526 53473 53473 53531 53490 53199 53188 53128 53057 52905
 52921 52921 52874 52874 52805 52725 52719 52729 52646 52602 52602 52602
 52602 52565 52565 52546 52502 52390 52287 52287 52264 52259 52073 52150
 51818 51705 51361 51333 51236 51081 51081 50983 51025 51036 51056 51109
 51013 50922 50645 50392 50302 50335 50302 50280 50243 50176 50157 50102
 50044 49990 49966 49790 49682 49719 49782 49737 49704 49523 49550 49459
 49493 49484 49477 49439 49485 49485 49412 49343 49335 49303 49290 49211
 49220 49052 49052 49094 49040 48951 48923 48764 48662 48637 48637 48568
 48540 48539 48530 48502 48505 48426 48444 48452 48452 48393 48332 48329
 48275 48275 48278 48278 48278 48234 48193 48187 48223 48241 48276 48276
 48267 48274 48274 48257 48189 48280 48280 48084 48018 47881 47907 47910
 47874 47921 47951 47865 47865 47786 47815 47760 47755 47755 47786 47786
 47741 47700 47661 47661 47661 47655 47694 47669 47631 47652 47640 47599
 47536 47487 47422 47386 47387 47449 47419 47380 47342 47282 47234 47231
 47283 47233 47201 47201 47237 47237 47250 47216 47186 47188 47211 47211
 47144 47108 47095 47129 47114 47108 47133 47233 47183 47142 47125 47089
 47068 47037 47005 47006 47006 46995 46950 46984 46927 46845 46844 46835
 46853 46871 46870 46859 46845 46815 46819 46759 46796 46783 46783 46774
 46774 46762 46762 46762 46762 46762]