0
[43.08236978 26.33942103 36.26296903 58.45897342 16.94207933 36.33193621
 29.15470998  5.07810062 14.44838044  8.63930492 14.24109142 20.70313325
 10.04445051 32.8167399  53.77592432 16.30012228 26.14588672 50.07914353
 29.47731492 40.97944967 26.75244013 17.52634336 21.93028467 43.35824534
  9.10241722 26.28546676 55.44962922 25.93115059 32.92811578 35.72084614
 17.17553303 18.02719595 10.32147974 18.89474689 11.86740697 42.07313449
  9.78722237 42.47253844 37.95063085 30.16876026 15.60517693 23.76622122
 28.76586758 36.82172242 39.4563298  56.62515494 18.39498109 29.89219396
 12.17163683 12.08842154 37.25721735 25.64899917 34.25207439 15.57622203
 17.77020567 15.05418148 31.21516819 15.34999589 55.27756417 15.85859137
 28.31101771 59.28211901 51.86565251 30.91206152 16.76562225 34.82193721
  6.65657933 20.92346833 34.24115585 29.77926261 24.22658204 26.38124325
 22.34028442 12.34687082 28.79521305 15.95578589 32.62502518 33.24843991
 30.04833534 38.29248149 12.34136772 48.15548684 25.29344353 44.56860874
 22.10355251 18.1182957  33.75867154 32.0797983  37.81663165 17.92563614
 15.4334894  39.28390153 31.54274744 43.93874272 20.38976423 39.04127342
 34.15040005 18.96765495 51.48431306 43.6054621  48.38731652 18.16877177
 26.75646946 25.67513541 10.75012482 33.15041045 26.16825837 22.7068036
 24.74876804 35.06400204 34.49175663 39.97083689 22.81301053 28.50833544
 31.3509158   5.81108768 34.59320937 46.30202889 21.53553867 55.81247361
 30.01415597]
1
[47.18821618 21.38949291 29.57572119 28.06061704  6.55495594 31.57594476
 33.13281199 23.54298689 30.97084424 10.74942206 15.83423662 30.66512553
  8.76144866 30.3578765  43.66340176  8.85710069 11.25389395 28.79291573
 17.33426151 18.26317874  7.83628602 18.02883885 13.88121151 38.91143463
 22.51386165 17.28383132 24.51607475 37.54143778 35.19485959 26.70671477
 20.55475774 59.25319494 11.50748242 44.88057154 54.70184954  9.1740175
 40.6259581  41.09952695 22.66680056 13.1604145  13.96339685 22.06306386
 17.46331496 15.24339427 22.85089738 32.16131141 53.93015455 37.12007182
 10.68508553 17.12786482 23.87978007 54.76699383 36.62491728 26.60437483
 35.414495   26.09295363 42.32046454 50.48218132 41.1521689  25.43702075
 15.68328759 23.65819284 26.5260106  38.80674798 10.45120587 20.4341877
 30.25976517  7.15640832 29.26709687 32.86650445  9.82789877 29.66406605
 32.44892069 26.0912927  26.32457865 27.18562152 25.87549382  9.65003671
 47.21461222 40.7363124  16.03751422 14.22230809 52.64091152 21.90339069
 38.65439753 35.95919418 29.61631499 37.48747327 19.89722801 26.48802159
 18.15291953 41.60642175 43.44096217 53.70665222 48.49469018 24.80038419
  7.12818689 35.35663377 53.32459204 15.41220543 14.74494166 20.10246608
 29.71504901 45.46290056 25.06209279 14.93455745 38.8227144  45.45024292
 30.23791138 16.18114161 21.54857823 21.43953148 25.87863433 36.09119903
 54.74083548 34.80688705 15.47395906 31.36426862 10.85671178 32.04847805
 29.29341191]
2
[27.11758923  9.94564011 28.45618391 31.28331908 51.56615904 18.94780593
 43.77908062  8.73838087 44.1411681   9.79354254 21.33469387 32.91246832
 23.32282155 40.72910571 20.37322811 13.05492754 29.26340472 27.60766331
 15.1761636  26.27579046 29.49872938 10.38180288  8.72044645 46.69432447
 14.49114561 13.30183299  6.97684649 25.64803279 12.62159356 28.38199345
 24.09255095 21.95217999 22.47221201 49.97290138  9.31337919 50.27904245
 17.96738327 53.8869881  15.62538602 24.44427989 22.18202454 28.92956067
 35.64613532 48.25033873 55.31753148 38.16812165 17.64128854 11.90547777
 35.48860539  8.29212221 11.61532276 19.75336801 59.38587455 24.36506555
 42.58450309 32.55409542 56.87435479  8.10904391 40.40861086 14.71009702
 17.79055627 27.59685311 21.40836849 33.06962288 29.71629512 16.1152192
 27.29673437 15.12314822 14.79973164 38.92189799 18.63516103 14.64408043
  9.23432223 26.30641101 12.25011221 39.37489817  6.49222778 14.84934607
 15.59256753 13.08845935 19.55622923 26.91622809 15.47456331 18.170516
 40.65889689 20.47840352 41.28641907 37.00538241 27.9709046   5.09188406
 15.36338181 56.22725526 22.90873373 34.913147   22.90872059 25.44854733
 36.21103792 27.339516   52.50289489 35.33811804 38.77096628 55.50681922
 35.71012828 25.43213892 20.57650963 37.91574724 43.54308922 30.76483443
 16.22329245 54.44434944 16.64149038 18.49298015 18.82565265  9.44533446
 12.92582058 23.71063431 23.63738319 49.35690365 13.02985535 26.42941032
 19.67901318]
3
[34.18279544 26.81911754 34.4205628  42.86482784 45.49532371 22.14795251
 43.49547408  9.32192892 26.57209368 13.01437814 14.50478043 18.73339765
 34.35851047 31.13298142 58.26723509 21.39362652 15.74897018 36.31616926
 53.93398499 22.04908054 18.96852447 11.92461642 20.93171855 28.48631627
 43.45003796 49.73506718 17.66820169 24.28309899 39.15609494 26.51068841
 10.72223365 37.84448391 10.27492611 23.85893213 31.97517326 33.44845264
  7.11570332 12.20080427 53.55822558 39.95327018  7.31170273 14.65986922
 13.66886921 30.38916197 26.24152279 22.81600683 16.36434288 55.61302632
 35.72266281 19.86088955 37.07178465 38.66448005 26.98933089 31.52270839
 17.56053272 11.7478172  55.70766014 18.75366399 37.78298238 22.82613177
 21.67272585 34.98904827 24.35436392 20.15912046 24.25277049 16.24811913
 15.18155392 11.04508982 17.23528497 27.88458939 12.86335489 47.23187785
 32.63955849 21.05322213 50.66159106 22.58204051 40.51701466 29.23026605
 13.3720943  38.94774316 13.61407688 13.91802627 33.02547922 10.80400225
 34.62571786  8.71546849 32.93826017 21.89773257 20.54973026 13.40455319
 25.2516605  39.47497854 12.30261912 21.68124523 19.85276199 18.94609573
 17.34705821 37.31219762 19.41110996 24.34328875 11.29226652  8.87197694
 22.93668285 12.94209665 10.72978674 15.10449655 44.18522436 45.64490722
 53.17414045 42.43589601 35.81098011 18.05781996 30.68757764 51.27877112
 19.56884624 36.13371008 30.30853227 57.85688738  6.86059125 49.71122535
 59.76666272]
4
[34.22120729 18.44541261 27.7989764   8.73450937 30.64223562 49.77973747
 47.80532233 22.22887866 41.53010214 11.3882626  17.97062268  5.25837488
 17.01159844 50.71690542 15.26027895 27.54663895 12.2744436  11.76963308
 22.32663884  8.89903    41.72295677  8.31883322  7.96870068 19.79378222
 17.12436821 11.49982917 35.83127969 27.49663382 33.80473218 15.51195172
 24.96566436 51.15462861 57.94448232 49.12783128 19.13447059 12.93340099
 26.36614293 17.69727149 19.83222649  7.59770507 30.20164907 54.50509631
 33.80476913 55.28671837 15.10960318 39.11764233 45.81602656 11.82257203
 55.22586182 31.84807712 32.60737285 17.7173378  29.82352499  7.12781312
 29.31746237 35.79293677 35.79718716 11.57330433 52.62436555 23.46856616
 16.56835274 21.6670694  26.78608343 21.35834791 25.41612641 23.0670583
 13.2349973  11.93121589 14.00351779 56.37846956 38.09207826  8.23741341
 44.34058971 34.06894981 27.90215819 20.33707897 18.21863393 28.86188969
 14.86409713 40.11136866 33.36068858 37.57207079 14.06812466 31.14740524
 22.65804148 48.49902809 22.99958012 39.13957489 33.23420542 40.99656768
 21.73718555 43.5120649  52.44340652 34.31107621 27.62985677 31.11227569
 28.04023143 39.8981381  44.43086199 53.36470987 49.7591182  16.35914201
 46.54484311 51.0393193  26.51795177 24.64598031 44.52027744 13.35075621
 19.55525104 35.59756826 31.32303481 22.86470144 25.36812864 40.43019342
 34.64545429 24.95848773 19.77575313 28.6987572   7.40617444 12.80621081
 17.01739849]
5
[42.88056641 25.29359657 48.84932466 28.40605887 20.40447672 24.52994898
 26.8912563  28.76214399 27.00191359 12.29941667 26.19162899 26.83458446
 48.62456557 20.66275416 46.76351432 31.73169577 39.8375963  25.52992727
 34.09293071 19.56689465 35.12852367 26.14591021 13.21362331 31.34470023
 41.02193511 14.66197827 52.15560152 41.94293867 38.77150687 21.22830782
 15.19439723 36.8006534  15.76343111 19.99711513 20.3996335  42.341127
 12.55777407 12.63285875 12.31572234 22.10405526 39.89379858 53.4244414
 39.83936409 22.64647538 27.40111531 12.22844512 27.66221397  6.77584568
 17.5309095   7.42361689 20.09943022 15.38184895 10.59080915  8.51607808
 38.88908475 42.49331689 40.47741846 12.58623279 27.44449899 12.7477641
 32.69975417 50.71617484 30.38510028 39.77906342 16.48481428 24.76023506
 18.56499769 24.72211349 34.06927701 32.75932626  6.82876306  7.46485592
 50.1917339  45.74234814  5.96903514 45.5339642  29.92807613 11.8960214
 36.09683066 46.74856043 52.98911779 26.53794285 12.49857011 33.83738405
 38.86766014 20.13647167 38.97825108 34.93209583 28.36903966 23.85986718
 17.5856743  24.8054178  42.29837288 46.04984229 47.42893566 30.27425435
 34.79908444 29.36814346 11.26908064 22.52125115 30.57894799 32.10999498
 23.46532461 39.17210985 26.86352419 17.10008534 27.97039402  7.98667484
 16.10719375 28.65733827 49.11717134  5.87922327 26.72243246 14.92658757
 24.16567335 22.36775468 34.70062439 34.75384531 19.18836982 18.52337322
 18.12876525]
6
[28.33006589 15.09919343 49.67725102  9.84450698 23.51855769 19.075833
 41.27057226 15.17736972 26.42975966 19.52310928 20.08762555 19.51520148
 51.32332768 28.50167163 21.30486469 23.3548937   7.77189735 26.26425627
 18.22231704 37.91365063 15.08649358 22.1927659  24.6753103  29.29313246
 55.0977869  14.13845851 12.15944918 58.03446753 17.42898802 14.51918205
 29.70390479 19.66720664  7.43504092 45.07992805 28.72799019 46.57357725
 31.50892859 11.50613816 20.43292902 46.13782458 19.8486761  26.429369
 14.73936664 18.77390374 41.66004304  7.59482811 22.14258312 14.41896031
 37.7817415  42.45651389 16.10952554 17.63056393 26.80684    49.1702919
 25.27711677 23.63505771 28.98108317  7.7212822  29.43236518 23.72748577
 20.89310276 46.11334704 37.86608235 29.03612697 27.27890368 26.64476373
 20.57304004  5.92918429  9.57586938 58.24728087  5.53870255 14.02833446
 16.84199283 20.90387009 23.86966743  6.63199294 33.39123352 13.39462852
 36.84377991 35.24985955 19.44558814 35.55983618 35.75875197 21.66381198
 31.42322591 36.49204775 15.61395676 46.47075653 19.82217267 33.08850752
 20.80266013 43.28743934 23.4616771  19.33468399 45.24793147 59.47460074
 21.84470977 43.35880774 18.24072753 35.10093873 23.72786429 24.02985058
 26.43816833 16.37909172 15.13283422 14.70813408 11.06448261 53.22932068
 47.6346696  31.35187439 57.32844905 22.29326295 38.4018805  30.9490433
 21.25853008 16.30986207 40.42684699 56.79215756 11.60209143 21.78712872
 18.60109057]
7
[43.33459389 18.2268643  24.70482134 34.30947557 19.78879015 13.00456462
 40.28940264 12.84845045 35.96035807 28.26954062 16.31696252 34.82961882
  8.27740053 30.95961763 34.58905609 25.29043244 19.26579904 17.29350686
 43.12781411 49.13080812 27.34981569  5.82078257 11.02586107 26.26223934
 14.82061943 10.25515865 16.08900081 54.96508244 19.08028213 38.88389054
 36.08514306 23.29607082 16.87733229  6.03679885  9.05452493 53.23756688
 30.20541174 43.40111294 40.18509451 43.56725933 19.77731994 42.65716209
 24.92372256 24.33381362 52.50897779 11.51704578 33.8046907  29.40155697
 32.1807117  10.60506533 25.2634255  44.09987953 37.45971489 47.40949972
 24.50836366 29.02896002 52.3062486  14.09270174 21.55975139 12.61280391
 28.63629694 51.06845622 40.84916234 31.58922224 15.96462376 25.20793526
 10.70833047 16.78650363 19.40541217 36.27365241 12.25245769 29.90047839
 52.81465917 23.94944078 33.34488948 30.32996189 17.7950681  40.3943259
 23.89542368 27.98933834 14.78722281 39.56029958 13.75377307 35.95916907
 33.5153144  42.02574951 14.86887145 57.4153885  13.0090913  16.27759587
 41.78607166 38.75403908 36.8734825  21.70774581 22.79658083 46.67459916
  9.72965727 28.24597046 26.57251285 20.52835323 17.92086968 19.67540586
 28.64442335 32.49727506 38.61554121 20.280093   31.59515993  5.13511075
 44.9958451  15.09343978 15.44052841  9.49974628 36.35027705 32.45396867
 20.50513107 28.01207128 29.12417372 42.85925867 28.31465362 22.03386333
 14.12585151]
8
[59.58182831 22.11885935 43.87073983 21.68200108 32.56814655 35.30366926
 21.53868392 51.47147369 26.32338516 14.22826693  7.84720568 29.63404754
 22.45489648 12.82605079 49.38578944 42.24373011 13.85130199 18.51532547
 15.95933732 23.34344643 14.98720998  6.38362179 20.49238159 57.00927448
 16.55310919  9.92560945 17.72724025 29.50889496 17.0484957  33.70279275
 49.91296868 52.624264   31.3809147  22.48342118 13.42255728 40.23759535
 38.29765182 10.61200208 35.69896215 48.29875719 27.63381159 40.75903133
 30.44294944 25.76480245 20.74631292 23.04319248 34.84774287  9.56122517
 41.1786285  23.22382342 49.75948333 21.6033163  45.52841232 27.59191937
 33.35175692 29.77785733 38.66273846 35.55564767 55.32703358 22.93739192
 16.64934369 25.61506048  9.37462594 21.48175048 34.08956659 44.09494919
 11.0193301  20.0437545  43.23306199 44.95271277 34.0793278  50.89499575
 22.25553623 15.03426118 29.81490016 30.53889457 24.25928458 31.71911299
 31.94325633 37.95361335 35.67154406 23.18682477 37.58610416 48.27178982
 42.75871428 26.89468391 53.02902259 26.01326432 21.82123445 30.56850903
 35.10784994 13.44636148 25.97306914 20.79582443 21.27212062 21.42208762
 19.14156716 42.63165447 26.63090316 31.06790546 19.76022662 33.72252601
 37.24814064 45.65766887 47.73310219 16.23227284 30.05606485 50.69821102
 37.16484638 27.14830576 26.27722885 50.55262456 44.05672845  5.23493335
 37.79638719 39.5206685  15.71872474 53.83399497 18.24688257 59.36881835
 48.40272505]
9
[49.9396655  20.66303146 26.62754019 19.96969738 11.77202579 43.69070029
 26.67694458 55.58023372 53.48028959 41.76525631 20.7369513  25.79028172
 15.10277716 14.87495594 24.22066971 23.68711289 18.33787751 34.1637936
 31.04404898 40.29678253 14.48564977 17.26205065 11.35447958 33.86513449
 45.68692556 11.21757941 56.71843208 48.44802686 18.57034086 10.96812436
 42.64889642 39.63304874 37.85198079 55.11035114 28.54484045 19.26171783
 24.2753235  14.76051062 40.56915422 50.77360258  6.6125051  16.2025381
 16.03694479 41.49243403 24.73127347 29.54710197 22.24223045 45.06898075
 35.22507065 31.10838901 32.64308869 13.63753671 38.47036448 34.01776936
 29.13271296 31.89377903 46.51530078 24.60514899 22.95853027 14.26059586
 19.34775285 36.01246736 56.72392493 32.64018084 19.07509935 17.650355
  6.75590005  5.95359719 27.35479209 28.08464612  6.07556752 15.78769686
 14.34291315 31.60669105 14.24028567 11.476611   18.39301725 22.79142183
 11.92351952 11.13366122 27.47221544 26.10004325 16.31874992 40.7866401
 17.12894052 46.66212348 50.55564807 46.30486497  8.0384893  53.72260962
 16.30743391 24.85329613 28.65266827 59.08652394 26.90890326 35.90439818
 18.64096461 34.65806829  8.81051721 42.37769612 18.72669463 15.8443785
 28.1671081  35.74708959 28.46259288 50.78472306 26.88079363 35.53771449
 27.72225757 28.32132903 32.51807309 34.14624993 54.2306805   9.22573114
 36.52782893 39.52873771 19.60589417 53.06601233 16.53867602 17.54265098
  9.64971039]
10
[25.57077846 20.55525022 20.79889929 24.39013764 14.46051349 20.59450618
 15.35711174 47.10452016 51.20826667 15.01725667 26.36821912 35.38491984
 18.69175346 37.90882713 36.20447545 54.31802282  9.55699263 24.02578605
 43.17063357 21.67673179 37.80288961 12.70590391  6.74061629 17.72360175
 50.00687044 23.02502816 28.62667956 45.94585084 15.26521885  8.77854832
 19.1458229  27.47702335 32.96389782 41.47481328 32.36064002 35.39400523
 53.97507832 25.28073481 39.62150677 23.39896637  9.72957435 27.07474449
 52.8099584  39.15282249 19.8921663  40.96032006 32.11099524  6.09843484
 18.04227743 24.88560306  9.52661103  8.94593117 45.15638659 43.93890974
 21.60436969 30.2486167  50.2133895  12.36071312 30.18750754 10.97554455
 19.80887688 21.65796519 18.24810544 22.21534556 17.20020133 20.88328624
  9.07971633 27.25137164 37.54617179 57.45221449 21.65772925 28.22758259
 53.0291111  30.1612233  20.93718176 19.41605909 43.38111756 23.79506184
 30.47627165 52.34417012 14.91191998 13.96374703 18.50296285 41.00627298
 25.74161311 23.09430144 17.78231238 18.01248333 33.31302999 27.09537031
 17.56331982 20.98921195 41.80071009 37.53978616 27.92427829 29.53302835
 58.51001791 17.07917711 22.41424912 18.8511847  22.01480806 16.46639461
 25.18180496 34.53894994 20.90079057 41.12321468 23.9137607  12.85574729
 28.46414473  9.30164167 29.55267539 21.38397391 19.58809704 14.2201002
 56.72623503 42.76074156 28.22400053 35.91800272  7.08391458 27.51043439
 28.55964914]
11
[37.75216211 14.64819509 26.29338662 12.8892275   7.32358969 13.30314379
 14.42366861  9.34624516 48.09364911 47.59197438 31.92387726 27.00252856
 32.64100066 35.81160439 56.20399291 31.51036261 28.82108085 33.31949988
 14.6442617  25.41482432 40.08863303 30.51261318 13.82531579 48.81243551
 27.0720288  20.3948902  12.29163305 13.04724163 15.86926526 47.9321766
  7.06179003 11.03506335 36.76165377 40.10098713  8.44644075 31.36807046
 17.79918628 22.3152874  33.67219427 56.58205595 20.90897365 21.38813615
 19.39172877 34.13361171 54.25593036 29.34715956 32.411868    5.55207914
 19.45041244 36.47775219 14.56511182 43.46080516 17.31635015 25.34810286
 29.10238057 25.27197547 38.30049458  7.68200053 38.57743291 21.41647811
 26.6587705  53.17263512 45.60288471 39.54915635 47.9597857  18.03017213
 18.34790111 11.28138644 31.30658549 17.98173892  6.82194452 29.39146439
 12.15718569 25.00818172 27.85077008 11.85172149 41.03425701 11.47817541
 31.48330921 52.68444632 21.92124083 16.37417942 45.1778249  39.58278105
 18.03171598 47.06902337 24.70980084 34.96841704 32.12153126 29.76181656
 42.92596155 23.23171468 27.50075357 16.8349209  50.49474896 34.30712227
  8.20730247 21.79745356 13.4889909  39.78063452  9.63148844 30.21222792
 34.8994518  41.5254498  22.98549977 56.00478296 18.66743902  8.38746923
 11.38331723 32.45778723 12.69970592  6.38931804 18.95631183 37.58240712
 54.95669952 41.30559835 29.04937665 19.86222695  5.25460655 33.39385864
 58.45337958]
12
[19.01401963 11.00570918 13.60328357 15.53468682 12.74941635 19.01928739
 29.12979392 32.96837074 46.8462837  46.28486719 28.3791286  38.38886102
 31.18267836 23.68976755 21.61441802 30.01080604  7.59378224 17.6889673
 21.85314526 22.46947417 29.01319246  9.31785534 13.26812361 27.67041759
 13.09771503  7.07193558 10.54390695 59.6276401  20.3117715  19.89764725
 10.93943066 21.74503795 18.37980504 31.66386953 11.58338205 45.72510702
 33.09174584 15.6527652  26.57236643 39.12015609 18.72406737 23.95469327
 48.40236144 32.04776161 54.0198956  52.12260232 33.63119143 25.0050712
 57.57339775 13.37798208 50.34718503 57.84923243 47.03347825 23.468378
 23.29465234 22.29099816 40.74548849  6.84104827 58.80977814 38.81872723
 14.66325034 33.13085831 47.09128633 41.15557049 19.69887458 41.2280996
 26.32281474 12.28164495 20.3602477  57.75794511 10.28680116 20.36829829
 13.65013546 16.89381658 12.20809814 26.755401   10.77093821 20.04376844
 11.30854706 59.4012395  41.71413886 14.25454199 14.53849836 43.03108349
  5.57391648 17.41823963 38.25651744 59.44126934 20.86322712 16.1072909
  5.81932738 28.9679017  55.44068315 56.55892888 55.11405916 38.96095874
 36.06036277 29.55852053 28.7086962  35.74271388  9.48973796 17.43386926
 33.58123013 54.52880634 20.84982885 18.62533258 35.03773202 26.35311578
 29.03922978 24.13192345 31.76059841 11.96774269 40.79458347 11.87025897
 32.63409198 36.94286658 16.08622664 39.27528567  9.91232104  9.22426781
 32.24185068]
13
[48.53008263 22.73265161 26.53358694 36.8468729  26.35199838 18.46763116
 18.41165385  8.75693598 13.84893724  6.28011914 56.92907878 26.46155659
 15.75547781 17.09184948 30.03143026  5.89595987 23.38454693 35.59496495
 45.81550703 30.22569271 35.82329088 29.38935736 19.77146688 57.4392633
 47.05764388 37.8435174  30.40139162 36.07352374 42.16875337 42.04084187
 18.72433585 13.17001059 15.70853942 25.8133885  15.08360862 47.89536207
 20.11039605 11.63960608 16.83995167 11.07673453 27.03309314 41.28613219
 36.15547039 38.02194547 13.84646681 25.07181491 31.28794847 30.2065366
 47.35580749 17.3066021  29.27840016 49.31786987 59.10883031 29.88192114
 31.12306866 35.61538881 55.05725925 12.11650513 25.77104004 15.00316629
 18.98124472 20.50979579 30.10002907 25.4676705  13.77640236 22.43423052
 13.59569913  7.16428741 36.60751622 35.15526765 24.05419649 16.06445135
  8.7772316  50.82111825 31.16159464 24.71469686 14.88251465 16.56468321
 11.91592381 22.48727053  9.16361938 51.31992271 37.50976822 37.75084734
 40.42983016 47.31462023 29.28597431 45.78462819  5.94737611 25.29550403
 19.23338448 29.49617029  7.30774787 46.30763472 40.37636217 48.00347605
 34.26936665 53.24249174 17.45704529 50.40696648 10.20004609 40.5559599
 33.71619143 58.81143992 22.39389109 14.70142398 36.53276969 14.44994674
 25.00374994 28.9828593  52.29895953 13.1352642  30.97393147 34.28969704
 49.39643097 29.13672608 52.61865881 40.14134251 12.22879807  7.09094564
 11.22072088]
14
[34.10336856 27.44353681 24.04899958 41.75262142 35.85682323 17.76760109
 18.80351852  6.59259913 22.00636478 26.59585693 15.5966704  54.51077846
 31.25753922 31.97174991  9.19009939 17.76326399 10.22139905  7.72944398
 15.62551333 13.91053416 19.93706496 23.1080938  17.35264884 47.84910849
 37.58685961 25.15685349 43.93338332 48.09902611 26.23910593 15.8213835
 14.91557225 35.4079636   9.97947782 29.37743801 46.0964852  17.01317882
 49.20236466 16.62133115 22.03199944 17.70631557 53.39270064 24.71101864
 54.84015108 43.24281671 32.84810242 25.42124366 22.55545563 18.53178989
 39.94764818 21.24634993 23.43846047 26.33167199 29.13566093 27.83319882
 46.41248431 32.77950209 59.72497563 12.73733654 36.59003557 12.97175867
 27.93789801 48.96323368 19.85135447 25.91298575 18.2216694  45.19554169
 13.85019566 12.20107749 33.8177274  30.31590302 20.96007163 23.81808447
 20.93973972 40.06957487 15.94490723 18.31425772 36.01940834 10.37099107
 14.43204969 22.01726747 29.93412564 25.92526023  9.53460202 16.47563486
 34.69537458 20.02484475 28.01839639 49.05502965 41.53645692 56.47307241
 38.16663637 37.05467923 26.52627761 13.18325049 16.25433248 39.1790441
 19.14214396 33.6873592  12.929064   37.17715439 37.07327791 28.46224082
 30.92484191 30.19327855 18.90810646 41.89348089 43.76452157 32.49994295
 28.10710679  6.93965042 47.94870331 52.58173494 50.47327778 40.90816616
 49.10898701 29.55163078 37.45766888 55.00286423  7.54059922 18.42323225
 27.99550574]
15
[26.09647702 25.45660355 38.57284537 12.25853715 28.67880744 26.360374
 23.69881069 14.22128523 39.63577347 12.03195529 14.35836069 16.93005354
 26.49284543 28.87705864 18.21657763 46.54318411 11.6442595  25.23318181
 29.501231   25.43683122 48.77005955  7.04880657 15.27222847 49.41790717
 25.67839761 30.94850399 20.70447777 29.32335699 38.48151465 36.0034316
 24.26588078 43.02020309 52.77397622 46.8744109   8.95913183 26.24548972
 44.76112704 53.8751177  16.47236026 20.98445734 18.49676799 35.35546172
 53.47483966 36.17567793 34.59629407 12.51499155 35.25805632 24.1276079
 23.75684904 34.82976483 40.18813705 17.32329035 45.29652824 35.17212508
 16.36409738 37.43429733 58.1369995  22.75049588 22.69580715 11.0770089
 21.13709387 41.56259682 17.33903981 33.09017834 47.16731555 23.20834448
 12.0124773  30.97083446 15.71500701 22.48986572  8.00949188 49.40617857
 20.19613924 12.99297327 11.97889215  9.83033009 16.78969713 30.70940882
 39.2159198  37.08097702 15.01365356 30.3210943   7.82592264 11.43716298
 15.74333153 11.17017684 55.43098234 22.37143021 58.46192981 44.78125733
 16.44612255 16.71878414 28.21792028 16.60859022 48.83211052  5.52325091
  6.54845273 15.23134344 39.90250308 15.84074748 23.2844126  18.89230102
 37.72439546 47.91798362 15.81244025 19.06679973 41.39759562 31.92359399
 30.63184861 26.3575427  34.29213026 50.76271267 29.04507006 35.17438456
 41.80730808 41.27953774  9.05003368 58.26476271 25.28536487 31.67468898
 40.3056568 ]
16
[43.34956532 26.35721319 53.68697189 22.96584671 30.76600469  6.05377254
 15.76082829 19.23732131 34.52454233 21.6526007  55.06579684  9.87555304
 15.74318503 35.8894519  48.92537751 27.65751556 18.46121488 59.47343523
  9.87597899 25.19601357 56.40172835 31.50297374 16.09098421 59.95001871
 54.84679631  6.37388762 43.02123846 45.61431217 36.14160238 26.18530671
 32.97535958 38.44418073  6.1292098  12.20856987 10.46051179 41.9772908
 20.80880423 51.14801958 32.78831715 53.01179385 34.54733546 21.01483384
 54.58781985 38.24490686 11.98953366 34.75953048 52.46009807  6.81207156
 34.87791395 11.53601333 19.7378301  16.50204557 40.89787847 14.87235524
 26.28620639 27.81963288 43.2117756   7.42260042 53.74907779 18.17418581
 23.60103084 37.79394848 12.32060712 29.1766846  40.71128591 30.37973466
 11.16302357 25.06445865 25.52074289 33.17231567  9.04331132 15.42178817
 30.88604141 25.16092647 16.69488345 12.72720073 24.16499693  8.26163988
 30.18846716 40.75224384 42.8442328  16.94457819 32.06675541 31.78154242
 34.15372639 38.79384119 31.44805635 28.66604357 32.95708188 24.32517004
 42.2550873   6.82628636 22.25716583 22.05227441 22.5533709  23.31640518
 22.17794416 21.72598519 35.95247691 19.81793942 22.69021842 34.8990743
 16.45408049 35.21194634 12.95743342 39.4313024  17.22856031 25.01462034
  7.75728246 43.65131329 35.41720502 33.26010712 19.50818826 41.42005217
 26.87614757 50.90145616 30.98643179 38.01756073 13.37594378 50.51475718
 14.96661759]
17
[37.56298218 24.94487859 12.77926053 39.97360798 27.3787154  18.25324519
 40.39032635 22.92720845 26.5770862  30.51198307 18.68896036 45.16347658
 11.25804594 22.80677073 37.54792021 13.16973082 10.29330817  8.40262646
 10.69335711 39.29475061 46.2323192  19.71357806 26.19326819 46.17655665
 15.25496919  7.17095375 27.06948058 46.27946717 26.22931758 15.74059969
 32.33477458 29.63352065 20.82227035 34.38300298 11.17405157 18.16663897
 20.69937366 58.29148444 22.85483704  6.00316701 10.30233403  9.69038827
 25.88681688 30.83716493  6.7604343  19.34409223 21.47414879 12.10316051
 28.57807958 42.9358756  13.01194193 11.03799285 20.84472668 22.4998906
 27.80904296 47.85940382 46.50888855 13.6946897  17.76808946 14.244232
 27.51355312 43.40235335 45.87875818 38.89177701 25.89730267 39.06034664
 18.14129917 12.79985505 17.81186483 38.85072775 11.61720141  5.49348947
  8.10903715 35.16746116 43.11181467 20.02232429 21.49929358  9.95270129
 36.26567082  8.79181292 44.49381174 25.7050954  19.40967881 17.86612898
 41.24739197 27.01704683 14.65051698 55.17349622 55.44121114 31.19382166
 55.57194701 34.43880486 48.37929516 39.54841283 42.10856358 29.44860459
 31.0156135  54.45801047 22.74248915  7.25017556  7.34094943 40.45224393
 20.70583722 56.84263179 27.61909492 21.25645692 13.91870896 15.34587569
 49.8756477  37.54755219 13.00944723 24.34864182 24.60372567 32.54236188
 42.54555066 23.60021953 43.44271121 42.51196413 16.8849719  53.08957889
 16.6688125 ]
18
[28.52187763 14.41763708 12.42478386 13.16336912 24.92948163 42.34041541
 27.29042802 16.80451806 44.8103822  25.4241078  11.73614331 29.26260336
 15.18893734 19.59731101 28.50773023 24.57217101 25.59758225 19.10373128
 15.33380317 34.38673023 47.82685022 17.08094912 17.36389036 52.41617013
 39.56380446 47.87954085 50.07399045 14.40461578 22.79501496 32.77038453
  6.72849798 28.36553523 48.80495186 56.64828374 23.44923857 43.35660144
 25.19922692  8.2355599  26.74637561 41.24926924 12.02249221 26.18501927
 15.64301709 16.95357761 28.77792446 42.5525219  25.38853776 55.77470813
 40.8369273  57.89799322 20.81038987 44.83923656 23.0062118  25.18434874
 26.65925559 23.05575361 27.08925235  8.74757452 34.86377508 18.18808907
 22.25039092 30.47046363 28.16792101 37.32169027 36.51013275 48.65494175
  5.75023989 24.42495496 18.99773078 21.90181488  9.33762864 29.40972912
  6.82634976 46.2564153  24.34764588 53.18479496 16.92693451 14.25091587
  8.11707774 39.25451739 27.9103928  15.76965371 33.24029511 23.36956242
 24.74922164 11.37432609 38.48928329 54.11038394 22.06237166 17.96240946
 25.73202597 48.51156611 34.10758185 36.85496276 17.32463212 53.81179892
 22.44558552 25.61118029 39.72783024 25.33133978  6.73395898 37.8415255
 35.65925339 29.83005626 31.09279327 24.00706228 31.04402025 18.06818077
 24.30554222 26.62349817 25.23596307 17.21546069  8.43111597 38.18408015
 25.41049257 45.84215781 35.15181438 31.98865969 13.54469626 22.57530381
 19.8253087 ]
19
[56.92889622 35.96436932 33.09889581 24.84977403 38.29418279 12.6717414
 21.96379644 16.70348568 41.12330898 34.85033979 34.79326533 12.57825
 35.17911806 30.32669408 13.40520179 24.95954546 22.55580469 11.45641
 53.8837099  30.42590658 59.34365673 18.03782129 14.73200212 48.39267315
 14.10171446 14.86232371 24.2829111  39.80136371 20.84566454 53.75400861
 17.68356326 59.21378729 49.22514816 20.77034893 55.3932524  18.0112354
 27.08791439 11.78074236 10.86118967 24.14617798 19.96093852 39.49998065
 31.86872    37.27472992 12.69100036 28.69706788 27.51681764 13.49464044
 37.84796831 27.19582022 17.37418796 16.61477388 41.62948309 26.2472903
 22.95674802 21.63282183 52.74342068 20.46254784 39.8355729  30.06870016
 16.66693086 25.90653213 38.84544037 25.6337683  25.23160741 36.48195339
 11.91915186  8.6447502  28.53813799 31.21873354 28.68824552 16.07311466
 28.24911486 29.46170769 19.02499401 24.47686802 19.45966264 20.39097665
 12.49600288 35.89217116 21.50250159 23.12842402 33.59511838 32.6857685
 22.41025831 26.2921254  42.58964597 37.15206641 11.64257465 27.17776407
 56.80668551 56.27171509 37.35848978 33.94237113 50.6671606  14.90267928
 31.5416205  35.94896244 13.89456452 34.63667654 33.48717887 30.51894658
 49.41772033 42.76930328 30.11732705 48.69573793 37.9377282  21.17516341
 35.18100952 39.05422034 58.80629205 21.07369919 45.99251488 13.60560176
 50.98757183 13.45380388 45.31216826 35.27952875 16.46053148 27.28409179
 23.92625691]
20
[23.06423551 15.17377115 39.55883355 38.98682677 48.84044603 31.68471405
 21.61243713 16.96316008 32.25285362 16.24001356 31.09497203 25.09588206
 22.19591239 52.93861253 33.21839498 36.30778484 24.76429629 46.7538717
 10.22927806 17.20333001 25.69618404 23.0132228  14.89042915 35.31661817
 16.46399161 17.21772893  7.19746974  8.79729398 30.59190259 48.68280204
  9.19193501  7.8114228  42.77827297 27.46291832 35.07468605 16.27910689
 10.07580007 15.94279408 43.67334778 16.24062675 28.84560168 26.83718566
 31.67678186 40.57796136 37.20549133 37.01773006 54.23254171 11.9734836
 11.19979706 49.38246395 26.72884528 36.88796791 48.28298484 24.72006282
 28.50859153 36.13503648 59.42872961 13.64207716 49.30079978 24.03711518
 26.24055936 53.27770833 27.41511927 11.03628251 16.67916263 37.0144155
 17.20106266 30.69473892 34.47495324 15.68631665  6.44944509 42.82315051
 22.57607647 17.71751764 13.2966853  37.51554261 12.84895121 38.20219864
  7.42017036 19.99984273  5.90010681 16.75381392 36.41858168 26.59213039
 23.94489074 23.171721   43.13233163 19.44302195 11.71821476 20.77796107
 16.04900192 17.34293113 24.64767027 11.457793   25.0057737  37.79079553
 22.51307605 26.9561396  24.46701695 22.11411322 25.74939207 45.86826083
 40.06100523 16.67538132 16.08743722 24.51389783 21.91808033 20.35523948
 28.08274972 19.29309704 55.86414093 31.77865385  9.40216295 50.61315584
 24.81059385 10.59675803 34.82895349 56.45210205 16.47725465 40.23601916
 47.13174852]
21
[35.43702641 20.48360687 30.4919303  22.10260306 33.37264901 15.53134362
  9.81010833 13.03811086 37.70000518 10.12373802 20.45880085 27.46435681
 56.10214033 26.09418475 38.10707316 18.6886529  11.20959458 19.43305963
 39.76820914 28.92491797 22.43268378 18.38857184 17.46566714 48.82065019
 15.94405855 26.69769338  8.44552038 17.58115001 12.13262796 23.12177708
 20.87890528 25.94528347 24.01576236 40.07808665 28.14796703 23.19911599
 22.49360496 31.142602   57.7259409  48.47838964 10.18229553 34.83596986
 31.13700466 31.10687297  7.47647491 28.11386692 32.97555262 26.4515953
 34.64698903 16.12970536 10.81516011 43.01604406 38.79343902 26.83667386
 27.62527453 40.60354034 56.61057208  5.13978675 35.47557907 21.91889995
 29.36026974 28.59642914 15.87789515 23.90524229 40.38483173 39.28750889
 25.66531709 49.6880294  29.20753226 34.7157745  18.63024782 15.33712039
 18.43442725 25.19201565 33.20478615 19.00128258 29.68880835 11.80645133
 11.48603044 50.65620759 29.31470112 35.46368637 30.49157689 51.83250012
 22.39643904 16.16639086 31.49972258 29.95167785 10.74480714 37.88724551
 27.3807442  24.11735842 26.98479943 17.1165261  28.71099214 35.85679967
 20.47553599 53.85904579 11.50006463 43.91916641 25.9071087  40.65802235
 42.70677024 19.47374215 28.47176985 16.7619376  20.61856725 21.20155149
 23.26168342 16.57730468 54.57462395 46.76551103 18.89378122 12.45355696
 53.01455108 32.40176644 17.32262238 35.51520375 13.63860615 30.03803891
  7.07337452]
22
[53.32412182 37.78965217 42.90610749 17.63566964 47.90496737 17.94210807
 49.34974613  8.80314077 39.31620483 18.86061214 57.61904255  5.29907964
 12.84057628 32.5090628  39.8927424  34.49705424 13.70008921 33.04554993
 19.2584271  23.12268372 31.16535766  7.51698062 15.31325803 52.08938201
 17.43694117 24.7304638  38.21435155 19.75595307 12.61378487 17.43248418
 52.62827659 16.46271375 10.33604428 54.52455771 11.03087735 23.13933686
 29.97378609 42.8853884  25.61900796 36.11495441 49.35435301 45.69574924
 50.00382931 47.6185898  11.13890838 23.14401903 18.33586009 29.2437293
 20.87680373 58.49191275 49.96697306  9.80246119 25.91423991 19.73065338
 42.80663184 43.03581915 53.50499279 24.49065088 57.39863825 26.21141692
 25.30058259 36.36871934 28.69692392 20.59080231 38.37977054 28.6367163
 11.43542125 23.78153429 33.66917339 31.27628211 39.20350011 19.44217707
 30.12434414 36.82972882 11.34012477 14.90269349 42.66660564 24.48163361
 16.12531752 12.52016456 14.95605586 16.20387584 33.84359266 14.81138102
  6.39632323 19.29163962 12.40246872 58.89543958 29.63344615 13.33217216
 44.36319493 51.60690494 24.55086871 32.14303108 16.56772907 27.93901222
 38.61483313 34.52904224 54.4630634  35.11547412 15.83164295 16.57564616
 49.56007314 29.36711737 38.3679099  29.18571385 16.06899948  7.33333827
  7.15285856 40.77550196 24.84609639 53.70475106 44.20079341 59.7806055
 40.86425457  5.53729551  9.80001522 42.29234619 35.12869832  7.79472496
 37.21362487]
23
[41.44627    31.92327783 19.30339326 14.9027354  23.40492819 13.67057447
 16.71396198 20.16303355 40.26190719 17.78555041 17.45525361 46.51932724
 18.74300993 48.94717853 38.88292841  9.03138953 12.9532417  16.83620914
 44.55956912 17.98320758 31.01449993 20.50475727  7.34255935 20.3992286
 26.79005254 14.26189848 27.19752216 50.82291879 44.31054717 35.09779924
 19.22071286 21.83959082 10.09760649 10.29290876  7.47438644 32.69623358
 48.28300419 36.15396151 21.08553034 17.41865921 26.31238794 48.36044635
 55.63535935 51.78731707 23.61788391 23.83718053  9.74269025 41.19898714
 25.82110131 15.76485295 37.61137488  5.14160632 38.62742789 22.08001532
 20.22460208 25.69740276 28.77214386 19.60282612 28.46991208 14.5090313
 18.50275558 32.15636545 38.98226886 22.02780537 29.2022838  12.77663943
 10.82902234 51.90549342 44.39985754 32.74899798 25.23533903 29.39244472
 36.78525779 23.97878404  9.09015364 33.59862366 21.07217578 11.53139328
 35.67057811 49.57636513 11.14667908 28.17667159 34.77793714 20.01938354
 41.360885   54.18341762 36.10354685 33.53169361 26.95509059 22.79564486
 35.44030883 27.52773042 41.76415533 37.04800401 29.67521277 22.96376374
 36.54929925 42.90534549 36.31107018  7.18570461  9.65285496 32.35706268
 20.88286934 25.84541124 28.01033491 59.90911092 14.31504103 30.28852121
 14.84414089 12.34846701 26.23809552  6.49468503  7.67876791 44.8690036
 27.04823667 20.12521352 38.43337102 37.89075217  9.78090197 40.93654569
 13.16138646]
24
[33.49071982 31.11089269 48.90446346 30.65271077 33.70723111 59.2634195
 24.75028179 19.00211785 23.38055797 16.70086441 22.46292158 22.84023123
 31.62543751 18.53764936 14.59572701 18.90564837 15.94468311 52.22673832
 12.52683495 22.71322132 37.60084467 34.7032139  18.87950747 33.02986599
 41.22626277 42.53367927 35.69937347 19.49589577 18.00253235 24.54840045
  8.24188557 25.5847257  22.98935073 34.93240321 27.56346074 25.1158163
 52.91685523 27.29758578 48.51075126 21.18835038 12.89628727 54.6776628
 17.88333309 23.04229882 28.95717973 28.9285497  29.40971454 46.66393122
  9.18522025 19.76275602 10.13299949 22.53271857 17.19856108 20.70179541
 36.55292265 26.21567391 55.57367969 12.01144057 19.5539037  10.00570114
 30.09853882 44.92253943 13.65926082 25.40280625 13.94803251 27.09540575
  9.41373535 43.67748463 50.1513255  51.11665365 10.77878438 36.4975784
 18.61352697 42.50232431 10.49096308 30.73622761 18.51303995 13.55221732
 27.59926526 35.9395755  35.2275335  41.25651296 17.90030173 14.89640096
 46.84977285  5.83449086 20.43540056 45.79461814 26.44277212 27.69679483
 15.25807094  9.68622334 35.45386181 17.57011547 21.77163317 28.39501382
 54.66953347 43.45950529 31.13803254 59.4172806  16.74723357 15.48983028
 22.22909073 37.27969569  5.54258325 27.66883987 13.42910405 12.60752301
 14.4258978  35.18584636 30.68494264 35.05849222 20.76935535 17.19406744
 33.85265529 33.7060569  21.21145515 31.67566645  6.95409015 38.00321851
 57.55377847]
25
[51.4070559  25.78612508 33.58236137 10.90276376 54.7275892  33.45842477
 44.61633184 20.60282462 42.94675808 35.91854082 41.34806979 48.80649545
 33.04341162 42.37243162 27.46955769 33.73894357 31.00594248 42.93950469
  8.12623995 35.2215229   7.15279555  9.11892056 19.09594283 40.29461869
 10.09755882 14.58348197 15.94795713 12.87101344 15.67126377 15.66105704
  5.90187172 46.81928377 26.31610837 58.62520654 38.19401323 32.93551808
 32.0275805  53.48786251 56.62880213 36.88099901 42.938668   42.90233615
 31.3862591  18.21407293 24.92741751 21.59831435 34.16430777 21.97175972
 53.25763371 15.70932899 14.9515409  21.52774215 17.00084685 24.13778295
 35.8411615  23.91000685 56.05022292  5.39085336 38.36792291 25.50825395
 21.24892231 38.96966615 40.73983223 30.17239398 24.11255641 24.15202114
 14.11646586 27.25333133 47.27371088 26.45778    15.04384729 28.15976169
 18.22036636 30.79496279  5.16809691 47.58976342  7.28850341 28.73869054
 33.04030155 27.72310614 27.57220576 25.58916843 55.35853215 37.24921035
 13.85204173 29.40190381 26.02081472 13.50805281 29.65669012 30.08553951
 31.95729182 12.95549925 56.33543515 24.92493277 39.71859073 19.51404004
 17.81267833 56.39187661 27.6893497   5.3340295  27.19795336 15.39463812
 49.7335167  39.72545812 20.44010701 20.35450576 10.76867426 19.27268684
 44.12989135 51.86042255 36.7802765  27.21415563  5.07292001 16.21440352
 47.08765663 13.31874415 28.34381021 40.77923509  8.79298443 26.8323153
 14.00895167]
26
[56.00829601 27.50311838 39.35924752 38.33128391 29.37190774 38.49367105
 33.74673789 32.65861192 28.10521166 20.1846774  35.23530837 39.92671903
 20.52751599 35.94083503 50.6591654   7.9965926  10.63830489 22.93365181
 31.85563089 30.20209647 30.9069101  13.81891241 13.00445825 25.65560275
 13.606107    9.37020566 27.32981107 10.53991584 44.070823   26.79474483
  6.16104643 22.14720406 33.69399369 24.69718146 18.68597863 35.92030632
 38.67780712 52.90285214 23.46618036 29.37442517 28.47984173 37.1430938
 35.16120673 34.66620028 51.06345988 58.70082962 16.14318134 27.50600871
 13.76075309 22.95014739 49.10111069 26.41715286 59.56657399 31.12659813
 25.46804378 31.42691154 58.84178934 14.89042212 52.24447691 26.37521995
 12.69302123 17.16214783 17.03528815 28.15855772 48.43388207 41.00197058
 22.11828357 15.57761448 48.16461089 56.24807023 10.32305506 42.93621653
 32.99418446  8.350102   15.48345207 11.82104456 33.72901448 16.43608149
 18.18131134 41.28402237 18.12508769 37.30982815 39.3343596  44.70386648
 48.84834914  6.2896842  41.34498179 46.55479502 19.3003336  28.99574627
 23.73927136 16.31292043 45.99845497 46.14281464 31.9912649  34.47400758
 25.7134128  44.12705042 31.32639707 23.87774074 24.3681114  20.36207311
 14.70540635 30.5411469  25.359127   13.94122229 41.6049328  18.44599673
 19.02116255 32.52211129 39.92288798 30.09498697 26.67718775 43.56458204
 19.15755439  6.45148247 39.41850993 50.71392548  8.78616113 20.13331955
 23.30672784]
27
[40.81802566 25.56308304  6.33109734 10.72698829 39.60667687  9.01255366
 47.94747221 28.12209585 36.88617186 19.14092889 25.26217201 21.12518885
 18.22109539 17.48241548 14.03238094 17.14836776 11.8104982  19.53289718
 17.76919471 16.10054041 42.93517459 25.33176426 18.09769662 36.07196474
  5.86906672 16.61255112  6.08610034 39.59641009 12.99777014  9.68488783
 22.52928608 10.34841731 14.30567323 34.37716423 22.35725897 27.85493096
 45.9319486   7.64248191 14.77986537 43.69346238 24.63099861 12.1534203
 15.77509281 23.49577429  6.6000227  41.41403642 25.43278289 19.48790544
 47.80909721 23.47736879 54.15305448 25.52488822 38.88030647 27.10886098
 28.09860993 37.54627807 44.89816401  5.39712962 36.13504206 18.56352742
 37.01447472 43.81926843 10.56209161 15.78949907 16.86045865 30.68781432
 15.5968097  12.86098541 50.70651947 59.62369122 31.34021043 28.67372717
 33.85016614 18.6698878  14.86383394 24.6577578  16.37599356 22.52941792
  8.79118613 32.21156105 35.83477608  7.51950407 36.33394118 26.04769237
 25.34039032 57.07662416 15.45832531 40.89789803 22.87630322 38.7726472
 17.08345187 34.40450353 52.62625475 10.64002789 12.65359179 34.63474607
 10.0560446  45.02843525 55.30788444 46.10981482 20.42931947 50.94398011
 36.49234218 41.5859768  23.86012173 16.10869755 16.71593129 23.6974682
 15.74166328 22.72272519 23.80277925 11.08610404 37.04563275 33.6568404
 24.97805937 13.74238251 43.20903441 22.43488074 10.60086318 21.52689188
 19.37007308]
28
[51.69544343 19.07229187 21.16686312 20.12576233 11.14068504 12.62992177
 34.77662065 44.0633845  36.47216599 15.22287281 11.75075662 45.11183896
 38.3700695  26.29008639 24.12095087 26.00694146 16.21940836 18.59586252
 56.6879804  33.54767226 12.66696488 15.29325142  8.4218359  44.42794435
 15.70092812 39.91670103 35.79822129 17.28648996 19.48587697 11.29819094
 15.78901422 37.50708733 41.90731132 26.2221989  43.97628372 45.08539194
 20.19188623 12.01042853 27.29751592 30.12572139 28.42981969 54.61380225
 22.70171206 40.89298086 20.83116076 31.44712425 18.90009451  6.20597831
 52.80271938 55.43542813 46.41783384 27.29925244 36.65060223 30.28349199
 28.95294767 28.44221087 50.27118474 17.9907205  39.91484625 12.00550052
 30.08903287 44.6891987  55.62338499 26.26259532 33.02466845 24.66175405
 10.30438483 27.27400746 45.89123028 34.57205381  8.3469584  43.44367592
 13.99646489 39.1499659  17.55923011 27.13395323 21.91425501 18.43939348
 13.88713032 31.19849747 19.50508036  5.65342695 15.70511717 36.76741839
 23.82099885 29.40493163 28.04009214 26.33589095  8.41029558 17.5224967
 22.81066829 41.08691718 31.76489368 49.72811779 13.9088311  46.74465582
  9.54201858 33.75365566 17.50998074 28.19661675 11.05387906 26.45803041
 47.22206327 19.35750088 10.4197478  15.2996766  31.00139888 30.96054719
 24.61232049 32.96834711 28.43380689 16.18727524 26.54181858 46.3826149
 59.60593763 41.24446556 10.93320152 29.04607297  9.59059387 11.80696478
 38.02809079]
29
[56.98248325 32.5879982  21.78693557 24.80530824 39.20386543 24.20807191
 33.61404209 11.25200743 28.49855454 16.78257702 46.27165784 42.45139433
 35.87082199 15.436906   41.09673344 15.67119315 25.05630461 29.87202375
 25.30097995 29.14244848 59.80463438 38.85062433 13.04471413 27.26932775
 40.7807468  16.44319108 40.46674543 13.00971487 33.82483107 44.3289621
 42.83324212 33.61319753 36.89354236 20.34911913 41.85688411 29.55245373
 28.50783623 47.99692638 17.69624872 10.59826645 23.92561972 51.83114899
 25.04252808 12.93975055 23.70123392 31.80451899 47.5319213  26.91452419
 39.84082415 25.75112916 54.10976705 18.97663434 33.41745607 43.00186539
 34.29732689 28.88487556 56.9411543  18.99391439 30.02738819 15.11798294
 15.0184466  34.32627029 15.74360769 20.37253234 17.4756548  21.45527369
  5.02471887 17.55348283 30.04438251 41.17332555 11.96666581 31.36040429
 11.15312179 56.18322957 34.58449597 19.58600941 29.71108748 16.20543608
 55.33833172 29.24141101 50.91060139 42.90503577 15.47309075 27.0895208
 24.2476862   9.27424456 32.26195544 31.64784575 27.2893504  53.62488298
 41.45392201 37.47450718 40.48944336 28.41220099 41.57724462 28.56435121
 33.14957867 37.56478761 54.53982383 17.83113786 56.93710412 25.00698342
 31.5575617  44.65403054 33.55843624 23.65456058 29.53037732 22.74333759
 59.52798984 11.2582749  47.55496557 46.58910864 19.44923969 38.6525544
 57.26593695 24.26164949 21.76297516 52.70112329 19.10811866 33.24731635
 35.36848457]
