[25.57077846 20.55525022 20.79889929 24.39013764 14.46051349 20.59450618
 15.35711174 47.10452016 51.20826667 15.01725667 26.36821912 35.38491984
 18.69175346 37.90882713 36.20447545 54.31802282  9.55699263 24.02578605
 43.17063357 21.67673179 37.80288961 12.70590391  6.74061629 17.72360175
 50.00687044 23.02502816 28.62667956 45.94585084 15.26521885  8.77854832
 19.1458229  27.47702335 32.96389782 41.47481328 32.36064002 35.39400523
 53.97507832 25.28073481 39.62150677 23.39896637  9.72957435 27.07474449
 52.8099584  39.15282249 19.8921663  40.96032006 32.11099524  6.09843484
 18.04227743 24.88560306  9.52661103  8.94593117 45.15638659 43.93890974
 21.60436969 30.2486167  50.2133895  12.36071312 30.18750754 10.97554455
 19.80887688 21.65796519 18.24810544 22.21534556 17.20020133 20.88328624
  9.07971633 27.25137164 37.54617179 57.45221449 21.65772925 28.22758259
 53.0291111  30.1612233  20.93718176 19.41605909 43.38111756 23.79506184
 30.47627165 52.34417012 14.91191998 13.96374703 18.50296285 41.00627298
 25.74161311 23.09430144 17.78231238 18.01248333 33.31302999 27.09537031
 17.56331982 20.98921195 41.80071009 37.53978616 27.92427829 29.53302835
 58.51001791 17.07917711 22.41424912 18.8511847  22.01480806 16.46639461
 25.18180496 34.53894994 20.90079057 41.12321468 23.9137607  12.85574729
 28.46414473  9.30164167 29.55267539 21.38397391 19.58809704 14.2201002
 56.72623503 42.76074156 28.22400053 35.91800272  7.08391458 27.51043439
 28.55964914]