[25.06479099 10.33253156 21.20775712 37.91382017 17.51792571 25.06632691
 23.8063181  11.05833618  9.05663596  6.65331624 28.04988083 36.99530068
  9.53323461 16.34315414 20.34982592  6.07970072 21.78040293  9.88300359
 19.74556084 19.61679748 23.59810567 21.46388736  6.79910106  6.71589817
 13.01065222  6.19354371 16.28162181 37.06999727 12.38518664 17.92072993
  8.59008416 10.84417258  9.21856131  8.39618637 26.00267932 25.62982804
 23.91744747 26.78832891  9.21728763 22.58661278 33.77772495 14.13031219
  9.77004384 12.90480729 24.16897452 15.32403956  6.86180213 15.21434231
 41.15941329 23.19350573 25.62579819 36.9450946  19.67821333 18.26056038
 12.167134   12.63834112  8.3344357  11.01500622  7.49609092 11.78131577
  9.71578159 13.42371839 19.29167635 29.77185617 28.37500364 46.93764747
 18.18014771 15.15457406 20.89073513 19.11719101 47.49488405 35.63699336
 16.09547569 19.89605982]