[42.71628885 30.24193948 14.37509897 17.70387204 22.60798762 45.17580041
 15.5109261  16.13240392 25.21824477 28.32811513 27.9776082  28.10043178
 57.67820918 31.91547344 19.11707399  9.80893173 12.86771221 40.50158575
 11.17822812 43.44865888 14.9047597   8.69029069  5.1427483  34.99432813
 38.39819346 10.80802079 46.17873604 54.57635831 48.16955476 22.94260736
 40.51298156 42.90416457 18.17114903 33.21655508 28.39390931 57.36335405
 12.84230927 48.86409569 51.70300943 28.96733539 46.4988168  16.10371978
 37.94843559 26.81518806 28.00777718 10.77262062 20.79369695 36.0643952
 28.20697524 21.35156798 25.5371523  46.37098384 25.55046701 47.95761763
 14.95929389 15.62602489 40.0298896  24.83989034 58.35788027 31.021952
 54.06983552 21.85424223 31.63696957 54.57909414 43.45542329 12.14512472
  8.68700915 47.55171394 45.31212286 14.63458104 22.89590313 49.90431758
 43.96849503 15.57088616]