[34.66247791 36.93005451 41.66257516 47.24238242 50.23701674 28.17504951
 54.98001701 49.35055796 48.96298699 53.13489574 50.7383873  36.5723555
 52.60838415 52.95232877 51.3070012  52.31837514 41.4329349  55.05974772
 54.69044547 37.23253022 25.00826883 51.8673464  29.55188263 45.44749634
 49.46298695 54.22951953 50.337087   38.41624569 43.7654164  51.44819238
 55.29032058 51.18003418 46.52443346 46.91397575 53.57976454 55.48955346
 53.25964705 53.6230152  25.17986704 45.74917075 40.8461017  42.80901694
 38.47863217 36.52538986 53.13967441 56.09864495 49.55348891 51.65344088
 51.340998   54.02755185 43.41050846 56.83648434 56.90528786 42.70140652
 47.370012   37.77114898 57.08229501 53.82405293 53.52637798 36.40899045
 50.47839949 52.89113649 51.01262029 55.26339259 55.94538431 51.22342995
 52.72089734 52.59106674 49.36641349 52.69155994 53.24923812 53.25612848
 43.26863602 50.15289551 16.63711562 48.62863493 43.02573934 52.73300579
 52.60569496 31.65432532 47.81643072 46.78951768 24.14949137 29.54679556
 56.57867238 47.44234214 38.56991138 57.30729143 41.28671929 54.64691452
 35.85462889 45.74485224 56.58891386 46.62447952 48.46324721 26.22978763
 37.6762162  46.89814465 54.34868069 50.6281367  49.70946083 19.58226022
 50.99033588 45.17893852 54.59354127 36.77622376 46.85103641 46.52295054
 37.10997535 51.76671362 25.40121318 10.21965675 49.43314176 26.44071519
 39.30445404 48.05392823 35.38331724 56.85126536 18.81229444 52.48680583
 53.65027635 33.69402135 35.50521896 46.41023492 44.5124833  43.86142128
 40.9886924  51.71242832 41.97740787 47.34217885 10.83185067 45.28625328
 55.89736434 33.56429877 47.64137622 27.79467032 38.54854924 40.88798096
 57.0580641  53.52826054 47.68432009 39.66196009 36.38880905 34.54226976
 51.94294819 46.00366602 55.69970554 49.27380411 33.87642991 53.5304736
 56.31279341 33.35548351 51.96241326 44.0850827  52.84010166 41.77608463
 50.75522498 12.31447333 55.98444911 36.24359868 41.84475515 49.5255432
 33.16601653 46.9536676  41.76392219 42.92737679 41.58796401 36.64569404
 56.47394464 53.66651858 40.34572845 40.11059262 54.42678425 49.98325326
 50.97755851 52.68249752 42.94554814 39.22640181 38.51521187 51.62616452
 42.26103197 51.88731298 54.23632593 16.9084935  32.99016576 40.53834088
 36.30589883 50.60716344 38.12173814 21.78570922 38.17334578 38.28105629
 34.07064577 41.97915532 52.96829995 36.87719077 33.0787937  45.30549379
 27.25956233 52.07136474 38.80681496 54.07585275 52.92513557 56.07027182
 49.27369834 56.27636541 54.47166218 52.91904134 45.46836672 37.44893986
 56.40537314 47.27543294 55.84889162 53.17890048 41.95914527 48.30770952
 50.2859354  34.47730279 53.24416471 54.7910246  54.96266965 42.06696179
 29.71555061 53.03930881 44.348591   52.67979221 34.66869662 45.07978036
 41.59765593 47.21247734 47.81736742 56.72630036 26.2685445  33.95317984
 55.28810927 54.60866799 39.06508031 47.29237006 24.17720177 45.70989746
 42.04515101 52.1281564  47.22045001 44.12989912 50.35385608 54.49950842
 24.81366465 17.08629426 56.8580591  50.76610889 53.18555624 53.28176399
 46.61060863 50.37829671 39.24779866 51.23909011 45.68916761 47.07276733
 46.43068568 45.59101008 44.13294838 55.38801478 35.11061107 55.95681989
 51.15706594 55.28820642 48.97742535 32.84404886 46.95984292 48.08402618
 58.10968348 49.44008445 54.12035026 31.8696142  52.37226422 47.31496084
 38.83039702 40.58435784 49.09302482 42.768834   28.82093407 35.35288086
 51.1154991  49.17942573 44.86011981 28.00755609 55.38523156 42.27673346
 48.61652515 47.13159564 43.69495327 44.43400118 36.26436634 49.88912764
 50.62066969 44.15951365 55.45992914 46.04192545 45.39598185 26.41676969
 51.82905544 26.05502225 46.44981762 53.21588902 48.67944972 37.72249699
 51.75811388 56.51154215 47.61376093 55.24463177 37.05211591 49.86993711
 51.1383967  35.8378193  46.55927704 40.01727994 54.29297913 31.85282019
 36.03347134 24.19650781 47.26236238 26.6710621  32.61052125 41.14073278
 39.90128396 37.55710394 45.67929806 54.40948935 37.38855165 50.45544269
 55.07446567 50.51585221 51.23591111 50.60550972 56.07189318 53.2384523
 53.76306874 33.3374434  41.62245327 53.69926937 51.0329349  40.65225425
 50.89922746 51.22751927 44.1991766  44.73091929 47.89817072 25.32819445
 54.82804872 52.66755284 55.48995671 52.88818668 39.63536756 41.19220538
 46.47057188 53.32628929 34.86196808 50.69222531 54.28096119 44.91689586
 39.02064276 48.3588522  17.57715639 56.82376214 43.60073932 50.74733271
 56.49188315 40.67839241 48.62767617 52.29727082 48.93867805 41.17628652
 46.06470823 52.2754016  21.85390366 40.03345575 13.64509443 47.16798531
 55.911166   45.59035339 49.94440753 52.86167501 37.83970146 44.16732389
 58.14591536 54.13104228 41.6901538  56.43289774 52.53204915 54.13968615
 43.806559   53.89603549 52.17886149 39.74539239 47.40763041 36.90455711
 53.31701097 38.30934734 54.00487101 55.62637638 39.62310121 54.55914258
 50.90765252 49.70316396 23.77211055 36.3604171  52.81793107 37.10366592
 38.60293674 52.96735872 29.7479377  21.55335361 53.98703743 55.10894566
 46.48358538 57.46005393 45.70030986 55.06173806 21.68659936 52.94721801
 45.09297492 43.36031446 57.70666743 32.95943527 46.53831999 49.09832224
 48.76569925 30.83157852 51.26627548 50.85525741 44.32881939 44.60393335
 41.95200303 54.01936082 53.90426885 31.6810448  49.90349395 21.85893482
 56.01518731 49.67564435 43.38728601 39.06955151 46.85450306 57.20820917
 55.12687751 32.90604144 46.52174465 46.34263877 46.76198628 52.72407339
 47.47765937 55.30530094 42.41232465 54.87907902 50.88893982 46.36470534
 44.10378874 47.15282604 19.50394887 56.55857452 51.36907431 42.42383226
 29.02511174 57.90127794 41.77437676 48.52702152 46.81811891 47.97219988
 51.36489126 39.82166111 22.65787404 47.90838855 52.31993346 42.98011802
 44.03255057 48.03779876 51.45271494 40.69463976 46.62080307 46.03765657
 44.11884422 46.31683326 47.70519    51.1561053  47.07026279 36.9404788
 36.90202673 49.20674435 51.8864702  46.22690629 51.46733496 52.72997231
 28.93045955 43.89971318 54.55699833 43.79881198 43.64442205 47.21697917
 54.36103123 47.2886427  45.88065774 56.53099698 43.26478591 53.13095862
 40.94392994 28.3461979  20.35316302 53.43403343 30.99084851 53.68164051
 49.35932269 50.87139329 56.25849214 52.59350135 55.55152827 56.71226129
 50.92746598 47.88917819 43.10910827 34.62318659 50.57819822 57.09472573
 22.24134398 46.16239028 47.56356457 53.14395042 46.67256543 52.45704126
 53.03923524 44.5349332  55.4692345  26.80471489 47.78799811 40.39189441
 55.51391602 46.55589825 55.66522243 46.11816229 53.64220566 37.37832107
 54.40360788 51.93651301 42.5649336  28.10769473 50.3143156  51.31731218
 49.91833244 46.44964985 40.41795228 55.79278377 42.81119586 47.80750478
 38.4391727  51.5307261  34.24104384 42.95230312 54.7696636  51.82328295
 50.98645706 39.67262908 51.32143791 50.66769178 52.14047018 49.06851936
 56.52898137 53.98601079 39.37034056 52.4823182  45.54650863 48.48564309
 41.97717417 30.42636648 51.89517916 35.79484477 40.31593589 56.3412962
 44.79515396 27.90238914 40.68678844 26.68874727 52.8914346  54.02871192
 37.84783751 49.55584598 37.574096   38.51806492 53.90144088 45.84061529
 40.8345714  38.2461525  50.90348474 50.45468274 49.82641328 48.10760328
 49.29711952 42.93800504 56.53802987 54.08388882 48.30752697 29.15202578
 51.38886667 52.17840264 48.05344231 49.9442079  54.42691079 51.89824191
 36.46843095 42.69420249 29.37860917 48.14088097 56.77806634 17.29984809
 54.94567986 52.72436215 47.22716384 47.83713547 52.69327016 50.2860351
 41.36105262 57.96569548 38.90421227 36.75128748 50.91395201 50.01441226
 42.92912646 54.77116473 31.53241679 55.40564939 51.09850291 54.12556062
 52.69384245 52.64337701 53.82291228 36.07866528 39.14819409 50.99939594
 45.78466684 43.32181878 54.55954322 55.78999154 40.35224743 52.32643005
 42.34714706 49.65609541 54.60231713 51.09556255 49.52374449 37.89650564
 54.41550304 49.70485446 49.70254894 57.2851049  27.14261831 45.74572071
 46.60730462 36.30978935 38.56200544 40.34607582 40.05131577 55.05528618
 41.54959157 54.17540344 29.91484197 23.81539362 56.66296982 53.54868511
 43.27682656 48.42583666 50.03365729 48.60417516 52.92528438 15.50538446
 47.54916989 38.15692196 54.73186295 55.41691905 51.22595701 53.16310396
 49.40870279 45.21119984 56.46257372 56.13866887 53.55658149 57.14107333
 53.09885481 45.85587865 21.69262007 38.89503702 20.75180816 52.282054
 44.25518847 43.39459372 54.21920989 55.31900787 30.25403588 52.97478403
 35.4919814  50.56964914 43.1663254  53.44442543 42.5019789  51.75061764
 57.2053299  47.17837039 55.25495607 25.62119296 31.5833052  53.20150015
 37.28277941 32.32473578 53.1315166  52.64065301 56.25470562 46.18883681
 51.02504533 54.73235102 39.28475734 36.38192152 55.35466421 39.89952169
 24.02393643 50.01518118 41.07771512 54.2230612  44.38342153 56.40927754
 41.19970642 55.87900018 48.55288574 28.90101879 39.41804884 53.66964647
 46.62215891 37.91070695 44.69742996 54.4288443  50.08461112 29.98054696
 47.70465761 50.97451747 50.1545632  54.45215603 52.86260628 54.59711286
 53.36209208 53.99008839 41.14790998 31.53843557 41.99075246 56.63158309
 51.22339565 56.01338731 52.36543515 52.36930934 28.63689915 48.37179925
 53.11674448 51.68163399 10.54720349 31.67595054 53.68091473 24.22783046
 52.09487957 32.83021093 27.17092799 50.09026622 45.66963182 21.12059581
 48.40190473 29.41818508 52.21680725 52.89651873 49.38541225 45.12502169
 44.84292062 31.8489801  50.30242871 34.49519027 38.12431948 50.65310639
 54.03256302 51.77616846 46.18027794 53.82997712 29.3557565  49.94927906
 38.60899933 45.39460531 47.23548948 49.84585052 56.70069105 35.36670366
 31.81480451 46.84495688 45.97054613 51.48983736 18.97399567 44.01733327
 44.02804407 32.22603272 44.65200083 26.51348733 35.28841579 54.84391317
 49.22435728 33.70925841 36.77215186 49.58247408 53.32204172 51.31429595
 35.75932108 55.86469087 51.03416047 18.6069755  47.43884649 49.58489005
 32.68017997 34.69402593 38.37624102 53.80160952 52.18693741 44.11436739
 51.03339148 53.11983471 44.62971401 25.32641822 16.51078784 47.10232859
 53.73873251 51.16498127 42.63738395 45.90294334 43.18064161 49.83803601
 53.21718081 43.86353962 42.95246417 53.57317264 45.11988293 43.29447642
 51.67837575 56.24431826 46.87730968 41.59089834 48.65759665 41.24752792
 28.25338395 42.7822241  49.95729    56.58766069 54.83148218 54.41723776
 56.27274312 47.01147794 43.84237413 54.28415423 52.93353182 46.38100454
 49.24874781 45.53489274 51.61840633 48.71975885 49.13531908 51.61389073
 44.31286676 35.38046998 37.59158046 49.62979999 53.5486337  44.23382315
 49.90895328 52.23323862 33.76648437 50.70617304 53.38052583 40.90376682
 23.088567   23.48702852 54.54083646 44.44810679 52.81828267 50.35350002
 48.51705221 44.76824363 50.92101599 46.69139384 55.95343542 49.07892862
 55.4369937  43.13675996 49.61666084 52.71265507 33.81347259 42.85905357
 45.20307792 37.20297693 51.67034838 44.06467675 44.19607141 52.9271011
 44.76635483 52.31439284 51.38908832 22.93250213 46.87319702 52.36464329
 29.24064707 49.08077165 47.73279926 46.67892463 36.49462824 53.20318178
 47.57263249 34.24692256 42.17304145 48.87419138 54.07408832 30.99532693
 43.58519743 36.7020836  53.17218281 42.721257   51.12519879 51.63172194
 40.53597047 54.22314221 45.61178992 47.04256408 51.79309231 46.55116276
 55.34651401 32.45387924 56.25090764 50.50626083 49.73362104 47.72050551
 48.4044863  38.24633854 37.07901197 45.08827283 53.68173946 51.85335979
 48.87319571 56.01877848 49.44917477 47.85068151 48.34078967 50.63928073
 37.37534763 53.53755313 55.10113242 53.0982818  39.04264499 35.17873362
 48.37447564 14.63663658 41.13036685 53.40688369 42.97247852 53.8628977
 49.97852448 51.61383018 57.56214267 10.03041262 33.74329428 47.11246142
 56.33025851 51.29235115 39.76630063 42.6665086  40.96471516 51.3124552
 44.49686648 17.37804406 52.35505062 55.32479438 53.46035718 54.83814125
 53.61690666 55.90608899 48.87289243 39.82369894 53.46878782 51.74651176
 54.42152357 35.60985185 49.8160622  51.97496349 48.74932296 46.71874475
 42.81740199 39.14324955 53.72908024 42.548899   42.54977012 41.54549086
 51.87861773 38.89882627 47.70785155 54.95035481 30.93510695 52.59687486
 18.36494794 56.30623685 33.50903705 31.03376106 44.10687298 31.53668797
 52.49088403 28.29512136 45.84170678 51.87447784 47.82146533 47.81285643
 50.83781472 49.63298218 28.04194449 42.07587225 49.05012162 42.69321288
 40.29636982 53.90109825 36.51896508 53.52054762 53.98504821 54.26228653
 49.88355374 42.07364111 50.0349944  51.3051504  51.10617667 35.78865019
 45.69258032 35.59476383 56.11897729 47.48817545 43.12603419 44.85414562
 55.42479887 33.3609426  30.30787939 45.50842133 50.35142285 25.38720376
 38.52601334]