[58.54849572 12.15303494 17.73970509 35.46610975 25.79102023 23.3605133
 30.67077573 24.64810266 38.36500737 20.2960204  28.73115822 20.54730396
  6.48506537 27.19389683 19.43953473 16.41706008 15.12607573 22.95321326
 40.05029738 20.55042369 25.08695057 29.83867211  9.9666329  19.71417339
 26.40029926 15.0055586  42.96979706 29.69164371 24.45207643 29.5888397
 37.06796069 51.85139941  8.98500512  6.28729425 14.47606331 26.97431337
 25.48660272 27.52733596 10.79049256 11.94313922 31.2684848  52.75753227
 24.7181758  39.90124216  9.05122436 19.50230023  5.07168992 15.43397873
 18.58969446 31.49259885 34.76290784 26.69716882 32.22711393 40.77344736
 20.7633691  37.54188472 41.72068829 45.26899519 20.71499317 19.41735725
 18.15232691 12.9926545  19.39258571 33.16509003 40.46112135 21.57510797
  5.53303277 48.10728551  9.36879577 30.30259786 22.7710955  44.40935872
 15.55969006 58.95881393]