[20.32272424 13.71210783 18.1716156  21.39884494 21.87570652 15.01394753
 17.51132153 22.87507697 23.92942493 17.83541136 16.80907064 21.57598281
 15.9833921  20.69304423 18.20903816 13.29300396 10.55936922 20.39585
 17.40341207 23.54186196 20.09704444 11.03502054 11.41261601 37.07485752
 11.56797801 16.73857917 26.63535424 11.90100929 29.12188567 13.55456366
 21.12172044 17.77337677 22.5048689  16.24917436 20.98496252 16.91676404
 11.88827041 28.82005813 14.58318315 18.86986784  6.23739316 16.85076151
 17.68147918 14.10466137 16.38091837 28.62986986 37.46928291 15.3392234
 28.15508186 14.56494095 45.16302106  8.95198942 27.64640619 18.58194741
 20.35967443 26.02004044 32.08197831  7.35946216 29.09926667 18.5691621
 23.00447218 25.27470318 18.75957003 11.49724344 10.34195992 17.82494009
  7.08363505  8.70583652 25.21059923 15.11265043 12.0000848  20.60312542
 31.77412968 24.67163785  6.57043306  5.81177088 20.88687686 10.82134103
 15.66704805 40.27762367  8.91699004 14.39183002 20.45587472 16.86166658
 25.43338746 28.64525161 26.77552833 31.55645141 12.09902319 27.93694987
 13.75085403 14.55954831 16.9254575  45.04754074 15.68109448 37.0567351
 15.01746572 14.2012433  17.83020993 33.45083564 15.19097707 25.42020511
 19.29269817 17.28047315  8.26357399 15.20994735 26.43783235 12.61482896
 13.55736344 16.34178531 13.12018389 13.32499138 14.72745997 22.40919814
 32.96985479 18.50183943 26.63024519 26.55364393 11.9794744  18.58372119
 33.43382358]