[45.14064481 46.46365535 55.06420004 49.6599466  17.74819384 25.49720997
 52.9924514  51.08816253 23.40778442 18.82920976 45.74182608 41.37093166
 30.78403732 10.52496719 53.14662685 51.00672758 48.3735451  49.38325292
 16.06062429 11.19636843 55.96585858 12.11784119 55.92778656 31.31881421
 10.31974702 27.01292001 16.90486447 55.23567007 16.92689493 45.32711235
 46.29489361 31.53515127 54.25675802 22.54268959 45.7802714  48.73871879
 46.013173   14.04293422 27.87033413 27.46887389 28.64715795 31.83652597
 17.10827624 34.79677667  8.17004375 23.33595629 16.45377006 59.30743769
  7.77219721 44.97614632 30.34858614 33.71166489 18.94506454 35.72701786
 58.824463   38.8466312  12.16796691 42.67293189 29.10599008 22.32047306
 11.17929547 13.75501748 58.38374117 56.86093503 16.63768315 38.18585604
 27.77866471 51.36158039 40.83938197 40.59223202 47.60504851 23.17960092
 41.74744756 58.46367249 38.69807557 37.03694293 23.63936221 34.22997465
 23.94668362 30.95508353 14.03818847 29.96084892 31.3812396  20.66107526
 37.83934624 39.12554025 51.22047392 42.90694883 52.50070068 16.55900645
 24.24326888 44.98595112 32.85432884 53.00323022 43.3384054  16.33865829
 33.69874522 26.4798028  21.48154893 42.41298468 48.48460767 38.27635138
 20.63867139 51.44612682 43.77418173 32.0745607  36.10861531 58.86481564
 35.55729054 26.38273696 25.54265961 45.98386155 12.67883317 43.19159494
 27.48734087 32.15149439 23.05543845 10.26409842 24.83368274 14.5190132
 40.55918596]