[30.2489646  22.80755245 23.54419374 22.74771029 32.17241521 34.82044255
 30.96931399 28.57355574 21.84526039 25.9348022  21.16273471 22.71166863
 24.81116094 24.05558863 21.57709015 27.25050626 23.42424562 23.25506168
 23.33307047 32.44618741 33.13159383 29.28277998 19.50835335 35.25681928
 25.25444388 29.38965816 26.75105155 23.44680607 17.26920267 31.55719775
 33.64221913 34.19911538 29.79897506 28.41204181 27.07422101 18.6774299
 23.18680803 17.87076695 36.48765036 21.71363209 20.82477924 32.26085455
 20.33991321 25.11737935 26.93068751 34.27785406 26.65979243 24.30484995
 15.03281005 32.50432314 24.12579561 29.88640221 22.20573062 30.06419339
 19.89514655 27.83928555 37.64201866 16.44000681 29.0536401  17.6278138
 19.18340395 32.6963178  19.88872203 26.5371728  22.7854689  31.41778645
 27.0768157  31.81895805 28.48960929 24.70823569 20.99291276 28.76904751
 26.45290965 22.91991468 14.07804187 23.7793939  30.0694783  30.32223049
 14.47871354 28.90846157 30.38026035 16.25666441 21.89023188 21.7461327
 33.38040927 29.91291598 20.77045676 38.78455512 31.86436916 24.89375478
 23.7611906  30.13854082 35.11305412 19.94568469 30.0028043  17.01634168
 24.32816805 25.23951656 26.59625597 32.91225169 42.51057561 32.93514722
 26.36570437 33.84472115 19.90534898 36.72297067 23.46737732 17.72039844
 20.89423605 30.47506499 25.70267926 30.76991287 36.91622814 30.2782796
 23.67622105 26.29577411 27.03258062 42.1286214  12.23096839 29.39853695
 26.84190172]