0
[21.92670092 13.15682673 17.54078417 17.5269897  14.94887764 16.48938787
 15.69483332 12.60296964 24.012631   14.46463559 11.76066691 17.89354902
 16.293742   23.44545493 23.83139042 21.25604859 10.16063711 11.62472218
 16.99246674 13.77412383 16.92447826 24.01402449  8.37322964 27.84820679
 21.46665354 15.37944865 11.95920286 32.33883912 14.82672134 24.05292765
  9.64119059 13.16300212 18.930312   37.77133992 11.20154205 23.73737157
 10.54755706 15.51114871 26.99033458 14.61665713 24.78251731 23.17254168
 21.51948691 18.66080749 10.10480562 19.04500584 18.75817103 18.08042104
 35.98492059 30.1731828  25.52970629  8.09158527 15.42703604 12.67010612
 13.43583538 14.70102657 27.59290143 10.20193563 29.63233213  9.5512902
 10.93902487 17.93961766 14.13700226 24.50305114 11.58818939 14.70587419
 12.54111177 18.04831306 21.14704981 17.05578441  8.57856969 19.27019413
 12.3377386  26.05307098 11.72275332 20.66927892 10.70858782 14.34399728
 22.97998631 23.23066411 18.03535503 21.3699293  16.36685427 33.4960171
 33.93909204 10.4424708  15.31973178 14.68564125 16.8047143  21.23403563
 18.70777971 17.88939126 21.80334937 18.94040494 28.33249891 17.91458142
 20.05901999 21.18215489 18.00287856 11.09696808 25.76700324 12.49102233
 23.28067755 20.15694963 21.7216056  24.15421215 14.36208229 20.27902709
 25.55102392 16.10684024 29.34636242  6.38000834  6.63274091 14.52734153
 20.67860064  9.00264138 26.03318736 21.84236697  7.66049979 27.54349428
 13.80754196]
1
[22.63540536 16.96294254 26.36264308 34.68111242 21.08736074 27.25174249
 30.80584458 27.79060147 29.95566764 25.06891186 26.23143613 33.45309332
 22.57431641 33.12593431 26.36851574 39.70030318 19.04794733 32.37279807
 32.76666809 20.17015695 28.17082359 23.27980234 17.50200167 34.20936995
 29.00595328 21.31911736 30.46081701 28.96268573 30.72824227 27.64500862
 28.04151671 24.6325603  36.33756323 28.02691962 21.42739375 29.94698387
 27.31418817 27.06605429 32.95446149 20.0558234  16.10671325 22.80591218
 30.77520157 18.10821096 18.25887424 34.72466674 35.436799   25.6780767
 24.42938049 24.46556655 29.61317606 33.57796636 24.36489121 18.60177778
 28.13255905 31.57492744 41.39715375 25.01564995 29.14663082 20.73458964
 29.07156706 19.70589097 29.17472772 17.04524212 23.83367103 14.94582221
 27.21263469 25.27937548 28.20285571 23.8487055  12.40223529 15.65619155
 37.57690236 27.24105993 19.11799157 24.64181988 27.62344742 16.83370525
 19.74095879 26.820341   24.72707849 20.86260385 32.6260652  14.92610045
 30.31715001 23.98988082 24.84599295 23.83551723 23.96180045 36.07666372
 27.45202377 27.27635253 29.9880273  20.1121177  27.45815792 33.54421626
 31.08925494 35.40601855 25.57451369 29.37320559 23.51193733 16.0123365
 24.42522367 30.14249253 28.46644525 22.47462259 29.98904264 21.7576007
 33.43453295 22.75641719 40.49662141 24.64326447 10.45509046 34.13263595
 24.88351792 30.8399251  29.32856009 34.42619116 33.73412663 29.5866934
 28.55525677]
2
[20.74306526 15.16598405 18.56832748 21.21295698 17.3863936  22.06499336
 14.84401627 21.59796944 19.90120842 11.9070398  28.49072376 13.34188008
 21.81917453 18.03328616 24.60805232 19.75894086 13.36892801 17.31706044
 23.88729662 11.51962198 16.51416123 18.51869465 10.15843542 21.30424467
 14.32650418 21.59375902 16.78829095 14.4330955  17.42606416 33.68836283
 16.67500202 27.00763823 20.34534519 19.00119663 11.28588147 17.66089767
 30.13050035 12.59297066 15.49803785 18.97557689 12.12816377 18.74615923
 12.08246146 15.11387308 19.06645444 15.84164893 10.43106439 16.9587041
 13.54191109 26.23499844 15.81281044 21.93531737 16.25349215 13.24645644
 15.01239615 22.54227177 21.37879188 10.94021245 18.32794965 13.05750775
 14.61932562 22.41160612 15.54668474 10.54906566 12.05800686 14.36026701
 12.74621481 24.20877175 21.01343287 20.55753646 23.59421276 15.77148906
 15.58456815 20.96700917 14.44586791 18.36002939 32.90074839 20.00474522
 11.34223186 21.28558192  8.45543303 13.23903021 15.15217228 22.17164183
 19.98539656 19.79117148 16.1227168  21.84223308 17.08067893 14.98528716
 19.35814782 16.50417535 21.08738526 23.88311703 19.59825737 17.45820208
 27.59039194 20.08759718 15.81268462 32.33427587 13.74480331 31.51696074
 25.88015691 13.92035098 21.16872368 12.341554   16.95302047 19.23767848
 32.41398778 19.44221061 29.19816245 33.304769    9.6467324  11.22436566
 10.70837674 12.68187872 23.32460872 32.50887262 21.86198678 13.9120274
 15.50311938]
3
[30.91445748 20.80590911 28.7185913  22.51071179 32.06820873 16.20906379
 25.91331633 28.39510846 23.50997878 19.67510162 17.56105352 20.41656252
 20.73631876 34.23326718 18.72439153 23.77024038 21.65538826 22.71297398
 15.60112178 25.0672     20.78021464 22.51314937 12.87349693 34.99852269
 22.29911625 21.42495499 24.50147458 25.77689049 28.1504414  31.0754786
 25.60556228 30.79077594 23.33291584 27.27161755 28.58235242 23.9931125
 23.81173608 12.64085504 26.28737538 17.38647424 31.48522357 20.70992439
 19.63628983 18.57547571 25.25457197 22.11353641 20.02730166 18.45299716
 26.30786688 18.89154981 34.7869741  34.4080016  19.87315062 20.47460005
 14.60126193 23.2024846  30.96605852 22.82118175 20.94375469  8.74868367
 13.52477285 15.85541775 25.69843317 18.74732883 17.91316657 16.38265619
 19.17062695 20.475832   21.82332765 35.43670332 24.217575   21.69502173
 15.42473025 19.5269462  20.10879661 39.55101086 38.4708963  35.89500562
 20.58378153 27.46541935 35.04123281 23.42151247 23.16060321 28.88712959
 31.19628053 34.49318342 30.34700392 39.47279032 22.64094429 22.22015332
 15.34221485 29.86424224 24.18159698 32.39165297 17.84376528 22.31056141
 42.06631508 23.68013231 21.94803239 39.28814998 19.90342581 18.22159256
 31.79385317 14.45785608 22.41599981 25.09098776 19.22510173 29.92302001
 30.57305012 15.32672308 28.54898865 17.1253924  23.18303548 32.82281845
 27.4212796  15.36516148 17.76820301 31.89266677 21.44751569 29.09714427
 21.20656024]
4
[16.27495721  9.68607253 23.5376547  13.68977591 12.61122803 14.56953335
 14.27791051 25.2996841  21.58043004 19.18238423 20.51008501 24.77465354
 20.13219472 29.48466364 15.87588388 11.35157854  9.31023388 18.28030087
 17.07182941 15.6466262  14.39445329 23.55414223  9.9894494  20.94599579
 30.70850878 16.21965732 14.13203103 10.82540665 16.40914475 24.04090726
 16.89162151 23.49716575 21.11873023 23.3564796  21.70932889 27.48550366
 14.02928342 23.89344025 19.60363144 32.8246326  11.90251572 29.43878713
 15.60134979 17.61757634 28.82873323 18.50091232 11.67610475 17.33187817
 17.82253634 20.82850465 23.85477705 18.89454574 25.97015963 16.04940227
 27.77883459 23.63220849 17.14929531 11.31648214 27.12503503 13.11740051
 36.77086225 24.16725989 21.03071077 17.83973342 32.46462181 22.57591748
  9.49649005 18.33898319 17.75631377 16.20385638 13.8982285  19.59245275
 11.74210315 26.00182537 11.98226021 30.08410842 18.60684874 27.84911421
 17.66889629 20.02227174 22.67578263 19.51465117 17.47385679 24.44595902
 23.06275671 20.94955279 15.36778347 35.75927349 19.07236934 35.70887559
 31.35877781 16.36109443 19.98171527 36.29487558 29.31323704 17.40322957
 24.31312136 25.93493339 14.73833051 28.7622399  16.98483638  9.81268287
 15.13192204 20.70104328 23.46659542 14.31781638 10.05891126 23.49221135
 17.81257399 17.31292775 17.56047271 17.76722804 28.0941437  21.9968059
 17.0563893  26.58448424 18.08677802 25.77693437  9.57536283 29.21349391
 26.53288309]
5
[22.65278106 19.90345045 21.81327376 13.4522046  14.65173802 18.79488814
 15.33055514 17.45316582 17.59254496 10.33441891 12.82029898  9.89982066
 20.90236599 19.30005869 25.7332118  16.35786892 16.93954948 29.84920257
 21.15009303 15.75634837 20.88649437 15.25738135 11.95511916 21.70188544
 18.72432055 24.24395135 22.63991502 17.58349428 12.2915763  15.11959518
 10.2577464  30.30472917 13.79979315 22.18023254 23.8510831  24.06680544
 18.02900308 19.8817107  18.1579419  20.77170937 14.32236647 21.48865542
 15.81289819 12.99402181 12.56617015 27.18839919 26.66836603 17.74189411
 24.66832134 12.29431722 34.52193598 11.23302407 18.20428343 25.03934271
 22.83316721 18.10848494 30.98992328 11.20494828 16.75457681 13.74974757
 15.24604052 16.43619667 21.88138386 16.61961198 17.69692241 18.38381374
 15.14385778 21.4072142  17.23938571 21.08589073 10.4720512  33.12019744
 18.38347614 21.90209445 17.11366862 20.91121145 23.55303067 13.58401217
 14.50956969 13.76376787 24.49096242 15.57297273 23.78932038 17.5542829
 20.40032621 28.28765319 25.84527808 11.54984439 20.5927707  20.22858819
 18.06260837 22.5142095  23.75315451 18.31431817 20.05577704 16.99764938
 21.67789111 18.96858264 18.39336955 27.56049926 20.91167467 20.72543855
 17.46140989 20.0741922  20.48317549 15.53632416 23.56054924 21.2628662
 19.7178083  14.79833104 12.40512705 14.69501299 21.51933539 16.42076072
 20.13735759 19.62183945 21.49996475 17.71945295  9.82276039 27.64069502
 15.31005441]
6
[22.94655509 13.49648193 12.59880438 19.68244337 23.499442   21.72084135
 16.33968194 22.41540387 24.65068942 16.50782371 13.92083641 10.04131626
 14.98838128 27.2423275  17.02736037 19.22827366 10.89790942 15.92404019
 20.82649076 17.63565901 20.67566919 20.00233273 12.78447007 22.40744154
 24.88508446 22.15901834 22.02712151 19.61689203 12.08634733 15.04599372
 27.63322987 25.14737665 16.69848444 14.83827036 12.96371722 23.48494424
 18.0754248  12.69040318 29.42794822 19.35754552 11.95512074 18.5635978
 23.27161658 27.59273047 15.49467066 21.85369983 14.2780119  21.18261889
 18.99050306 12.93830898 27.94428581 21.39423331 17.29164758 10.38281796
 12.12364054 18.47634468 21.65164292 12.19850864 23.26755547 18.17237049
 13.55284589 20.30929149 33.6940948  17.74984869 14.17962585 15.38543126
 15.69667969 10.4559049  13.14142263 22.44675981 10.90337805 24.07158003
 15.72202018 24.41886023 12.92089998 12.12868491 32.14418137 13.18581234
 20.19677545 27.1954404  26.00409503 11.85522492 20.12866803 23.07501418
 20.65176579 22.26906289 17.32081704 22.3661356  25.04998177 25.54729303
 14.15164769 20.39038812 30.49428632 14.90334792 20.23490061 17.79208644
 16.4611939  25.70226371 10.56449595 24.25849655 23.58927253 21.56402272
 17.67811632 33.65569776 22.39243845 18.91114363 21.48430348 21.28410187
 18.36265948 15.95658769 13.50058972  9.22422875 19.46539779 27.30284567
 26.56824604 28.70897155 23.43642568 19.88263915 14.0099329  13.2869625
 20.5385622 ]
7
[24.6573029  24.17831855 24.62939365 25.04322953 25.46652947 24.16929988
 24.22190441 24.67531244 26.3112521  25.68914339 24.29490107 23.53275516
 24.04689963 26.28644886 24.98391794 24.28543136 25.44365657 24.95077963
 24.3577388  24.25718128 25.17126063 26.35893032 24.0158527  24.71540514
 24.41295957 25.36943881 24.74949674 20.53134933 25.40305708 24.11147254
 25.29607036 25.01234619 25.28912736 24.32628208 25.35867624 24.04022491
 24.72004359 24.50495934 26.28238167 25.33163953 24.36306964 24.5061628
 25.4970981  24.09555015 25.02020506 23.53336455 26.12542144 25.72035676
 24.25991936 26.17196315 25.1421466  24.17308724 24.55701233 23.98777645
 25.11499397 26.8009126  24.38586508 24.9090817  24.89277313 25.5796574
 25.08528962 25.07815978 24.66248665 25.3718871  24.65365128 25.39699807
 24.89164538 24.30268994 24.35092717 26.08649989 26.33244881 24.28042108
 24.27265614 24.08754152 26.31383778 24.38880338 26.0636011  24.47042384
 23.69891379 24.97516685 23.51565663 25.3659906  26.02386505 25.72129354
 24.23933261 24.54465821 25.83317487 24.73900284 25.32892804 25.52239468
 24.84789267 22.44453556 24.69524919 23.02572055 25.22537962 25.45193662
 25.06272565 24.95065793 25.86729516 25.23658096 25.66213246 26.3104179
 24.41810671 23.5206129  25.21867816 24.98245816 24.12387906 24.12269065
 24.74376583 23.91851841 24.57923677 23.31742614 22.46261305 24.73906997
 25.74362913 24.89813984 24.80834683 24.94517739 24.74961544 24.70871008
 47.88507796]
8
[22.73469943 16.55642573 24.35560943 22.45006315 12.877804   16.61747254
 21.7699025  24.84106767 20.28425321 14.2315683  20.36941572 14.56563015
 27.9406139  17.44108733 15.95588347 22.22870438  7.38524827 24.38971701
 23.98582467 17.00058179 20.63799507 14.87686833 12.33578265 23.56435358
 35.2305809  22.86933868 30.3530902  15.26140923 26.13020855 25.30526258
 17.27158649 29.76785724 23.74676808 18.44726006 20.44399468 28.39159288
 27.76326309 13.56574656 13.79868573 14.49032756 17.70049587 23.14369232
 13.55850896 21.45485661 26.81833273 19.68601437 14.43141006 21.92352687
 18.46914059 17.9253157  33.93653692 16.19260673 22.41244296 25.38186183
 25.52486401 20.43435179 35.87139974 18.92020231 21.99623683 10.39033577
 12.92950429 15.06858181 33.17356348 15.93917523 14.38396699 17.33263123
  9.46322968 26.71605735 19.18578981 27.79053359  5.7675846  16.1480658
 19.18153731 17.37694509 13.26819252 30.46255793 26.29140041 21.43690117
 14.15738072 27.04662603 16.28593676 16.47117205 22.56823688 17.39404627
 19.39813847 27.48370076 13.54244918 27.37953365 21.29170387 18.77635865
 16.92352697  6.79582619 15.08422709 25.906135   25.01215093 19.57385714
 14.12578979 14.59774429 17.64239701 25.08850152 16.90411956 17.78557425
 17.33931748 24.56153389 22.06920055 27.43824873 20.88649099 19.83847142
 28.70164291 17.63632611 23.84518728 19.09109846 20.98767117 12.88534897
 25.47769541 18.35827859 16.90827727 35.38233516 20.70861647 24.92822738
 16.26877186]
9
[22.34147913 16.30178601 14.52644405 34.80117488 20.50404736 13.47569181
 21.02311314 16.95644638 31.83268023 18.97135594 25.93241764 21.7037081
 22.26424227 15.26508093 21.95125351 32.79634783 16.69850392 23.75378848
 17.37100108 33.38612986 38.01385023 21.15713068 22.93777429 31.51011979
 26.34899454 26.78830926 23.02499511 33.41568673 17.43941703 22.20553534
 15.83449383 37.74644015 24.99245276 28.07854323 29.0239374  16.36591251
 21.38221147 25.27386797 24.77851412 20.22427555 19.74405619 30.53230886
 15.95987428 21.50145338 17.18311737 21.5957812  23.64565423 18.18832804
 24.24563112 18.1724727  24.02945393 19.95766876 29.3139756  27.10969975
 21.23788117 30.36119412 40.29967058 15.71687721 20.31761218 11.51030889
 36.63529989 36.31409216 31.52697851 36.4346653  23.3315826  18.85502324
 18.27752874 20.97432    38.88300167 17.77869103 16.00468225 22.19352017
 11.69613852 22.5780412  18.315808   22.40239024 36.42799479 16.34778335
 20.46455329 16.79331869 23.37735783 17.27989152 26.26755199 26.21815717
 23.98818888 20.49337094 15.38667221 22.11662937 17.61068674 17.99569899
 17.48861581 21.58943396 22.90542028 20.86797333 25.42180125 23.65408311
 25.40554875 34.35695697 23.5027441  39.16648376 15.52314677 12.10113637
 25.67292769 20.93569679 23.69908756 28.38410613 22.0264332  37.24965846
 28.04436858 26.68480042 18.15812616 22.41115362 14.07971623 20.43847431
 17.90676023 17.51361867 14.3426321  28.38334172 27.00324884 38.26943819
 22.94271511]
10
[15.54231356 14.30258201 22.73865869 17.24180549 33.04774226 27.28518728
 39.8507578  14.43158456 20.97158376 16.9668625  21.53067236 20.209144
 30.06048367 29.24574846 24.49346124 22.21433581 23.11310525 29.27680581
 16.41403949 18.03155636 18.2613187  28.09493501 18.18476129 35.67295504
 10.59667069 22.15668474 20.88970876 23.73329694 11.3846295  26.06463815
 21.90086488 25.9568807  12.91233072 34.90880298 27.82308486 19.17800637
 33.53925903 34.39565791 19.84037794 43.1833824  28.44041872 28.40439997
 28.21857049 20.05772356 24.02115418 33.69325665 13.34691722 22.07355695
 20.78709722 23.30138201 19.44134321 39.8605535  24.77248589 21.98325841
 13.76022527 24.40593084 23.7328151   7.98363765 21.56339678 15.27420641
 21.36443452 22.16792138 31.84897772 14.26643076 17.83429189 13.62245462
 17.61157794 16.27403131 19.89977868 19.92947964 35.34003773 18.84178705
 23.27270905 23.42656886 23.33095877 13.94005453 18.56400647 11.33481226
 18.43541994 28.80928136 22.03939562 28.77255437 34.76169319 25.01060189
 25.35839767 28.67487255 27.51023262 17.93473325 23.72011263 28.11778482
 17.55341613 21.2626521  21.52638797 17.01247849 17.23247277 29.79924698
 26.17312716 41.206047   24.88202103 28.49688433 18.3015339  14.680542
 17.42600472 22.81754154 12.13193644 11.10363067 42.09281443 30.46459617
 22.63196727 18.84864747 29.42617264 28.32618641 21.30535537 20.82581565
 25.17550788 22.11253742 42.14696175 17.16804371 15.50892955 41.81562805
 20.74802627]
11
[26.14390436 14.37717416 31.21374632 19.83560622 23.6582716  20.34546793
 20.0797699  16.21760302 28.27020235 13.11675989 29.1624658  28.56961857
 22.84933806 27.3708361  34.36439329 12.87634326 13.65052347 19.33014339
 33.09995847 22.34252128 19.23725425 25.32043305 11.27661824 31.12591246
 26.923125   19.62387205 33.06627877 28.77802341 19.73209475 17.36056183
 21.73160804 21.22061135 23.18687318 27.57943539 16.07217708 30.98300687
 28.02941387 18.35873173 25.27440619 13.55160652 28.16567538 25.23394881
 12.50639159 26.83327796 31.45998978 26.13834399 17.88442821 15.86187772
 28.98690624 17.58695901 19.27439044 22.56184781 33.06264999 17.64536504
 21.84702781 33.73463968 27.61025411 18.79001388 29.61196201 17.23231516
 15.3171954  19.12293627 30.63349265 23.86395483 33.82249019 17.25963332
 14.66595133 21.41523752 30.0694063  20.09016028 13.73201397 26.96242543
 23.22654511 20.27341132 10.6559105  23.7720127  35.30471534 32.18459205
 27.08603637 29.52237549 15.35328517 31.77835057 26.72304034 29.24194898
 23.27743381 26.28980025 32.19735434 31.56281285 23.2583737  26.91744199
 22.43202644 25.68853579 34.96534412 23.73088349 25.22287524 23.51549132
 32.97140779 15.02775606 26.93289518 30.22335685 25.08990343 18.06767494
 26.70139414 30.7297252  15.51419769 16.34554772 21.74186428 24.70891194
 17.62307261 15.6469386  33.99945543 27.93102402 20.51344034 16.84794208
 24.39895388 31.17898605 39.28007788 38.09236483  9.68040555 27.86928434
 23.88865875]
12
[26.15795414 11.30652538 21.2652615  30.69226014 19.5380825  19.66289333
 12.51432872 12.95634149 22.13437024 23.045785   23.70927776 15.91945515
 21.61344103 22.2025517  13.65868161 12.95859981  9.88748147 12.22023645
 26.41307435 21.06510931 17.04739157 20.2411008  15.43042551 23.43756758
 18.07908681 17.7299212  16.84142021 39.61378632 11.16905691 21.97927
 13.40591574 16.76834395 13.97323266 41.10725149 17.67135596 36.38327401
 19.62982548 32.02444179 17.19842799 10.1334639  24.1509829  16.85642489
 25.19831437 27.42294039 26.06924443 13.75248615 21.39248387 15.57075512
 40.65418861 18.10947282 28.01371591 25.05855358 26.38661709 17.20242408
 22.22246744 32.1289607  23.6129216  24.65388035 30.03262669 11.35231321
 14.9845596  18.44262461 20.1709793  12.17434235 31.20481282 18.53963118
 13.70438222 12.80801077 15.19774918 39.93087491 22.14864468 13.54654836
 16.60954677 21.32975296 13.02740819 17.55031643 39.62350916 10.40955384
 15.39052738 26.21526297 23.90321833 12.92998064 23.62449495 16.410143
 27.64790379 24.51571508 32.74397776 12.25095959 30.69805989 13.81046162
 25.70637046 20.26362124 15.89697904  6.67378371 37.49891451 18.53236349
 13.28733427 30.0499355  27.85264151 19.55633292  8.39030256 19.55403277
 17.73449774 23.94204979 13.00667084 24.51762304 23.71111426 28.491522
 30.45037262 18.78538144 31.4732218  26.25405546 14.84657308 33.78390781
 17.52296181 32.78703015 17.72684925 29.84687639 20.36499437 43.47761298
 28.8506593 ]
13
[13.6653903   7.92685791 12.58023822  7.9094659  13.8703747  18.78140697
 17.37429085 14.23082032 15.4819219   7.08472216 27.8529269  22.30841726
 12.38925543 19.54719733 14.05772796 11.1081045   9.60501502 20.26290474
 17.96733394 17.08006708 35.88626786 24.45248257  8.83084378 40.12406674
 35.82075777 14.43663999 26.2516157  15.71242474 17.02922698 14.41255007
 10.26810668 22.51879721 10.70847434 32.82596247 17.35378993 30.45925082
 27.60579903  8.23811992 26.12903388 10.9901499   9.46301271 17.34584529
 19.22626195 25.52183058 33.29762881 23.72309951 28.40048153 14.30557455
 18.43291138 19.83178484 23.65375308 14.20682111  9.6774083   8.49121114
 10.81501858 17.44055589 25.84528484  9.99605233 17.74331149 10.61684003
 10.89533394 12.63059468 17.90711312 10.15015165 32.88852588 13.91024868
 13.71853859 15.9230762   9.39046446 16.05893862 15.1300326  17.43670364
 14.97075645 32.87638231 20.69378295 19.42977584 22.3940243   8.75551448
 22.19530896 20.87654969 14.54157935  7.8964447   7.3901771  28.37836881
 25.5776827  18.80516004 15.06007237 12.04731734 21.69097348 16.30968048
 24.07863556 16.82164075  6.45633782 14.3577847  23.67734297  9.03794153
 19.44025553 10.08386882  6.47615698 18.89139037 14.06359608 12.52627678
 11.78805045 10.43402035 28.64050358 19.18937289 33.70823084 15.54368776
 23.71289237 24.25199998 19.2010118  36.13323715 16.47249546 14.77104066
 28.87026028 44.33578925 29.87160301  9.30768875  6.2484143  16.36548843
 13.05951442]
14
[14.87737541 15.17827693 10.60687534 14.01091266 17.7570903  19.0837871
 13.17403969  9.98368744 25.68243804 11.49738169  9.86109214 18.24457115
 22.74630054 23.71950526 14.09489519 18.1459886  14.58787702 20.54444465
 16.85549276 16.59767517 18.57197162  9.26794306 12.71405201 22.84742231
 27.92526541 17.17148751 20.40582167 23.88465814 13.16511702 24.66576079
 19.01807797 23.61689002 10.87000286 18.47767006  6.53413157 36.40470142
 20.89382059 31.45876179  8.13999563 11.99012159 20.18145105 16.65674009
 17.59365552 19.66116043 19.16519752 11.52643501 17.29998479 12.84945363
 22.20932266  9.92682159 20.67176418 18.05123814 20.0560931  11.17989366
 21.99681195 15.34101592 29.78804313 12.32603097 36.21341607 10.04890833
 10.35938288 18.55347743 15.48100204 26.11782644 29.11168844 19.2109571
 15.89252598 12.4259232  14.3017088  18.55730543 10.67384408 23.39459091
 12.2441641  23.34114724 24.29833996 20.74935962 30.01733259 22.80147523
 11.60512953 22.82202298 17.94703207 10.10979223 32.06143897 23.12109011
 33.46530279  8.72068032 17.25895746 16.12934787 23.3583012  13.29780334
 19.08705986 12.85585836 32.32390048 31.182552   23.11558937 16.36408671
 27.11855378 26.23604251 17.2987589  30.45169847 18.42765168 15.00791789
 30.21744945 17.28648416  9.82911458 14.75223575 20.73144229 18.49581327
 23.09008508 15.48947283 13.08860952 25.90185416 20.49625814 31.57233958
 29.6811005  14.21488447 17.41966118 22.29064918 14.0114142  12.82527073
 22.64130944]
15
[21.97171395 12.23062343 24.99488089 16.4224227  13.41003757 18.65293452
 20.81554713 12.98881156 27.69275844 15.09890612 34.5506959  14.40588017
 14.23353306 22.29820688 14.57343581 19.01666814 10.96265169 19.94869606
 46.60218138 14.70775906 23.35858215 21.12927311 25.0888092  31.22721305
 21.58572505 23.66785587 19.61929047 29.3603893  16.81776351 15.00646193
 13.76937327 32.95570283 18.59505555 35.16532289  9.15317886 22.97362811
 25.78813651 17.51603923 19.15776611 14.87576679 11.77324123 20.80992323
 17.74576425 21.58876046 18.7683444  27.38968567 32.75400758 11.72396049
 36.96132512 24.00801243 12.43124278 13.44605139 16.50164859 24.14004332
 24.91490789 19.56120923 36.07937925 16.24932118 22.71371804  9.61827376
 33.91344481 17.57382533 17.05501843 12.81144997 15.64080904 17.23967404
 10.75064227 12.44713898 16.39342725 32.3067879  22.79257492 31.73675286
 20.05202963 28.18533582 21.3615309  26.78842717 15.69475737 24.9842771
 13.62960809 22.37086697 36.88926818 27.78260564 10.85915491 15.87457762
 20.05733066 22.44386215 34.10221119 29.41006134 17.67497228 17.14139467
 25.85341161 16.86288114 22.47415911 24.85682949 23.59660735 21.70059605
 10.97889687 22.45602342 27.64995666 12.86266043 21.17626785 14.61859385
 20.75116737 20.59959203 17.63470549 19.56227437 23.95674124 23.02152149
 26.31420274 27.07323544 32.30626735 19.12758182 16.48608819 15.78341813
 15.40549697 25.08086797 30.70055455 20.17188132 10.34431487 23.93613762
 18.66971182]
16
[11.1262543   8.27742462 28.75831141 13.42824631 17.46305394 11.20113728
 19.49972382 18.11419281 14.08844558 15.82820924 11.86459113 17.37981038
 13.86066689 27.16471632 15.16905178 15.86862257 15.00657385 19.05620717
 14.97928019 18.84573946 19.71571045 30.91385601 12.89264217 20.63736759
 13.34073301 14.57397843 16.52192939 22.407894   12.71952405 21.66407288
 15.60064699 30.99235458 22.21534351 21.14245511 21.23373419 16.08741952
 24.34756465 10.53305471 22.33250139 15.91154016 22.93897026 13.30985335
 23.32062531 21.34109421 12.31331068 21.64887825 17.45072134 21.96739634
 25.27247814 29.84570265 13.23422399 10.81389336 21.36878747 25.63314339
 22.82453804 20.30466043 23.89240226 16.68452772 28.02398435  8.96837175
 18.2080449  15.21438237 11.90608399  8.42340451 17.50236183 10.93497966
 14.09675745 13.63203409 12.10996349 15.39271551 15.34086069 15.71595193
 42.36793475 16.13051919  7.80453338 22.13119468 19.68884149 11.1237234
 12.14380503 36.72339767 15.95387583 26.4646557  29.38640021 19.64609711
 12.07711675 18.16155995 24.55852392 21.79226271 29.06756698 21.23169018
 26.39550686 23.50500908 18.55113079 12.00812005 16.84602605 34.95992585
 11.64437129 22.2479908  29.72791114 14.9093009  12.77765107 10.05113117
 22.4767288  13.8788847  17.54812503 20.36696551 20.51641247 18.73869469
 19.14638414 18.84551112 18.29021799 14.75816784 15.81468205 28.74253248
 17.85783692 20.93108509 17.24640659 31.11432045 16.03800095  9.26802325
 17.82665865]
17
[27.85899144 19.32865122 17.95377581 18.85833594 23.83548925 15.34994342
 20.06669323 20.61090617 27.72642328 15.84503171 20.68450921 18.28699426
 19.70874983 25.83713321 34.62818683 14.9931638  16.7527008  15.5573159
 20.33197239 18.21157834 35.69313865 21.68183413 12.48290317 27.72070498
 28.41203649 14.68815655 29.54862218 29.04143403 16.57240405 20.85720563
 21.32596771 16.80369503 20.90787992 21.48743227 25.6425355  28.34938724
 27.85012042 23.5492139  26.77212247 16.87721836 26.50302702 16.79914751
 19.07880234 20.66416163 28.49102784 19.20278747 26.13702784 22.43709771
 38.39230989 16.21879126 23.4890107  30.69752361 31.03097108 19.29170302
 20.12959631 25.2199408  37.48008523 17.178352   33.0700656  10.13464946
 20.33959537 20.59802545 23.33696951 18.50007664 24.89514766 34.01534352
 10.0532678  24.05123147 26.04688245 20.92824494 13.61227621 15.10328836
 21.60255071 19.20833702 20.11338293 24.38997908 17.73188287 18.39999882
 28.24377467 24.38997146 20.5663952  14.69427504 19.8623829  19.82006252
 21.32170209 31.36946789 32.32195987 25.40871825 16.95273778 25.96513548
 25.69354824 25.15209149 22.34859689 17.63949783 23.54715932 23.28238887
 13.35261661 16.98561218 27.47276856 30.32917259 31.33798154 26.47432409
 20.14301269 25.3488757  24.00480211 31.11873484 15.19972438 18.04047905
 26.06075966 23.15694878 26.42030832 20.11668756 23.53242611 22.16947719
 21.25829752 20.55709919 11.4726808  29.19753822 26.97616381 28.339864
 21.93625858]
18
[24.00127635 10.36332521 26.22118327 16.10469337 22.52162596 12.6913221
 23.18675053 21.56556082 18.70093    11.82064269 13.98907265 14.90204181
  8.71849066 13.4360753  11.75137516 21.8303057  11.33956852 12.49569686
 31.32860768  8.92791195 14.6372385  14.99924021 16.54770312 30.21323457
 29.497553   12.31104152 12.93153005 22.36896632 16.24515403 21.05863405
 22.27044359 22.49798862 19.96599913 31.18744918 17.02492851 18.9058524
 36.88841397 24.68064255 12.27388096 16.6324643  24.37715921 16.60345248
 12.82657331 13.3412779  20.08574628 24.81201216 24.18245726  7.97163292
 13.84224606 11.69109416 18.56980215 34.30810348 26.19044834 13.89122135
 13.67382482 12.08250291 19.23305592  9.12843668 22.09685936  8.71570674
  8.92037318 14.17129935 28.38824042  9.01476584 19.43170754 13.42406939
  8.29301453 26.96849456 30.33314045 18.50178761 20.94916962 22.28190664
 19.29282729 23.284623   17.75012321 17.21860146 25.13766642 25.87714004
 13.7371658  11.37369229 13.76992079 20.55336013 17.80661937 27.10550179
 16.74647975 22.67572304 15.57207932 32.54100306 13.54154319 16.19744197
 14.97760767 11.94018189 18.41293557 29.96659187 12.94713453 13.02208837
 18.26163701 21.76777866 27.21912986 31.12726564 16.46296262 10.63481929
 19.53649487 14.68298494 12.46415172 22.18947429 21.52792536 11.3669702
 19.73322549 29.98813606 18.84718463 22.32469263 28.2869369  17.96187725
 18.60016645 19.33548284 16.36958782 23.51511853 12.8846954  12.25483007
 14.12642123]
19
[25.52769383 10.62230608 19.33583547 16.95665819 18.16948358 14.57643086
 11.98942617 14.41656094 22.65314239 13.88049715 25.972691   25.29471442
 12.32822042 22.52171677 29.32505436 13.40624911 13.24985927 22.89096325
 26.99510324 12.49606627 19.24774818 16.26644355 12.19373489 24.18986154
 25.67794523 13.78617662 13.29801419 13.24574658 11.2353134  21.76249855
 11.73473814 23.26400812 10.38818879 12.99443016 10.42719205 37.73597666
 27.45831959 12.08857228 19.98361612 14.27252371  9.7484459  21.8111727
 11.56381564 17.88029834 16.36901885 17.51152667 16.99703286 21.11490371
 18.533165   20.83501924 17.35730964 20.03840731 15.78534664 14.03385337
 15.23312593 14.60269355 30.72361772 12.54413172 35.06797595 12.43899967
  9.52120576 14.8491036  22.89359591 18.83646847 12.79128478 11.84823494
 11.17987035 22.09355756 26.11269829 16.55459618 18.82410126 18.1991157
 15.47649004 31.88608951 15.85088192 12.20492437 16.71411908 12.80981199
 17.91368647 17.41113826 12.65697873 16.4698946  31.31609629 15.05777793
 16.31491048 34.50899506 17.81348615 24.95727574 15.7659364  14.19717697
 17.32921492 12.5454679  23.36148165 31.2832278  17.6866752  14.54666146
 23.5590473  18.86978137 23.51633379 23.66691361 17.13685038 22.41941002
 24.08957871 24.46539261 16.70521283 22.73540825 13.40782427 12.35824951
 22.91826454 19.97888076 15.67863185 20.07496506 11.25998922 29.83524704
 16.12837239 15.14382978 17.9849402  16.26717677  8.97809679 15.26008908
 13.87799253]
20
[20.44266342 12.37573651 29.09112165 33.2730222  29.01328594 16.77519529
 19.12739406 17.80491018 40.39174704 24.01443852 15.61362169 14.76060011
 30.85000478 19.11726607 23.95797433 11.56525063 12.85771321 16.5594797
 30.60950454 32.78900296 27.93560331 22.35932495 17.8606715  28.3900441
 20.56723857 19.67183752 21.12686766 12.22983001 25.02508834 26.5076652
 19.44475381 17.65990877 20.2325924  16.10416071 25.03586493 14.29439222
 19.32569457  9.27609463 21.35622469 30.94084385 24.07198695 16.16498934
 35.20904371 26.33411586 31.08676353 30.86478302 35.98296921 11.37544299
 21.38868838 22.07345822 23.23622337 17.17233805 15.52700138 14.06044107
 16.48319459 20.89109613 42.23824357 10.3745078  36.42604713 17.22036099
 15.88857437 13.2010859  16.76650163 21.43978682 24.62521051 25.59875733
 12.66913703 29.27458211 32.07303138 19.91543242 10.72885519 17.80901602
 14.35229319 27.33661763 24.99178715 15.53401274 26.16136635 14.85338763
 26.23874931 32.21462163 15.41835853 17.71480335 17.89558479 20.749652
 24.93357291 22.42569014 32.52363218 18.49651759 13.66621884 22.29623462
 23.45949122 15.98880477 35.67323544 29.94015423 28.45849995 24.03121039
 23.47207071 30.04221186 18.99435418 11.88355092 26.65626163 22.94879947
 14.97870296 28.40896007 19.79067611 14.80925268 36.34262754 24.23210613
 15.75933312 31.61376287 24.67601859 28.30311835 19.48728403 23.43502021
 27.06979865 20.35158321 20.60760025 21.93931193 15.99881927 19.77685226
 23.64200425]
21
[23.03030301 13.36982346 17.07647725 18.13181871 13.94959292 19.55520202
 15.65822428 12.41659609 23.90564058 17.29217536 25.0963815  23.09571171
 29.97850057 22.16093208 20.63175123 12.29397858 10.92079735 11.55901452
 19.02679236 20.53159256 13.58824809 29.30131385 10.38665725 25.54492467
 14.04973633 12.89005822 15.89666105 19.53803839 17.99440056 20.69437447
 16.44186033 14.07096512 27.17205192 21.92171453 11.96813444 25.03944036
 19.22874948 21.73135714 22.71808449 23.04370693 29.64295283 20.17862009
 16.34051399 22.88713625 16.42774232 16.46190223 39.3156267  29.22515394
 28.33927124 17.00472107 41.87627673 26.61427351 20.41043972 14.09111273
 17.26770693 22.35856119 28.07586923  8.01307026 29.34638393 12.72949803
 18.04115998 23.35408261 15.0454567  13.56352136 22.83515149 17.86718582
 12.85766407 14.22094084 34.11430246 22.21732265 21.23586317 17.83089059
 15.48889996 21.71102218 17.24463582 18.81402527 17.96962943 23.79222753
 29.7553208  24.21677981 17.31493321 23.73510306 12.69230874 17.93426301
 33.85111068 25.26014929 15.29592128 17.58600282 24.86849741 14.42314882
 34.56897272 13.34097226 14.48678167 24.55115905 12.61544766 19.9795136
 21.60767211 17.13568887 12.63835502 22.20725125 13.16779121 17.7341733
 16.78947312 17.46639222 10.92813221 14.04614771 22.31577335 18.30265078
 18.70754544 29.36447247 17.0960992  15.5983864  16.88203829 14.28298481
 25.54213648 18.0485582  20.76157723 14.78935258 13.26852701 22.3001593
 17.21057048]
22
[21.6366561  13.18395064 19.46875719 15.10973906 37.25468445 24.29794872
 23.28601758 18.74914863 22.59051059 12.96959092 20.26188584 15.00246973
 27.17720797 31.27613174 17.00608452 20.66304822 15.52385565 28.35203394
 28.26751834 14.82684484 19.16064339 11.38991404 16.56146607 26.45074397
 19.94051191 12.22266036 28.15880756 23.4738636  13.88315143 23.87197727
 29.92671034 21.44168562 19.48229357 26.6139453  17.5932448  13.60222507
 12.09709841 25.2538227  28.51458913 23.01393669 24.25792171 24.55844929
 22.28554572 27.49072787 19.05027116 20.90349823 27.04248678 28.03339992
 26.24040423 17.99368414 26.35134698 17.2145723  28.10509363 18.52399543
 27.60845098 16.00574593 34.49770654 15.86520716 30.21483435 16.34507278
 15.90857164 28.4348467  23.52455775 18.66806988 14.02258784 13.73159193
 16.13647905 14.63234691 15.58339005 30.21437117 22.17383824 23.6210876
 27.98657186 17.11750283 17.74412249 16.41712048 27.51719263 14.69436802
 25.90814835 23.41882034 25.33258479 16.50139383 29.26723029 13.37057877
 17.14998948 21.97704836 30.55927446 25.45940627 26.29699117 19.38391567
 16.65327588 17.8477104  19.75631469 25.44750393 32.66785535 18.50292675
 24.65858974 22.79362599 22.33361709 22.83347956 21.45413139 35.70755141
 15.06871994 11.40715244 24.47791057 17.94364853 20.49897654 20.64707457
 15.82299889 23.47563061 24.35617819 14.14550925 22.0096516  28.74989849
 43.92669679 16.31673742 19.01830121 26.27389833 23.40899321 15.51789088
 18.82399903]
23
[20.01295108 15.0273134  29.91312029 22.29702273 29.19017    22.09015087
 24.52080915 21.07915825 24.03880755 18.06910213 25.59050258 13.85472703
 36.95142168 21.88739155 18.47078497 37.50762526 11.71675131 25.4170732
 24.69504082 20.69570113 17.20320638 15.74491869 17.70061654 27.28939068
 34.09086017 15.54308115 17.06937101 28.76240153 23.71260979 18.88175349
 22.79813256 19.8993997  25.54026045 27.87060499 19.95743392 20.71182985
 27.06807602 27.35993851 27.70864347 17.14898406 18.41418522 21.22456355
 27.6537925  25.55217155 19.0200954  16.05326472 36.48718547 30.9956965
 14.48264455 25.03448746 26.01536567 29.64625005 17.50697913 11.44194328
 23.27340028 26.70105439 37.59380736 22.45593202 23.69349955 16.86063079
 23.48824951 20.31418015 30.56306194 20.23085681 24.8980876  17.4032309
 20.36723123 32.27460203 19.34244338 17.15560205 10.54862243 33.26566086
 24.28019849 18.05021252 19.13910855 25.2397283  14.87342501 27.83603336
 19.80109089 18.74580888 14.92442846 11.21308299 25.88149676 37.3965985
 23.05724033 11.03851477 30.67548074 33.68137422 15.6798425  22.2242703
 25.774651   11.09224781 19.71841564 24.6078125  29.97078783 17.29245528
 24.34502447 29.53042986 16.01971348 20.56394753 22.48074933 25.83809833
 20.3013972  21.35581166 17.57533396 16.28398641 19.06529619 36.0142844
 35.19360113 29.528987   28.16499861 25.18507142 19.92541197 29.6157257
 15.48698693 18.30049134 19.29279861 24.41564839 13.39423881 27.10193457
 28.70674931]
24
[27.04606161 11.64710856 23.32255067 12.48133952 13.29802548 22.87673062
 17.15346218 23.87824804 22.7050381  13.38588659 22.48379604 13.89069698
 15.03887756 14.41647767 19.96567942  8.97340741  6.53783935 19.45489963
 40.64305821  6.68934979 26.54125769 24.84009239 20.36282832 26.66401257
 15.80490075 24.2764437  10.53038383 17.87094336 15.14265603 34.95434422
 20.74649629 21.59019749 13.20772138 30.15244742 21.56913058 26.79584977
 31.03619237 22.9823032  13.13651315 13.38588659 21.10496208 28.49430783
  9.67790706 13.74897765 20.156005   22.62988432 23.13989811 21.96312958
 18.19792284 27.55162184 10.60292198 17.06574238 23.24602448 10.94080231
 14.07526337 16.77561178 30.3664791  21.96892499 25.24459237 18.54828831
 22.54191011 17.66550807 23.29484992 29.88106458 23.5831635  20.24112358
 17.71022165 19.00378548 17.17479015 30.46867222 21.35181552 41.83456693
 24.37857404 15.82030405 22.06196761 32.75984028 33.31382151 24.97100817
 19.08621522 16.08560996  6.96796079 12.26834427 13.74299267 28.2004544
  6.86754639 17.25248461 19.4628708  18.08699162 18.94027742 34.18248753
 12.28510452  7.01953114 22.12431373 13.38588659 19.82811194 19.39250631
 17.61873053 25.04860725 21.75527665 23.31616867 34.71739412 21.66811378
 31.69345563 17.62227781 17.43901507 27.2970275  27.39703757 24.29956556
 30.74520179 37.70710414 23.18614611  8.69664755 15.81373349 13.10525298
 17.01787295 21.4211359  19.38966924 28.87665501 13.92182766 31.32659841
 16.90218096]
25
[16.93005711 16.10792866 27.68230435 26.77387345 24.8424224  27.06795049
 23.26718834 21.83549765 30.09910968 24.58281194 33.21214169 20.97051759
 20.35430087 38.92243711 27.33257884 21.25243844 13.21372629 21.52231405
 27.61159361 16.56734503 20.14572497 21.53461604 16.34419735 30.33482906
 21.34079602 30.33618745 16.13614357 34.660792   10.77215794 20.22949797
 20.63211608 25.50186731 26.24707763 26.48710044 17.89235515 30.86804762
 27.36566629 13.16877724 18.67890801 18.73887813 14.90431822 19.75472921
 16.82943026 25.10282191 15.69761041 20.12918282 26.54185121 18.31306081
 22.5073543  12.71993835 25.88232534 18.74595697 23.93832715 12.6719952
 23.70961906 19.23587375 24.80226617 14.79517649 37.40979308 16.54158336
 17.52164868 18.55483169 40.79231057 14.72546403 16.60913577 12.30409152
 24.19537656 17.72207356 28.03737432 21.00942898 12.83457333 23.55142715
 24.3547056  26.10367078 24.11175998 24.87481116 35.73787245 19.95453575
  9.58792376 28.49778275 23.68560661 18.38012258 24.0791032  20.39753906
 15.72456443 17.94946798 19.62694026 19.69375678 21.3206332  23.27508427
 22.08993865 19.10130318 19.07286977 18.04331941 19.51181931 30.27232921
 27.33663901 36.44240056 33.66388131 23.74423831 21.93740933 17.32732493
 19.5666085  18.85753314 17.71010927 20.02527063 31.39504432 16.51580575
 24.56320621 21.41189505 17.9109493  17.66826775 26.94810066 19.51918452
 19.51001452 25.69968649 17.35906406 25.72728647 13.91122211 29.14577636
 20.22709693]
26
[30.26923815 26.79152326 16.37680128 16.03019403 22.34826925 19.32039297
 22.96535685 25.0086233  30.54696893 19.25066876 24.56542515 16.07446061
 25.89407796 25.43669994 16.51780689 23.04112015 14.12760511 28.9464708
 12.26341331 14.12996268 17.79452039 22.85285696 17.41632329 29.89567627
 16.18488823 19.70701136 21.27333448 23.19537273 19.73503037 23.82060237
 23.07727204 21.50662199 21.14837677 20.19032581 16.80699604 28.9376931
 14.75387142 14.40107106 15.40692909 12.25541502 11.43907866 16.82247307
 15.30500243 19.77840084 29.38477106 17.39361928 19.22450268 12.31019746
 12.80784909 18.48349846 23.46931949 23.5711228  13.05064158 13.38480699
 20.02155452 19.97813878 22.987461   13.71189127 22.03526903 19.77076151
 18.98527455 23.04639716 37.00382702 15.53829901 17.36635465 16.11456231
  9.24501959 17.30328961 18.55844578 18.23368096  7.79824392 14.95989069
 23.33376148 18.78759494 20.3061936  13.8094938  31.72205207 21.00378262
 17.34127382 17.46063048 16.30240988 32.51916752 16.33176921 11.62737175
  9.85812149 17.42805219 15.4714118  29.29011419 23.62652254 13.54518889
 16.66902794 13.98720121 24.94967112 14.37125743 29.86031554 30.77099578
 26.84918889 14.54421796 25.0649219  22.0147233  20.99497178 28.76460255
 20.18353281 12.79102838 20.00982826 29.31519026 14.62336716 21.4362326
 21.29085925 18.81446716 22.57376346 26.11195443 17.73371404 13.6065213
 24.79296894 19.30621388 34.31394002 25.48755715 12.03151362 24.69996056
 28.46057329]
27
[27.63431895 10.99956462 23.99995321 24.76316637 14.82322725 19.01752923
 24.2059157  18.90892645 17.71155415 19.09402283 30.76022898 13.33746266
 25.91655059 27.87341462 20.29764946 27.66685828 18.74777323 22.19550373
 20.38673797 15.90263729 26.39117184 25.44578026 12.45333166 31.36374678
 26.96149563 27.09673373 24.93468275 30.2404991  11.96723132 14.54008251
 18.13299929 25.16053245 30.3433153  13.35597134 11.19836614 29.26101146
 17.68847054 21.23416318 15.92895254 14.09409052 14.98733485 36.0581737
 23.64141489 20.98656949 17.74548593 16.95833519 29.85447324 22.60352053
 17.12199787 20.66998501 23.22177053 18.60930344 32.20141542 17.7716173
 17.10987785 28.92557426 34.20666707 15.83692651 25.27337172 20.20585559
 21.69158742 23.10734526 22.49436462 22.37485386 40.72064269 18.60557207
 11.64413217 11.39884588 17.39647219 26.4279272  14.8323691  32.92660959
 21.24527867 14.12113142 18.89054264 21.61199662 30.15322984 19.0439432
 21.17468295 25.71551978 18.44740599 21.02573464 32.33474554 18.13761611
 16.0062053  38.77717326 26.21082761 14.55199556 23.14305496 24.06713383
 21.53770816 25.23034705 30.49939444 16.15513045 23.29600061 29.45593941
 17.6979049  28.02690534 18.22979526 30.48024876 13.86314802 18.48756382
 14.83646504 21.63452859 25.97275096 27.15262102 27.21837828 22.99209467
 14.77016421 16.26430125 15.29428928 27.60859845 28.18795993 30.61098901
 20.85882983 28.04253058 35.73920373 28.7521422  20.79186309 19.58809411
 32.18046245]
28
[17.43856961 15.53529144 22.87560647 27.77088339 26.02999439 33.23360604
 16.65865897 32.22250593 21.6469306  18.54923089 15.19969208 28.26015957
 22.60167084 23.17475569 33.74655502 25.99461153 15.49120531 20.56546065
 28.36240423 20.61138161 29.23904375 14.84550904 14.00421048 24.84046394
 17.51370046 16.82134229 18.20219072 26.53911005 18.79301141 22.56924996
 26.86634495 26.03052316 42.53115809 26.0770169  22.45448016 30.3852021
 17.5870165  22.19795663 42.00084125 19.68918744 20.24262126 30.66871707
 13.64389279 18.80197563 22.00661674 27.36764659 27.47064726 18.39793659
 30.33336306 16.32654142 23.51316965 19.64588992 18.33859589 20.78149297
 27.59127344 33.67398336 36.88003053 11.64262842 14.93359245  8.39067541
 10.46789683 15.96233221 37.07508914 22.3863699  22.2902677  17.45135611
 13.85976387 22.6025259  16.1227367  21.79116149 21.42688736 30.4585384
 16.90261205 19.79816249 20.07832439 18.10035407 33.30156894 27.5737774
 11.81451679 24.82951481 32.38555825 14.73167022 27.23973402 24.37749282
 30.89492964 24.65194976 18.80000029 16.81911798 13.1926237  25.44116177
 19.47274769 14.61027637 20.75307679 18.15969455 23.47295789 21.05327967
 27.49448091 25.13349238 25.81026785 24.97167863 23.45025662 21.70524289
 27.47886764 27.83996058 30.90804906 22.53422856 22.62196864 18.38498869
 18.36868005 19.75778631 21.42321965 14.28392368 23.87426272 22.54432895
 37.59819774 20.59147373 35.2564039  22.64669746 14.48649979 34.24654143
 15.22947947]
29
[23.91908824 12.58765854 17.73674478 24.51210417 36.24153576 20.93501701
 16.16687146 35.17633581 16.96315328 17.29736957 30.91395149 18.22232424
 30.70524468 25.57816085 20.56225651 20.34290633 14.43617738 20.14297542
 16.98575951 16.05784995 32.03370449 25.63113595 12.09739359 22.3345473
 18.51931913 23.79485562 17.62095688 21.40587829 21.13098991 28.83173028
 16.37361128 19.57975337 21.82004756 33.32820365 13.88093134 37.35059422
 15.70705947 20.02402166 20.09122388 16.71453473 10.63684677 17.10475383
 18.12767789 24.71382473 17.03297147 21.16433905 19.9049179  21.10129846
 17.55704052 23.51236202 27.45041482 16.38486969 19.11764407 10.91174003
 21.07102875 24.08844725 34.42607018 13.47644915 24.42709302 10.22774626
 13.19538665 20.3964935  19.08999879 12.49646951 22.81060877 20.63402818
 19.95110195 28.09215299 25.33441719 18.29779678 11.79938812 29.22505496
 24.81910014 20.92579499 19.23631415 22.96785694 23.22068243 27.66334357
 14.16263154 28.45194122 19.41552089 15.69027251 34.00461669 14.90326276
 17.32336223 26.88468835 22.06448642 33.97818802 26.65846118 18.79703506
 22.75397324 33.71809381 22.7097774  19.57400089 16.95903794 21.76171376
 25.26120152 21.05218182 12.22439944 28.60145133 26.6873457  14.10284463
 25.71180639 14.69790521 10.8720814  26.88652187 21.82152747 25.4560769
 27.83302794 20.23150289 42.73586484 16.01374257 15.98180485 14.51989726
 21.87573963 14.96219572 20.47536756 30.71691313 16.14618081 24.86398532
 24.26062908]
