[25.52769383 10.62230608 19.33583547 16.95665819 18.16948358 14.57643086
 11.98942617 14.41656094 22.65314239 13.88049715 25.972691   25.29471442
 12.32822042 22.52171677 29.32505436 13.40624911 13.24985927 22.89096325
 26.99510324 12.49606627 19.24774818 16.26644355 12.19373489 24.18986154
 25.67794523 13.78617662 13.29801419 13.24574658 11.2353134  21.76249855
 11.73473814 23.26400812 10.38818879 12.99443016 10.42719205 37.73597666
 27.45831959 12.08857228 19.98361612 14.27252371  9.7484459  21.8111727
 11.56381564 17.88029834 16.36901885 17.51152667 16.99703286 21.11490371
 18.533165   20.83501924 17.35730964 20.03840731 15.78534664 14.03385337
 15.23312593 14.60269355 30.72361772 12.54413172 35.06797595 12.43899967
  9.52120576 14.8491036  22.89359591 18.83646847 12.79128478 11.84823494
 11.17987035 22.09355756 26.11269829 16.55459618 18.82410126 18.1991157
 15.47649004 31.88608951 15.85088192 12.20492437 16.71411908 12.80981199
 17.91368647 17.41113826 12.65697873 16.4698946  31.31609629 15.05777793
 16.31491048 34.50899506 17.81348615 24.95727574 15.7659364  14.19717697
 17.32921492 12.5454679  23.36148165 31.2832278  17.6866752  14.54666146
 23.5590473  18.86978137 23.51633379 23.66691361 17.13685038 22.41941002
 24.08957871 24.46539261 16.70521283 22.73540825 13.40782427 12.35824951
 22.91826454 19.97888076 15.67863185 20.07496506 11.25998922 29.83524704
 16.12837239 15.14382978 17.9849402  16.26717677  8.97809679 15.26008908
 13.87799253]