[14.03813512  8.17721038 17.77862347 16.19366192 14.21784286  7.70597966
 13.52025777 12.03180038 14.40796535 10.4100987  20.82053395 15.29291222
 27.84608779 14.93158472 14.44930219 17.47196828 10.95882503 31.75496872
 42.44026199 11.74600184  8.85212161  9.97762636 43.61317362 12.97697424
 13.72778699 21.30866273 11.96666454 20.32884619 24.73560544 15.6429429
 12.86550877 16.22022573 21.03184807 19.70924055 14.41815473 22.9620116
  8.67136253 13.20125852 14.92824219 35.41167566  7.91611334 12.36474628
 21.37411674 19.05448003 24.58652349 17.3995479  30.45360301 21.73331126
 15.19427287 18.19456071 26.24704296 17.4280486  20.04012956 28.00895802
 17.35576142 15.69326634 13.64895561 13.28543303 20.95602303 18.2006939
 31.60405947 17.3135884  33.15937128 23.77522864 13.33738561 15.45056146
 11.84042257 18.64569982 18.10974186 25.92629572 10.32434562  8.68301884
 27.44093821 19.38064353 21.67119377 20.604986   19.18849178 16.18989464
 20.03504223 21.9552786  25.35789894 24.89529954 27.90305445 17.95016849
 15.81049146 34.87462325 21.66212237 24.41724007  9.63619909 19.34834864
 27.57515164 22.91012202 14.69494896 10.20750351 22.11177047 27.92695778
 25.86484772 18.40492053 32.43572594 21.3982759  20.77784785  7.58256142
 16.40076403 17.23199796 12.87694882 17.15384077 18.54495111 17.50543184
 15.03196491 27.34312447 30.1128121  28.36903843 21.74771066 21.52653774
  8.60826517  9.73665997 15.49531384 14.8749406  25.4558993  16.33459776
 24.75892951  9.80868593 16.57899087 23.30195779  8.84041089 22.84417424
  9.81700315 10.05100051 21.84384446 20.94356773 35.2218067  18.53647682
 12.23377847 22.56981439 19.32312349 15.35801894 27.83667887 22.7932316
 40.95028403  9.66417794  8.0961835  31.60444117 20.15113099 14.31317207
 13.54546519 18.92838615 12.59414724 20.78746346 10.41320521 21.18406459
 21.88632464 14.20581253 17.38207828  5.8860452  31.56672175 39.0158427
 10.30923252 10.44913098 29.76804574 11.33271386 17.84235138 31.27211181
 14.61553117 11.32583535 48.30160221 23.5419798  22.41843489 24.41647723
 14.97167552 15.69180893 20.27351822  5.97456752  8.91626655 13.67364065
 32.00179111 25.18267281 17.42414702 26.57886869 18.23444232 12.55094303
 15.50202544 15.17866341 13.64668852 21.49159822 25.63743596 14.51955046
 16.09329643 11.99775053 19.74476035 17.75436744 32.19976573 10.59581717
 18.86668272 14.58266262 26.85726118 12.64091833 24.19418592  7.17115197
 18.6219847  32.24416764 20.81395033 15.88784177 15.79924131 16.21449219
 25.84120987 25.22838624 28.43707827 14.19282972 14.17518003 20.51179603
  7.89822899 16.97587678 19.67170535 14.32274451 18.20363935 21.35219922
 12.20514263 11.82118465 21.2696618  26.01006408 16.24035889 14.15099354
 21.40838524 25.96351765 13.77010656 10.17255857  9.4087932  17.64416757
  9.5709536  14.62869306 19.38147679 21.5393415   8.31155512 20.22444932
 10.84875621 22.39610886 19.66704591  9.36417812 11.77394903 11.45649436
 11.30365644 13.89225266 20.96726667 19.49225193 15.28256131  9.05592392
 14.4543749  20.22034673 22.10491588 12.48859728 16.39507699  8.91800971
 16.93208442 25.68560542  7.96828253 10.85121775 11.71378965 12.97478572
 17.89927929 18.79443193 20.4759575  30.12060076 19.75310493 23.87667802
  9.19665104 22.40628556 28.55255135 16.81840711 10.48353504 15.78467079
 41.35045269 35.01139259 14.9295886  28.31095264 12.09198795 31.01130291
 14.32947832 20.06250094 23.31348558 13.89009955 15.69248642 38.03929355
 12.88300053 13.68149726 26.41181303 19.92649806 22.314611   11.22185327
 14.18054602 19.99773073 28.95204253 14.06945441 20.3245382  20.40888858
 20.46477693 26.49703536 20.8082644  18.95717764 16.61877892 16.25365978
 11.04717214 14.17764061 25.68371267 34.10691529 12.03911227  8.05716534
 11.53138998 18.09703909 13.43028998 26.86590896 11.89558594 21.58157243
 14.64945827 16.95384233 19.2348518  17.78829403 15.48151979 17.05936317
 15.19597344 12.21561481 21.53412818 31.70020683 21.05368736 24.7093157
 20.88552632 14.51300175 13.25147863 13.75441253 19.488961   24.5824035
 24.7374199  14.62556473 25.63623486  9.65402808 31.50504326 20.06703237
 16.83266551 25.4827772  17.26634486 18.33918597 22.66656256 18.65195757
 23.46349837 22.62551023 30.38747233 20.81914916 26.87688717 17.27042415
 19.53231375 10.11103671 15.45540133 10.76753454 19.20773603  8.23340616
 21.05644309 20.17878288 21.26207033 14.40096519 13.53615313 11.60059006
 26.78390955 25.95574833 27.74589451 10.91351781 33.0303343  24.67491361
 27.89024301 29.64819154 28.19279614 16.47621332 21.89727908 30.01772732
 15.11957031 25.31084472 15.17674879 16.95311377 21.7496609  23.36646394
 18.14002125 14.21033779 11.00456693 25.48280223 18.21595883  9.429228
 15.04987874 27.85116652 14.28961335 17.94615364 21.23200245 30.80414673
 17.28152049 29.93453147 26.57411987 30.44842107 19.2958793  24.50070683
 11.12957763 13.74778148 20.26882234 13.12797855 11.4580539  19.69349689
 19.03371612 15.90464146 25.94166573 14.30632351 25.97982926 25.18731892
 13.80902297 30.40740475 14.51054833 12.98313415 11.25551656 21.23039141
 18.10596818 22.57430112 18.47509064 25.02585683 14.73504123 21.0837733
 27.52256983 30.20898002 17.90304082 29.08189656 18.20292958 20.18752474
 25.44752947 18.31173989 31.11583718 22.92462455 23.18058177 11.76603528
 19.70308046 10.75076584 21.05678303 33.53955279 15.08122894 14.94596164
  9.62241209 21.04809117 19.53834089 23.58985811 19.27389958 13.61414548
 11.87573424 11.74238049 12.72595332 22.16444706 10.00141931 14.43204474
 22.20017669 18.69968047 14.12801761 13.59683777 19.1345769  43.27382189
 21.9549586  16.02585203 11.29922487 26.50329621 25.59469794 23.48648439
 18.77851563 15.38414815 18.56093197 13.63683825 27.29681432 23.28035952
 33.07590372 25.26606881 19.62778519  7.88609858 13.74414131 20.79638167
 13.43023631 11.11209315 38.26378277 17.97103728 12.3154305  19.68699066]