[59.50904726 59.50904726 59.50904726 59.50904726 59.50904726 59.50904726
 59.50904726 59.50904726 59.50904726 59.50904726 59.50904726 59.50904726
 59.50904726 59.50904726 59.50904726 59.50904726 59.50904726 43.55268178
 59.50904726 59.50904726 59.50904726 59.7195975  59.50904726 59.50904726
 59.50904726 59.50904726 59.50904726 59.50904726 59.50904726 59.50904726
 59.50904726 59.50904726 59.50904726 59.50904726 59.50904726 59.50904726
 59.50904726 59.50904726 59.50904726 59.50904726 59.50904726 56.77824893
 59.50904726 57.2691016  59.50904726 59.50904726 59.50904726 48.82608557
 59.50904726 59.50904726 59.50904726 59.50904726 59.50904726 56.8282461
 59.50904726 54.87053789 59.50904726 59.50904726 59.50904726 59.50904726
 59.50904726 59.50904726 59.50904726 59.50904726 59.50904726 59.50904726
 59.50904726 59.50904726 59.50904726 59.50904726 59.50904726 59.50904726
 59.50904726 59.50904726 59.50904726 59.50904726 59.50904726 59.50904726
 59.50904726 59.50904726 59.50904726 59.50904726 59.50904726 40.39364798
 59.50904726 59.50904726 59.50904726 59.50904726 59.50904726 59.50904726
 59.50904726 59.50904726 59.50904726 59.50904726 52.51024755 59.50904726
 59.50904726 59.50904726 59.50904726 59.50904726 59.50904726 59.50904726
 59.50904726 59.50904726 59.50904726 59.50904726 59.50904726 59.50904726
 59.50904726 59.50904726 59.50904726 59.50904726 59.50904726 59.50904726
 59.50904726 59.50904726 47.87669423 59.50904726 59.50904726 59.50904726
 59.50904726 59.50904726 59.50904726 59.50904726 59.50904726 59.50904726
 59.50904726 59.50904726 59.50904726 59.50904726 59.50904726 59.50904726
 59.50904726 59.50904726 59.50904726 59.50904726 59.50904726 59.50904726
 59.50904726 59.50904726 59.50904726 59.50904726 59.50904726 49.23444504
 59.50904726 59.50904726 59.50904726 59.50904726 59.50904726 59.50904726
 59.50904726 59.50904726 59.50904726 59.50904726 59.50904726 59.50904726
 59.50904726 59.50904726 59.50904726 59.50904726 59.50904726 59.50904726
 59.50904726 48.80876031 59.50904726 59.50904726 59.50904726 59.50904726
 59.50904726 59.50904726 59.50904726 59.50904726 54.09748285 59.50904726
 59.50904726 59.50904726 59.50904726 59.50904726 59.50904726 59.50904726
 59.50904726 59.50904726 59.50904726 59.50904726 59.50904726 59.01957716
 59.50904726 59.50904726 59.50904726 59.50904726 59.50904726 59.50904726
 59.50904726 59.50904726 59.50904726 59.50904726 59.50904726 49.18218601
 59.50904726 59.50904726 59.50904726 59.50904726 59.50904726 59.50904726
 59.50904726 59.50904726 59.50904726 59.50904726 59.50904726 59.50904726
 59.50904726 59.50904726 59.50904726 59.50904726 59.50904726 59.50904726
 59.50904726 59.50904726 59.50904726 59.50904726 59.50904726 59.50904726
 59.50904726 46.51033756 59.38169045 59.50904726 56.59577302 59.50904726
 59.50904726 59.50904726 59.50904726 59.50904726 59.50904726 59.50904726
 59.50904726 47.38188489 59.50904726 59.50904726 59.50904726 59.50904726
 59.50904726 59.50904726 59.50904726 59.50904726 59.50904726 59.50904726
 59.50904726 59.50904726 59.50904726 59.50904726 59.50904726 59.50904726
 59.50904726 59.50904726 59.50904726 59.50904726 59.50904726 59.50904726
 59.50904726 59.50904726 59.50904726 59.50904726 59.50904726 59.50904726
 59.50904726 59.50904726 59.50904726 59.50904726 59.50904726 59.50904726
 59.50904726 59.50904726 59.50904726 59.50904726 59.50904726 59.50904726
 59.50904726 50.94020651 55.03086602 59.50904726 59.50904726 59.50904726
 59.50904726 59.50904726 59.50904726 59.50904726 59.50904726 59.50904726
 59.50904726 59.50904726 59.50904726 59.50904726 59.50904726 59.50904726
 59.50904726 59.50904726 45.24969996 59.50904726 59.50904726 59.50904726
 59.50904726 59.50904726 52.61330045 59.50904726 59.50904726 59.50904726
 59.50904726 59.50904726 59.50904726 59.50904726 59.50904726 59.50904726
 59.50904726 59.50904726 59.50904726 59.50904726 59.50904726 59.50904726
 59.50904726 59.50904726 59.50904726 59.50904726 59.50904726 59.50904726
 59.50904726 59.50904726 59.50904726 59.50904726 59.50904726 59.50904726
 59.50904726 59.50904726 59.50904726 59.50904726 59.50904726 59.50904726
 59.50904726 59.50904726 59.50904726 59.50904726 59.50904726 59.50904726
 59.50904726 59.50904726 59.50904726 59.50904726 59.50904726 57.51147648
 59.50904726 52.10205312 59.50904726 59.50904726 59.50904726 59.50904726
 59.50904726 59.50904726 59.50904726 59.50904726 59.50904726 59.50904726
 57.07135828 58.00700727 59.50904726 59.50904726 59.50904726 59.50904726
 59.50904726 59.50904726 59.50904726 59.50904726 50.88672139 58.15850047
 59.50904726 59.50904726 59.50904726 59.50904726 59.50904726 59.50904726
 59.50904726 59.50904726 59.50904726 59.50904726 59.50904726 59.50904726
 59.50904726 59.50904726 59.50904726 59.50904726 59.50904726 59.50904726
 55.58705242 59.50904726 59.50904726 59.50904726 59.50904726 59.50904726
 59.50904726 59.50904726 59.50904726 59.50904726 59.50904726 59.50904726
 59.50904726 59.50904726 59.50904726 59.50904726 59.50904726 59.50904726
 59.50904726 59.50904726 59.50904726 59.50904726 59.50904726 59.50904726
 59.50904726 59.50904726 56.96174763 59.50904726 59.50904726 59.50904726
 59.50904726 59.50904726 59.50904726 59.50904726 59.50904726 59.50904726
 59.50904726 59.50904726 59.50904726 59.50904726 59.50904726 59.50904726
 59.50904726 59.50904726 59.50904726 59.50904726 59.50904726 59.50904726
 59.50904726 59.50904726 59.50904726 59.50904726 59.50904726 59.50904726
 59.50904726 59.50904726 59.50904726 59.50904726 59.50904726 59.50904726
 59.50904726 59.50904726 59.50904726 59.50904726 59.50904726 59.50904726
 59.50904726 59.50904726 59.50904726 59.50904726 59.50904726 59.50904726
 59.50904726 59.50904726 59.50904726 59.50904726 59.50904726 59.50904726
 59.50904726 59.50904726 59.50904726 59.50904726 50.54442859 59.50904726
 59.50904726 59.50904726 59.50904726 59.50904726 59.50904726 59.50904726
 59.50904726 59.50904726 59.50904726 59.50904726 52.53839338 59.50904726
 59.50904726 59.50904726 59.50904726 59.50904726 59.50904726 59.50904726
 59.50904726 58.8633659  59.50904726 59.50904726 59.50904726 58.62335675
 59.50904726 59.50904726 59.50904726 59.50904726 59.50904726 59.50904726
 59.50904726 59.50904726 59.50904726 58.33348868 59.50904726 59.50904726
 59.50904726 59.50904726 46.78446019 59.05353079 59.50904726 59.50904726
 59.50904726 59.50904726 59.50904726 59.50904726 59.50904726 59.50904726
 59.50904726 59.50904726 59.50904726 59.50904726 59.50904726 59.50904726
 59.50904726 59.50904726 59.50904726 59.50904726 59.50904726 59.50904726
 59.50904726 59.50904726 59.50904726 59.50904726 59.50904726 59.50904726
 57.91344619 59.50904726 59.50904726 59.50904726 59.50904726 52.04991279
 59.50904726 59.50904726 59.50904726 59.50904726 59.50904726 59.50904726
 59.50904726 59.50904726 59.50904726 59.50904726 59.50904726 59.50904726
 59.50904726 59.50904726 59.50904726 59.50904726 59.50904726 59.50904726
 59.50904726 59.50904726 59.50904726 59.50904726 59.50904726 59.50904726
 59.50904726 59.50904726 59.50904726 59.50904726 59.50904726 59.50904726
 59.50904726 57.27998383 59.50904726 58.41349937 59.50904726 59.50904726
 59.50904726 59.50904726 59.50904726 59.50904726 59.50904726 59.50904726
 59.50904726 59.50904726 59.50904726 59.50904726 59.50904726 59.50904726
 59.50904726 59.50904726 59.50904726 51.99249174 59.50904726 59.50904726
 59.50904726 59.50904726 59.50904726 59.50904726 59.50904726 59.50904726
 59.50904726 59.50904726 59.50904726 59.50904726 59.50904726 59.50904726
 59.50904726 59.50904726 59.50904726 59.50904726 56.9121785  59.50904726
 59.50904726 59.50904726 51.73868616 59.50904726 59.50904726 59.50904726
 59.50904726 59.50904726 59.50904726 59.50904726 59.50904726 59.50904726
 59.50904726 59.50904726 59.50904726 59.50904726 59.50904726 59.50904726
 59.50904726 59.50904726 59.50904726 59.50904726 59.50904726 58.33148374
 59.96610912 59.50904726 59.50904726 59.50904726 59.50904726 59.50904726
 59.50904726 59.50904726 59.50904726 59.50904726 59.50904726 59.50904726
 59.50904726 59.50904726 59.50904726 59.50904726 59.50904726 59.50904726
 59.50904726 59.50904726 59.50904726 59.50904726 59.50904726 59.50904726
 59.50904726 59.50904726 59.50904726 59.50904726 59.50904726 59.50904726
 59.50904726 59.50904726 59.50904726 59.50904726 59.50904726 59.50904726
 58.09541103 59.50904726 59.50904726 59.50904726 52.13314252 59.50904726
 59.50904726 59.57575048 59.50904726 59.50904726 59.50904726 59.50904726
 59.50904726 59.50904726 59.50904726 59.50904726 59.50904726 59.50904726
 59.50904726 59.50904726 59.50904726 53.81065193 59.50904726 55.09338753
 58.19247067 57.2085911  59.50904726 59.50904726 59.50904726 59.50904726
 59.50904726 59.50904726 59.50904726 59.50904726 59.50904726 59.50904726
 59.50904726 59.50904726 59.50904726 59.8644134  59.50904726 59.50904726
 59.50904726 59.48953554 59.50904726 59.50904726 59.50904726 59.50904726
 59.50904726 58.72586233 59.50904726 59.50904726 59.50904726 59.50904726
 59.50904726 59.50904726 59.50904726 59.50904726 59.50904726 59.50904726
 59.50904726 59.50904726 59.50904726 59.50904726 59.50904726 59.50904726
 59.50904726 59.50904726 59.50904726 59.50904726 59.50904726 59.50904726
 59.50904726 59.50904726 59.50904726 59.50904726 49.78367215 59.50904726
 59.50904726 59.50904726 59.50904726 58.04181157 59.50904726 59.50904726
 59.50904726 59.50904726 59.50904726 59.50904726 59.50904726 59.50904726
 59.50904726 59.50904726 59.50904726 59.50904726 59.50904726 59.50904726
 59.50904726 59.50904726 59.50904726 59.50904726 59.50904726 59.50904726
 59.50904726 59.50904726 59.50904726 59.50904726 49.37697005 59.50904726
 59.50904726 59.50904726 59.50904726 59.50904726 59.50904726 59.50904726
 59.50904726 59.50904726 59.50904726 59.50904726 59.50904726 59.50904726
 59.50904726 59.50904726 59.50904726 59.50904726 59.50904726 59.50904726
 59.50904726 59.50904726 59.50904726 59.50904726 59.6706772  59.50904726
 59.50904726 59.50904726 59.50904726 59.50904726 59.50904726 59.50904726
 59.50904726 59.50904726 59.50904726 59.50904726 59.50904726 59.50904726
 59.50904726 57.95667253 59.50904726 59.50904726 59.50904726 59.50904726
 59.50904726 59.50904726 55.68180983 59.50904726 51.50018704 59.50904726
 59.50904726 59.50904726 59.50904726 52.97949371 59.50904726 59.50904726
 59.50904726 59.50904726 59.50904726 59.50904726 59.50904726 59.50904726
 59.50904726 59.50904726 59.50904726 59.50904726 59.50904726 59.50904726
 59.50904726 59.50904726 59.50904726 59.50904726 59.50904726 59.50904726
 59.50904726 59.50904726 59.50904726 59.50904726 59.50904726 59.50904726
 59.50904726 59.50904726 59.50904726 59.50904726 59.50904726 59.50904726
 59.50904726 59.50904726 59.50904726 59.50904726 59.50904726 59.50904726
 59.50904726 59.50904726 59.50904726 59.50904726 59.50904726 59.50904726
 59.50904726 48.15422208 59.50904726 59.50904726 59.50904726 59.50904726
 59.50904726 54.15185737 59.50904726 59.50904726 59.50904726 59.50904726
 59.50904726 59.50904726 59.50904726 59.50904726 59.50904726 59.50904726
 59.50904726 59.50904726 59.50904726 59.50904726 59.50904726 59.50904726
 59.50904726 46.64810235 59.50904726 59.50904726 47.38947053 59.50904726
 59.50904726 59.50904726 59.50904726 59.50904726 59.50904726 59.50904726
 59.50904726 59.50904726 59.50904726 59.50904726 59.50904726 59.50904726
 59.50904726 59.50904726 59.50904726 59.50904726 59.50904726 59.50904726
 59.50904726 59.50904726 59.50904726 59.50904726 54.18766119 59.50904726
 59.50904726 59.50904726 59.50904726 59.50904726 59.50904726 59.50904726
 59.50904726 59.50904726 59.50904726 59.50904726 59.50904726 59.50904726
 59.50904726 59.50904726 59.50904726 59.50904726 59.50904726 59.50904726
 59.50904726 59.50904726 59.50904726 59.50904726 59.50904726 59.50904726
 59.50904726 57.65028494 59.50904726 59.50904726 59.50904726 59.50904726
 59.50904726 59.50904726 55.82023997 59.50904726 59.50904726 59.50904726
 59.50904726 59.50904726 49.8172107  59.50904726 59.50904726 59.50904726
 59.50904726 59.50904726 59.50904726 59.50904726 59.50904726 59.50904726
 58.91009008 59.50904726 59.50904726 59.50904726 59.50904726 52.56968026
 59.50904726 53.94444311 56.89028197 59.50904726 59.50904726 54.89000884
 59.50904726 59.50904726 59.50904726 59.50904726 59.50904726 59.50904726
 59.50904726 59.50904726 59.50904726 59.50904726 52.58064982 59.50904726
 59.50904726 59.50904726 59.50904726 59.50904726 59.50904726 59.50904726
 59.50904726 59.50904726 59.50904726 59.50904726 59.50904726 59.50904726
 59.50904726 58.01480525 59.50904726 59.50904726 59.50904726 59.50904726
 59.50904726 59.50904726 59.4948646  59.50904726 54.23656936 59.50904726
 59.50904726 59.50904726 59.50904726 59.50904726 59.50904726 59.50904726
 59.50904726 59.50904726 59.50904726 59.50904726 59.50904726 59.50904726
 59.50904726]