0
[54.88114305 28.58026179 17.66775583 33.62985855 12.80262542  8.57630026
 47.35314498 16.52395976 31.40048099 13.2710476  22.48651301 20.09337813
 13.61875938 53.72724624 38.7164543  11.02330381 21.9657518   8.74467083
 24.06926317 33.17941886 42.72032202  8.91835751 18.32904999 19.64518368
 28.3316615  13.27677156  9.27769603 39.06305815 15.74159254  7.77524752
 17.7531978  25.58539132 35.11727774 17.40301955 29.72876062 23.76931723
 33.17711831 37.98493431 49.86292151 24.12659632 50.68581877 18.639733
 30.65036231 29.64212177 22.80677639  7.92819912 33.74232768 11.52220156
 31.26018146 13.02317977 35.73720981 29.80489707 25.74833033  9.82230749
 18.45770567 26.05553033 31.59206622 24.260836   40.47625992 11.95955608
  9.81731605 12.58285629 16.70596796 10.78793366 14.90618586 12.50727719
 21.90413509 21.25259055 16.07419022 21.14382649 22.27916902 32.63266938
 34.96729637 11.9884608  11.32676838 11.07370797 40.26028148 33.97926204
 18.51255976  9.40483553 21.19933133  5.1600877  17.78301799 29.42200897
 25.64132438 34.15544401 54.6159092  50.83694762 44.97201289 30.78120517
 39.70373378 19.80027476 40.15091004  6.64287545 14.7550285  21.77371908
 33.62313682 30.26120598 21.17804088 10.46730972 29.26685829 13.86599272
 22.0835128  20.50787565 55.1630724  13.07135609 30.56805643 10.77044834
 59.94276882  7.53700249 41.91947344 28.80703505 36.50578735 20.26002185
 30.96278287  6.62583629 20.72306274 14.11968257  6.91130293 16.50536778
 30.72374618]
1
[28.71086554 31.17724829 13.17533701 25.03537729 32.1400288   6.56410631
 40.34760647 31.82061165 33.75112339 18.62166445 38.35540976  8.87897939
 49.81778385 39.56312916 10.57361576 13.08035212 47.39609869 19.33809235
 22.49517442 26.12663289 51.88740132 29.87969195 13.85616882 53.87174888
 29.14419065 19.83108854 24.5684023  49.4282913  35.42627775 22.4093419
 20.92968135 11.64339545 14.75738583 48.83194379  6.67232168 20.25531125
 45.15431349 31.58053622 27.02618587 10.37848521 21.46699544 50.25500315
 22.11745843 22.68474668 32.97709177 28.87529732 34.51888881 24.20373449
 51.55601508  7.75709285 15.77926948 51.46098692 49.2898124  14.32339255
 29.74205765 38.32298421 40.63503191  6.65401838 21.38262794 30.51959594
 42.25561595 37.65854483 35.99798368 22.89053145 54.03381032 36.03442805
 19.50441508 43.3502587  16.19830958 20.99972977 10.37093577 13.56010108
 30.47311624 23.3628056  45.02866608 28.18126319 18.37572457 10.56570687
 15.80761838 43.57368338 28.63501797 14.27496204 30.69340915 21.27733002
  6.21745411 46.46413468 20.63269753 28.90870514  9.7888328  10.02786813
 14.18328968  9.90984383 27.50308483  7.91343192 40.70149919 32.67075614
  8.86067681 26.45267475 16.27884489 35.20370561 36.42977582 18.66698599
 49.85147209 27.92312037 47.4706311  34.46090117 22.44389826 36.81772881
 32.97394408  8.04063902 28.020395   27.98250633 42.52322251 17.94288657
 46.05964885 13.2530892  23.58531548 31.70795392 11.04599063 25.99130544
 36.23359751]
2
[38.2304982  19.19862053 21.76316179 17.15073817 21.08901851 17.92615123
 45.38284959 15.99958429 35.72855859 10.76603059 21.15686196 17.57694419
 17.89360225 32.29201176 18.84802888 31.22525724 19.79298487 23.42689144
 20.25005824 18.86286242 48.78162986 31.85540987 10.87964188 44.19239116
 30.37360203 13.68524073  9.43115326 46.8290542  34.46730836 38.20420102
 41.04105296 56.5996994  10.30810439 33.29046585  9.77354275 48.03320317
 33.69278029 40.38630692 37.38134509 22.62444541 19.77823619 31.32917862
 21.94684596 35.97115231 36.93927215 40.46451395 51.02876327 56.84457624
 36.47897627  9.34853122 53.80323618 25.88434104 10.4001311  26.50667771
 36.68073655 29.03726353 52.00710245 23.99047242 28.17015125 17.74629821
 25.53686198 19.22436768 31.0416582  34.56262455 39.48072483 16.8255518
  5.49812682 37.57221649 48.31969294 25.16359504 15.66255005 18.18551402
 12.14106128 24.3855842  31.35037397 20.13059666 19.16068465 15.03801526
  6.4035266   8.70080374  6.86272986  7.54372717 39.18532124 17.41048913
 36.5709123  14.73920773 43.38254676 22.18364395 33.99174812 20.01487722
 58.48657727 46.85783172 57.76068073 15.76656357 17.27958965 13.29682617
 30.65728179 55.23808413 24.41139137  8.45954513 20.99369562 49.46439742
 14.20335759  9.42878424 33.23079252 21.11248385 22.46699737 27.25528109
 29.64561895  5.3685241   6.62693006 30.7687386   9.42605251 16.81438718
 35.44217042 13.38813915 27.47881993 42.78952612 18.45016985 19.13543937
 41.07516374]
3
[ 8.26341336 14.79652107 21.18589448 30.96551744 44.80211867 23.55748459
 34.01980786 20.08669525 30.1521321  15.50771228 26.5163088  12.98323707
  6.4373824  39.97489572 28.10916793  8.60933734 16.05038438 13.00271252
 28.95184623 19.30991964 21.50143617 32.70201228 32.0792804  45.52538963
 41.04398222 39.96484355 33.27989464 18.131459    9.20270951 29.36187925
  8.78389587 56.61882334 24.37514244 44.55344606 35.95642256 42.50542719
  8.8587912  25.98567316 19.31309471  8.92696668 45.76787783 45.21933203
 19.99634365 46.6999776  48.33316556  9.55698465  9.09290396 15.70205982
 50.92045795 56.32291163 53.12278304 14.48961903 50.13936823 18.94569478
 18.76482249 44.48356793 18.83967869 14.90607969 28.35355533 30.20374554
 20.64203099 38.13837314 38.98486353 19.12013137 34.76370441 23.06931068
 18.57358339 28.40798456 34.60065509 50.84017951 16.69716534 42.04626519
 35.60407652 41.37412044  6.18741152 37.88473621 47.01423904 17.63117343
 19.85738174 28.22364468 31.1299155  15.8270917   9.8019252  29.08064156
 18.9818207  16.95638022 23.76234999 11.53443905 19.32132986 15.53482355
 17.96091393 46.09472717 24.64053197  9.40461041 57.26156224 14.09865669
 42.01986662 21.43044702 24.99000588  9.92852639 16.62280569 24.96382743
 47.49823479 37.86564747 22.98535821 47.0385439  13.31211851  5.22940134
 38.20231475 13.29789194 12.48012182 10.92213462 15.612455   38.27363218
 39.90182936 59.53254007 42.04367328 32.47269758 12.70696138  7.58044086
 43.6368742 ]
4
[17.76261153 15.80419291 27.29382489  8.94543433 29.5998268  40.41723582
 26.89937168 15.438729   46.99157911 16.02493794 15.54550813 10.10966263
 10.48827065 25.72687331 13.77842427 23.74239081  7.54629039 16.59021101
 53.09694356 20.00646962 22.9862554  56.09293207 13.23062813 29.77728068
 34.05771408 18.86559361 42.6563326  34.47576476 12.0088852  51.79993359
 13.38573488 25.22434346 14.61050549 43.69344282 37.05239164 32.00270556
 10.23422368 30.67701625 44.22283093 10.94247545 28.27310638 40.40807134
 27.34879606 33.08049775 15.02812913 39.93612338 12.42345931 15.58865802
 13.03236595 35.95877171 44.75793557 24.24262212 38.55754576 15.1945493
 26.96606226 30.64935993 38.31807705 14.45201264 41.63703252 11.19613515
 18.83609166 17.16093314 32.0735732  13.66860824 28.53765313 18.93011491
 13.29992315 42.68027419 28.10762187 13.53434363 17.75610274 28.66656825
  7.978419   50.72526523 29.10378144 24.26088875 19.86085831 17.68802143
 23.14152045 52.93779615 11.48348859  7.90359695 33.56844861 10.9201042
 14.14282367 32.60238005 32.52244746 24.6532212  14.79318674 51.7760691
 33.88958108 20.00735799 17.24723662 58.05605641 16.53100704 35.74186555
 30.87606359 14.56780464 47.91491405 36.10277936 48.14448525 35.45488381
 23.22859867 17.65693205 19.55765344 27.0295212  16.25169957 20.90072517
  8.95644158 33.87987892 11.21199347 11.21226233 54.30353243 30.73042016
 34.62452257 27.25259741 55.81512334 23.21701158 12.1752741  59.11058742
 58.39605846]
5
[59.36334402 35.08330983 18.53727235 35.43582875 50.18335407 45.87281959
 52.19884891 13.37724531 28.66944544 14.27964196 19.51400083 18.67689338
  8.80808524 39.04516647 25.59587686 34.44697127 13.35145114 42.56411056
 20.89684478 14.47369996 47.32187237 17.06845379 14.17830857 46.63996555
 38.76965935  5.91238569 25.9936684  32.70749717 13.45801899 16.90130165
 25.35608502 46.1468946   5.85438986 29.97156347  7.32171124 19.01248811
 17.45375442 30.80295854 37.46481275 22.30402136  6.9242931  32.49816823
 12.62055439 26.13481252 27.65088935 55.69095993 23.64272795 13.65358223
 36.10965176 30.45418014 31.14246115 13.42951309 23.93003364 37.79098974
 35.67363114 20.25519686 58.36910744 35.73305833 47.68590379 19.78584431
 18.33356967 51.12145547 58.27338309 15.81017567 25.8829363  25.14795236
  7.15389513 17.9427886  19.747496   15.29493656 10.58197738 21.34428608
 57.12532011 23.02391338  6.0128426  13.03768079 58.80831616 18.85476929
 40.34752316  5.66224116 15.78167389  7.05878866 25.75378415 32.35972876
 14.33293476  9.73126475 15.3059283  38.82447546 16.91592761 22.62077996
 10.45451839 27.58054359 21.70775612 16.60269965 46.10410523 36.42471899
 58.22710983 49.86911663 25.47056025 23.13102185 10.43097721  9.66528821
 46.2632613  36.19222715 20.66481709 40.70943068  9.53790725 27.7766723
 23.66309182 31.87550358 35.90167889 42.53881905 48.45736794 13.15708704
 38.47087566 11.75522123 41.08847676 20.07631615 22.0637145  57.70721535
  6.91059917]
6
[45.61848632 28.41156322 20.06427199 15.65690278 56.1142285  24.0954131
 26.53618505 11.93532512 23.4270855  18.23091992 13.01671209 19.6284349
 36.83474529 53.01805462 42.09180995 23.40473335 25.20939259 14.02171135
 53.66783011 47.48691916 16.39418954 40.87049643 11.56199731 32.86067069
 25.7882095  38.74604169 21.25430125 21.96899406 24.40158996 28.86147663
 13.27059762 53.55712674 28.13150021  8.8985436  14.23072389 37.84371576
 17.82049191 27.83999331  8.19085674  7.38839208 17.54848647 15.75612339
 42.33256656 15.75224573 24.83643486 21.5933519  13.7056293  13.95211945
  9.81512959 33.97804735 23.06227873 48.18548718 52.54071826 32.70221076
 13.61997648 22.22842545 42.89801104 15.08591891 27.63703533 13.27808221
 13.79548405 21.45943376 25.37038756 15.59618197 29.25952671 26.48067975
 13.14490863 34.55129775 24.62487229 27.11614784 11.18645947 17.8559976
 35.60082622 56.21065923 11.87584721  8.1054662  48.09141292 23.93457808
 48.72207184 36.65611673 12.42452307 12.60824092 39.82834955 30.30984094
 26.04475323 10.11994706 45.6422338  33.33394004 21.61467492 20.02779065
 10.52780955 24.50275474 14.18140821 22.95954459 59.43082807 33.494545
 22.32086165 14.3891492   6.05373197 29.88638262 31.02979053  5.68229061
 11.21337854 27.42554943 14.3844448  45.51646245 43.26784579 38.81922661
 27.16010678 56.88896993 27.00158165  8.19004055 54.84291546  9.75966753
 22.97266295 38.71391058 18.17897093 25.94309168 22.3356103   8.66426654
 26.41008321]
7
[35.63441054 16.00119751 41.8249005  29.78842006 49.54513081 22.86958763
 32.50617963 13.48101941 26.66974185 20.43767327 44.67409798 32.57109151
 10.6904182  48.48548489 14.20172093 11.10508827 14.84018345 43.70785012
 34.0355938  24.01509316 23.16688689 20.68125889 21.58212915 44.61177518
 20.56221124 20.85370112 19.63856253 54.02086918  8.25130761 22.83331559
 17.67516007 33.37621455 11.22838982 29.51733346 36.77605598 37.05256972
  8.4933921  21.21164777 29.59050477 24.39665135 14.59973245 32.74152029
 13.80736118 38.76407256 17.13118164 39.43099381 36.46803431 27.53573261
 28.53139707 46.31552324 13.57414552 18.10178782 29.04076375  5.71687687
 31.54901519 22.88822142 40.7413954  24.55765172 40.84999403 16.00903838
 28.03264803 25.70865267 30.27243347 48.50980144 19.92484085 19.3509107
 10.25559806 26.11392484 58.86164445 28.19597203 18.35056032 30.99335619
  8.81620757 15.7022126   6.70713804  6.75856471 33.55720611  9.04471273
 11.69073266  5.45060002 28.72110011 19.49777225 34.92020001 14.20641865
 19.16744485  8.98978294 23.23804461 36.06999561 12.96658138 19.59107137
 25.85910074 25.64220555 13.82677815 30.93733943 11.94901852 38.9042067
 37.36739246 26.99993702  5.63230812 22.13995885  6.13135898 56.23526125
 17.01638304 26.8138788  32.01290693 44.80408578 43.92031083 19.02722141
 19.39694602 49.37983457 37.7804493  13.5983411  29.83700411 22.31615543
 25.53305686 34.64818253 17.80209582 41.31398275 10.64166783 26.93175364
 15.14627662]
8
[37.0826637  21.12019847 49.80509621 52.66538776 10.80268877 37.32048671
  9.65316416  5.0024897  15.86086364 12.97346321 20.47946386 38.69252614
 14.36897295 37.05731855 24.73943178 20.68990449 11.67896425 23.54997031
 18.26877481 22.81148306 40.30531149 36.92431729 15.03978434 27.88070136
 47.46259365 25.68607796 34.00082421 31.24524248 23.89492647 54.35820462
 22.52159262 51.75284555 21.33359235 27.55737041 12.76069946 18.36975712
 31.66138988  9.37318173 36.94968088  9.97764449 11.48090049 18.0224291
 21.5438687  30.44658804 30.43726877 17.01734493 59.85815058 15.6844564
 41.60341731  8.81940335 33.25685357  7.71430556 12.17236974 18.00035515
 29.43319192 31.67903577 36.75796635 18.78675255 24.56486601  7.30246832
 35.14398137 41.05564596 45.523847   16.87480191 33.53307586 20.26026242
 16.12916345  6.81174484 37.6677436  32.62630729 10.1154899  37.66687928
 40.43260773 22.85094056 30.129141   36.57818859 59.0504302  18.42505438
 35.13866652 16.87870639 29.86115394 31.8944854  31.38782282 15.46074185
 22.00492145 23.89590598 29.24145048 19.15147537 17.94059205 29.12383349
 38.96295118 23.77677755 31.73564772  8.99530805 39.85099932 25.78052037
 30.18381202 16.21698314 31.1559784  28.85132198 30.7687553  27.18671863
 18.50486637 33.64832685 41.62564907 34.0751227  20.35501528 17.88343535
 20.37293984 14.21756704 46.04744137 25.39213914 36.98439346 29.25198386
 16.11252534 19.80395614 15.42168318 24.14431655 35.64298408 50.34797838
 42.92720995]
9
[29.42162105 12.23031501 15.11767829 21.94212392 45.5231428  17.74731777
 25.28978654 21.94904605 18.26458804 14.75976044 38.09995997  8.10365633
  5.72577677 26.09779307 21.32994898 40.62737722 25.35778319 41.91971561
 32.47040168  6.94186529 28.84606128 21.32157602 37.70918434 46.30612066
 26.04614314 12.45960179 13.6050434  42.43693725  9.54105852  7.98520735
 22.73306634 18.22077823  8.24848886 33.28209414  5.16756086 32.35971539
 21.50885223 45.15720007 23.02661295 22.16634442  7.29938564 27.3812759
 17.03197475 31.48661338 23.90639956 47.66855688 24.90535329 17.294026
 42.28587791 16.82457687 23.88035089  9.48163282 32.90935736 12.45729298
 34.94348607 17.98298303 57.21733664 17.49817389 22.26240826  9.39095169
 35.41164664 22.57657226 40.30970111 20.97788132 26.56460345 58.27039683
 17.85149429 24.32670903 22.52955494 11.74599176 12.15190358 26.39760534
 12.16956388 18.63305947  7.21404758 19.22534619 46.65701095 23.50527743
 15.10409838 51.81286967 10.81274096 47.34798029 11.58074229 27.16378095
 27.20950124 50.31534427 41.00850502 15.55816374 19.30809372 21.65693024
  6.21712301 34.38515531 58.1697377  11.5956041  17.19319299 29.99554821
 44.66008502 30.63024553 40.36326446 18.81942756 22.70780351 22.04507547
 13.22253645 27.15274015 21.71606352 19.02876698 21.00451176 33.40610088
 45.51247883 32.47195444 10.45734402 42.31990973 33.2861912  29.39874263
 45.54007883 31.26392158 16.57119687 23.99171952 21.7904613  21.5518532
 43.21883271]
10
[43.64225167 25.79508143 28.25028868 26.55490505 10.18260126 43.15706555
 49.59832513 46.14650158 42.3009031  31.5130379  43.17520413 14.36294784
 19.07318249 25.3304952  23.10953574 13.04414991 40.11643765 13.33646912
 53.32622863 28.34635936 15.73101739 22.86848778 24.54105365 45.91265375
 27.26004013 21.54493164 12.781815   23.2615134  15.7164852  31.60283676
  8.46765701 30.44507658 47.84695248 19.37150031 17.69932008 10.21951159
 17.77561169  9.93551943 44.75277528 38.76379823 26.94238378 21.64213197
 25.57486635 51.08821462 51.38489613 23.27790389 18.36683809 12.22264097
 24.93728904  7.80692126 24.25575735 58.96328445 15.70023314 18.46648103
 25.51904555 31.10421758 49.28659224  5.38725225 53.1516797  17.45195602
 15.36109641 31.89986328 29.58960531 12.70919032 45.04777218 35.2994942
 25.97138754  5.29354929 22.59516797 17.4873227  12.39786624 16.66414626
 26.25935632 40.99662249 15.5147843   9.82511809 53.5087373  39.74693125
 16.77526528  7.81576164 35.68343282 57.06270097 10.99361228 59.57553557
 22.12489189 46.79455101 32.23071838 44.68702429 18.10287087 46.60037876
 22.24426803 17.88331772 40.05692451 35.96957607 40.07028794 15.85723786
 31.860286   43.55654868 30.87362387 30.9162482  19.42277477 32.68221514
 10.27007185 34.69364953 21.52272355 52.88035623 19.53285061 20.82677963
 23.95284207 51.68566274 16.71739981 10.79686543 49.65846065 28.39139069
 25.11367482 56.0131482  37.26022832 34.74107325 19.88905695 31.33135875
 29.70558319]
11
[30.73694337 13.82831528 37.03008122 23.26257125 24.45389352 25.49228526
 22.58042031  5.58287054 55.06063605 19.76857213 34.15876943 13.67345983
 14.59437141 18.86134311 36.460246   34.87280405 32.02571367 38.82383431
 26.59690962 16.69040463 14.44861102 22.80377601 18.12267749 26.7793246
 28.99016939 22.22829658 27.04998599 56.10762581 46.3995573  49.71754166
 20.07747862 35.85196773 24.65210739 21.29293752 22.43646296 41.3478391
 14.33099724 34.3470827  38.21129761 20.05263886 17.5875394  17.31083006
 10.7342169  23.22348359 31.3241707   8.76796245 28.67788673  8.25320814
 42.83957645 49.8911984  32.19698141 16.43485811 34.91680397 13.13585502
 15.68215384 43.33588287 57.47306861  8.72382444 57.76679647  8.92552777
 15.11909138 32.06868421  9.74175671 12.91589058 56.60664891 39.3095488
 10.38359581 25.31133179 28.41904581 23.07950885 15.66422491 31.72615939
 21.54124753 20.97563768 14.9290857  42.73705343 38.61135866 42.81990044
 32.34044635 31.48736259 10.4412936  10.04433608 13.9145138  15.01094252
 22.02184816 27.48513522 23.13857708 25.52251766 39.65946585  7.77580466
 21.05685736 18.18786856 59.48494876 40.584142   18.3852066  52.7193963
 13.24507062 52.5894801  55.77930409 47.5130028  41.8550212  39.91992537
 22.09982522  9.65517581 21.9314066   8.42065365 28.28167461 27.07770134
 41.05930214 27.17894413 18.25030134 14.03729006 49.31784059 38.05887442
 38.08837867 26.76102384 13.98933487 39.66196699 26.56431173 18.2868524
  9.930952  ]
12
[40.03285063 15.9352615  56.17874169 39.56918117 18.38239224 26.94564688
 17.33451887  6.01487735 30.64353815 27.05703867 36.47786397 16.49810966
 21.68294666 22.82847272 37.90597655 27.95492685  5.50797017 18.23531625
 52.8798413  26.24642283 46.28740962 17.65611439  8.40538696 17.60575888
  9.50757569 16.58212125 18.37346275 21.0994491   7.2981447  24.45062273
 52.50504625 35.22859009 13.55283483 26.3272134  34.79105802 39.06215254
 27.30477325 15.94228802 32.17149672 43.30872034 19.36379287 24.69268465
 50.25265482 27.91605019 13.03637387 42.108026   17.77461769 11.16238792
 26.39946423 39.60227485 16.91540308  6.50982027 22.7686414  45.21369304
 25.82190107 32.65899286 27.10187428  8.44170086 30.23041291 16.90371041
 26.62153008 33.78086195 13.19840752 18.27620943 22.3605494  25.88570252
 25.68163022 13.76671401 14.68806386 24.72865758 12.40843695 17.32332798
 18.81032719 32.37717978 10.03876516 18.52454379 31.96605382 13.38822385
 22.2146361  13.87979683 23.93707824 16.05880844 31.60385404 25.47756855
 53.82943886 14.91249371 36.82719082 51.49601621 33.04638522 45.80992008
 16.68753187 15.276626   22.51688835 26.8453414  21.31510606 28.24996192
 58.0078588  48.23617849 27.74017756 35.01402322 25.4557507  21.86633449
  6.89408467 22.96210258 30.18386937 17.01422598 12.29925491 50.79531482
 35.63057795 29.79287282 32.78335819 40.098593   21.25225703 22.10728991
 29.20319622 28.06992701  9.7451713  23.12630939 12.41157605 59.19896457
  7.63805683]
13
[34.48648117 37.8560798  26.88588859 18.31113917 16.44253246 11.04939953
 31.61766652 15.08510234 23.1070204  25.74695557 21.81447446 53.93937751
 46.33337638 42.99126956 54.39907417 20.76458761  7.8027315  21.65730928
 56.57663578 26.8875965   9.32354544 28.01099338 16.39925064 49.70328366
 33.87487493 13.92812031 34.1760325  56.22531435  5.2108707  12.82442624
 20.49492021 17.64575979 39.90214025 19.12815866 17.849781   37.44526673
 12.97636033 21.47362146 27.2303335  14.28995746 11.83249969 47.22716592
 26.02649193 17.00980628  7.74606625 49.82897784 22.24408175  7.52295384
 19.25771601 26.75056756 29.71496474 36.63481996 41.03372859 30.74370792
 38.61613393 51.06263323 56.41890701 15.72624328 32.8293517  12.59353167
 20.49369173 35.59228365 32.68306357 10.98942256 45.88966843 44.47507833
 15.43850428 20.34974091 22.55055374 12.01693696  5.18407087 23.20426688
 34.35534109 25.34780301  5.01743781 42.36945996 40.98728337 45.91980411
  9.23128761 20.75929662 33.15173578 43.63502438 12.29454487 24.06818814
 12.63118773 22.63237898 50.1441153  14.78832438 33.9325645  41.55354038
 39.54364948  7.34434448 48.80090428  9.68832696 10.19957092 35.25372029
 36.24685904 25.71513648 16.33525192 57.66567243 16.33024334 24.51819805
 34.85615879 31.58962639 18.03508205  9.60047217 45.04544911 14.06954777
  6.55144561 18.78114526 21.28982247 28.36432615 47.15876354  7.44117734
 34.30781798 17.7588369  23.89900871 40.78726545 19.17722227 24.30868499
 51.81609187]
14
[52.49542179 34.02811592 14.27472047 35.91369496 13.14964387 21.25243558
 18.40457599 50.41679422 47.56273812 36.84282992 45.75578974 33.24325612
 21.27398262 32.81897402 44.50255436 23.33867048 13.03268865 31.32497705
 14.545259   17.75438201 26.11881811 11.42342295 18.19203334 29.73582849
 10.78121253 44.77238474 53.37295453 37.31375316 17.48385548 26.41421648
  6.82802915 22.95965324  8.69429947 37.95712345 39.55532294 18.93230664
 50.90730299 18.25667066 13.14359532 28.1065304  25.09390215 17.88810973
 22.07533577 36.71470499  9.92057441 10.82987659 47.8881037  25.8523627
 20.42424353 14.66971836 27.57854257 14.81933639 53.06813674  8.71334446
 14.57651899 25.44557085 59.21038151 24.67381584 23.44033849 15.86590765
 45.95615512 21.6838054  26.83580923  6.34918102 16.43339433 20.6309948
 19.95406773 14.58286482 59.24734961 35.41100151 12.50379289 35.23699814
 29.27415504 19.5032118  15.71359247 45.74947907 48.6428802  31.25385437
 42.36261349 51.29446168  9.43941556 19.25538168 50.13056478 37.67774475
 40.08607165 46.47515561 25.40849076 57.67644825 30.23356574 24.48791916
 30.82403445 16.97778017 35.59620152 16.07789885 14.87398232 17.57450967
 29.256136   30.94352085 17.14800316 54.98752157 29.14336007 30.16782082
 12.65241558 29.8701945  46.43105182  6.13480024 34.43024135 13.25320782
 37.12366885 21.29346376 35.71636926 20.61618697 11.03445404 25.78106939
 43.55495326 42.04418092 46.81094747 41.39983418 12.1821811  11.29790636
 49.48638352]
15
[13.17096184  7.47881101 13.93983582 10.61168916 27.08048922 20.8394854
 14.02429884 24.98720997 49.02362393 11.83688521 13.21161082 20.34628393
 22.1515052  58.58612184 21.89502129 17.63298291 10.4785878  21.08001634
 53.5860062  30.27836312 32.52282822 19.61108514 10.1644911  37.99127137
 32.42765187 18.49377045 32.3028691  24.19020367 11.69339486 22.27742512
 38.91691073 40.56637987 26.90584176 16.65217096 21.72287041 38.57466321
 44.00562311 16.17911994 33.02436025 35.33291429 12.86444348 42.23127509
 50.02474763 41.07694744 33.07446592 23.96730906 21.69321499 21.00740789
 23.85281007 33.48077253 26.08871515 10.45297569 46.3306125  11.89367961
 10.51063471 25.70344128 29.32368554 17.37202968 21.12781872  5.85192727
 12.10365774 19.23363368 50.13879167 49.01118684 45.1363601  26.14091811
  8.53003685 50.46991841 24.90392022 34.35178878 18.57993452  7.88908585
 24.01298211 20.07186216 24.42235163 27.78819267 38.12955443 44.56760681
 16.84737948 47.17207299 43.42066472 17.68195032 29.77353795 28.32588555
 55.62317606 39.75307121 22.99543608 20.40169193 46.75919734  6.44030974
 13.96141688 45.63541789 50.09551406 14.46793772 33.30382547 43.03632037
 11.9505048  47.93851521 23.81981589 18.88497342 12.52644138 40.74770578
 19.41184737 17.7125253  49.48594247  5.86598461 19.66972871 25.07411454
 57.22765483 32.98517774 24.9002082   6.51487213 20.06196614 23.97969834
 28.88454143 11.69073871 12.19183331 28.30614326 18.88136237 13.50499226
 27.49071388]
16
[32.56741968  7.46316933 45.30676208 45.71272934 13.07634137 21.96327146
 13.56005084  5.15991681 41.69823722 22.84465071 17.36366293 42.29945548
  7.1716449  32.50471889 59.3437313  10.85001328 18.932121   16.90280982
 19.63526985 19.18958531 51.38004716 15.29129264  7.50687223 16.62536198
 55.20733464 42.96367421 11.30119475 24.40559916 14.89901725  8.59267554
 25.01789586 40.95991726 14.17835215 31.29595003  9.52463078 16.90125868
 29.78663064 27.32166862 57.45210739 10.59771863 18.06874512 27.82085269
 52.78451164 50.9980687  11.5713312  54.40464428 35.34963667 14.72336944
 37.95161561 53.87143604 31.56866207 25.86983008 42.69555834  8.91882631
 17.33914962 20.02288084 28.95109313 32.67178835 34.09889959 18.20958372
 25.54140663 30.26716078 44.99384621 13.24322067 19.83388206 17.91103124
 12.08502787 11.43422755 41.07216678 33.58003094  6.9416119  31.0687921
 45.32738864 29.64645584 18.85474076 16.9091585  27.19702921 28.90583744
 13.12012622 29.21944647 19.52349678 21.63325497 42.82170518 13.53607143
  7.49611165 23.01728429 41.15577014 51.82722095 37.19333987 28.02237988
 41.71357574  6.91333672 25.95344268 35.24971973 29.83477668 21.05568641
 14.27345723 34.11372369 13.88624496 46.24637921 33.23034677 16.31644998
 22.56701873 27.33112105 11.44263115 43.94391348 22.20641823 15.63409048
 30.89737969 29.82583451 37.08107785 19.36366645 20.68949963 27.23210046
 25.47771981 19.7795634  35.41784979 18.14447893  7.8365338  34.35966416
 19.44198871]
17
[20.01382776 10.18470283 19.05135249 14.57502182 11.53895594 33.13362892
 44.48948354 45.92880327 43.42025287 15.58996043 37.86714926 32.8184433
 13.77493942 15.1750869  19.46067189 25.03192728  7.89341488 22.29226372
 15.24194205 15.24054797 37.03778597 14.08962546 15.11322572 59.07042172
 20.64221169 23.12033944 11.88649303 56.80644736 27.02596004 35.95206996
 47.37925679 20.17415657 38.49850237 31.39356313 25.38090992 52.76970519
 12.57933079 21.6141578  17.97192669 39.35683068 54.70188989 54.8537378
 12.86911132 12.69756312 13.8708092  19.72791526 46.97520678 15.15711467
 29.24234633 33.46623487 23.08151381 20.0315706  23.63565225 19.25919417
 13.83436661 24.61724395 53.1443225  14.78274397 28.67931063  6.03548579
 22.76222884 17.35220803 51.06693855 25.92710696 26.4174315  40.30223638
  5.90231502 13.73504035 22.21123443 32.22351291  6.36281363 24.73193008
 11.84340632 23.29491225 19.19013254 14.75877631 24.62100606 20.34389218
 27.95920326 38.84429724 35.89324061 30.92249188 18.62496616 21.55797955
 30.96729279 32.04784643 20.32405305 15.23911777  9.66720032 53.24600062
  6.359576   30.24843127  6.78834467 33.06049261 36.26863395 25.07027946
 43.36132558 29.95010053 18.8063493  31.05102111 14.70245166 16.64087498
 18.7656395   6.06283296 11.77091094 35.4106423   9.12583571 17.09652821
 16.91502321 17.84439091 28.14441074  8.37834454 35.29648586 48.83269385
 27.17200523  5.45049068 38.7640597  15.16885055 14.46390218 26.43223914
 23.27599897]
18
[56.52985247 33.85969366 27.88027167 31.65546639 17.47745514 36.10308287
 15.25446658 10.84741846 18.41975783 10.26533846 35.52844611 17.60170846
 14.68482443 57.31382825 23.46091226 24.88753695 15.89099824 23.86406839
 40.33702513 27.71859507 46.68207106 44.26541395 28.58918577 48.51660506
 14.91584011 37.13828369  9.24253981 56.30218717  8.27087674 22.13899023
 46.98434344 27.59333643 11.76682645 14.77851103 27.88795893 18.72827144
 12.94906109 38.1987147  31.06671026  6.21646183 18.30225579 30.74683534
 54.15772761 45.84338362 52.72872223 21.37446139 18.36978734 30.09452347
 21.85532858 10.71165004 26.39361157 17.92661437 41.85809275 31.45873398
 19.4977042  40.04016493 35.68717483 19.77613392 54.21523563 10.38066679
 17.69343079 38.15915275 22.43112798 14.17054378 22.89369472 16.75461147
 33.00921484 30.29385104 22.2034064  15.83701015 26.38512519 19.81695547
 32.19440403 12.26081601 27.33563974  5.0108499  27.67370914 16.5771694
 27.81210044 26.94391403  5.15230765 37.16865339 22.10480502 33.3972385
 44.23221932 18.26448192 59.71202433 40.04818132 25.24948468 26.55907326
  8.12899457 30.37068146 54.83790261 26.33120619 13.88781773 38.94600573
  8.53853758 26.25469084 16.89522118 27.163427   34.94576876 34.98424078
 10.82482895 10.55063318 47.53058141 55.21617826 58.54073995 43.21361489
 55.62768485 13.18626974  8.46515723 20.56004738 33.82217298 28.28661649
 28.55735337 13.15397024 16.98964189 30.65178153  9.09777879 37.46308227
 15.58024613]
19
[39.89631565 22.36761502 28.46539743 24.13157177 29.70004181 33.02591938
 22.34860153 34.49740639 41.00252205 23.82345709 24.17325698 29.75850121
  7.97687725  9.77896582 57.64112001 27.21524664  9.47750625 33.50706955
 56.59481365  8.73706974  8.78759445 27.74206586  5.36480316 30.52186215
 15.18499169 15.89927046 10.33076711  8.89895954  7.72295649 19.08894745
 11.76394038 32.44963525 10.91370956 10.36450005 40.38925637 44.14413459
  9.75657694  7.57071281 16.37358035 18.46950875 23.35136473 51.6223137
 30.22094332 30.49719347 14.09797706 23.68971607 18.05912166 12.08554566
 33.62604238 17.75474486  7.21389752 29.17460916 20.26049951 27.36291674
 10.75869121 13.74360163 52.39219604 23.28741195 22.88161715  7.7668377
 36.31044339 21.37492429 38.0181136  34.24046432 45.8729855  20.14752494
 12.15480851 31.95376923 41.40116601 26.50555751 13.66374074 23.27764905
 38.32195282 46.47245803 15.4945706  31.20231147 25.62899141 14.23961525
 23.46735909 26.11185447 39.32117177 16.58455185 36.85720192  7.41105072
 41.26361216 55.13708484 35.49302056 11.73775762 28.49974332 50.64178484
 32.73090416 25.96279341 24.4117354  40.00910795 36.234458    6.03946667
 23.15847132  8.94878392 32.00338279 27.54928543 16.06910134 36.78003886
 22.71388072 41.75953242 46.25009876 27.26061343 58.7814775  22.74325697
 16.22954811 20.59956108  6.00503544 20.25872428 20.61971938 25.24234731
 29.44599575 31.09309577 35.91814192 41.65508165 32.20419147  6.35115561
 10.69949564]
20
[27.08763331  7.06032544 28.85242835 16.68123976 18.03746117 10.07061516
 46.66591292 27.5558962  24.95138229 14.5433067  39.57475085 10.02539376
 11.8699934  30.11938698 50.01404382 25.54867539 16.95053881 33.42244968
 35.57989135 11.34058754 17.86131322 20.59315603 31.88033822 46.79075035
 48.41106946 33.69912916 27.57619044 29.53001405 22.58944672 30.49475718
 17.64172271 30.80980279 15.42635611 28.83591321 51.97763221 55.43997823
 25.80024947 37.85696789 32.03698006 46.8216744  39.56970561 33.73644583
 16.97733753 29.88766098 19.35275147 33.61650655 16.45889536  6.95273789
 20.61895765 42.82784915 41.30062435 56.84254    21.59258976 26.44398082
 19.48215805 16.59115929 53.41962537 18.15667561 38.3565731  13.04070268
  9.02866313  9.60257097 37.39260797 18.4037432  11.01719901 10.33187836
 20.17518986 35.69282728 36.50760669 36.94494104 21.69412629 45.71211914
 41.10842758 28.34394513 14.7991535  14.54395053 22.49251901 11.29276352
  8.35928373 11.30280934 33.53242563 16.61159284 15.15382487 19.85614313
  7.30773929 29.14545121 19.00259467 40.3207788  56.38982726 43.95251761
 26.65244348 13.32115483 44.98025842 20.43885519 12.02421268 34.42459368
 10.83044474 44.12192668 30.35538331 42.1713188  29.27309709  7.68301993
  8.65929317 32.51271254 23.96026995 32.49125773 39.06898857 22.17236707
 23.31217681 26.21789816 23.0850095  12.74913146 35.43116712  9.62395049
 33.64344802 10.04668557 31.71384837 24.06065798 22.14915845 46.02077647
 25.91221249]
21
[31.46041617 15.94744136 23.74595657 43.09100003 43.86504451 12.58854974
 25.84281994 13.07293605 24.00884348 19.07672894 23.59986945 36.71137381
 20.69849474 33.54551592 35.43449026 23.6475352  14.98003795 29.19243152
 34.04999985  6.23421289 13.77038139 26.73003681 11.74566383 45.99044439
 15.02897802 41.9213067   7.56670706 18.36662153 30.81017286 49.4018747
 17.36465877 43.04228972 21.23065257 28.60519167 18.86320834 30.91034024
 45.76900532 35.9604453  17.59068473 17.76833526 24.89991392 33.42853947
 27.3039157  22.88401488 10.30789225 21.10202287 59.35040087 18.066543
 13.66213984 35.89165688 29.29147112 12.42123322 58.64124285 38.32402219
 14.6160902  18.38382856 43.32500813  8.37424125 25.46022495 17.64255692
 30.30158929 17.78657786 18.93317511 26.54613624 30.66057245 14.47455654
 10.78581974 20.258271   17.69367249 26.80052401 25.32114551  6.236628
  6.96104186 12.25307889 11.06146837  8.43649703 49.82455321 20.1948451
  9.29211841 37.7919215  53.01691642 18.64863484 14.40944411 37.28187976
 16.28175338 20.25647494 58.59594586  7.2460369  14.1195294  35.24054363
  8.4479374  30.98176881 18.41259045 35.36721603 37.72621288 44.59633719
  9.20332976 34.89874263 13.8722792  44.49869883 10.06782781  7.07884764
 52.65423979 21.18381996 13.68179647 24.40528733 18.45364903 21.6982
 14.54678969 19.72235968 50.45943081 59.81128611 47.84327319 18.03449076
 22.42376454 21.99319123 15.59986675 37.96946071 14.91118958  8.68239929
 55.66828832]
22
[33.9850942  14.45462767 20.06201088 55.73471547 13.89171079 20.98794447
 30.99348781 21.87372267 39.77478556 21.65859404 43.61562382 40.83692119
 26.26545978 44.30953948 27.39780066 21.27139155  8.48362594 16.16538028
  6.19902146 11.11288783 17.57165953 17.10550849 20.46364695 40.74509808
 43.53204551 58.88701588  6.70916517 47.95468422  7.7660175  18.87151871
 17.35860885 48.91317285 24.81682759 19.5351931  38.4813651  32.92510457
 49.26538691 26.83058411 56.09597581 48.62832453 11.22353569 27.39901246
 19.91864529 15.95757583 39.9640121  24.91998616 36.32813444 16.77419145
 30.97741653 28.52563253 33.30993683 26.51880917 36.51655625 22.08912373
 16.4285111  36.71100453 19.97067684  6.40753103 44.71124653 32.10966368
 25.68470938 14.51704741 17.9476602  31.47743203 18.2870181  27.52440342
  9.1677794  12.91706665 23.44015448 31.85920274 21.62582144 28.64474647
 20.10371878 47.26633543 15.41583968 39.65634233 15.79018829 33.29246624
 20.22773027 18.28301694 28.83243647 47.56993884  5.12869983 46.33759893
 13.53861896 52.05630583 15.87174973 46.01772909 19.05575448 26.35534888
 12.30701985 48.8211585  39.0227337  26.18283625 34.37018172 29.71836748
  6.91319958 51.9451338  17.5958072  47.45207139 44.1230659  36.77679463
  8.48897665 47.7460513  45.51539289 28.87347992 21.02805049 34.95004302
 17.93733019 31.66048904 38.37148566  9.68973218 44.55886411 42.10405878
 23.91378373 20.48956149 49.93888875 18.70825154 24.06192896 33.3896373
 41.9101791 ]
23
[25.85849246 20.6349673  54.56105734 21.14560716 19.28815697 18.82355481
 13.39524901 13.48679778 35.48838613 20.19155685 41.89545116 13.55009376
 12.80435722 53.02421028 23.27662796 29.31161956 11.96895124 12.18691574
 14.80274113 41.55145221 28.49045382 19.42432509 12.51442639 54.4512718
 31.55121987 13.14812982 40.37008086  9.90120337 16.24664037 39.46347562
 18.21676446 53.79506428 42.81595544 26.03397575  9.41099934 21.37714757
 12.51031058 30.14380534 20.35285779 12.67432085  9.17220078 14.09306845
 19.32910301 32.57564902 32.50667665 21.15765473 20.16869682 29.57529868
 50.44069383 29.93276687 29.82913245 37.69444929 26.31244162 21.94555735
 28.34031115 15.71887476 46.55139054 41.76616283 41.14606336 15.36266418
 21.45314216 21.07492095 31.13037806 31.73943932 19.11898688 30.03419998
  5.7020101  18.99872416 43.76823152 26.75143577 11.8820253  16.07326348
 12.87209496 17.54182909 15.79762511 53.50482584 19.18657978 33.55891318
 12.23471199 13.49927559  5.80738535 28.69118697 39.7944112  38.6965743
 58.34564688 21.92273037 27.16957154  9.88348219 18.84703628 29.6184061
 28.36175069 20.19997178 23.8758795   6.61022277 27.06084954  8.69999763
 23.54558911 26.68591031 55.15045906 16.64279221 49.43829508 16.41639654
 28.35962401 14.16245073 25.73600281  9.75514721 22.8742345  18.60190188
 39.60783812 32.48618079 50.35589783  6.71697208 24.7560615  43.17750882
 43.25034316 24.59876399 29.6199187  47.17030757 16.81479685 11.80662828
 11.75305921]
24
[17.82287727  9.88924593 23.54436544 28.88791543 20.52817561 32.75403567
 16.37052461 27.38103147 44.65240809 16.69456628 27.94527415 22.32727215
 24.74690446 32.56541411 45.65342998 21.88803229 22.46139386 10.52747004
 44.90632868 16.24140023 42.40658542 55.31009192 17.65610021 54.15561062
  5.86652501  6.34966777 20.12304239 40.78116424 27.49572252 46.06983359
 25.99408972 36.78158443  5.14576553  8.13532713 17.9727818  41.62964461
  7.91643909 37.47621999 47.05092395 11.19364581 48.48386178 39.981496
 23.14976793 13.5249418  29.50249367 49.8226724  44.51730413 13.3223642
 33.69099798 42.09055712 38.04548946  7.08372658 34.26266004 13.27793543
 25.38446026 48.44856488 43.87955118 13.64570843 26.21611033 15.26325729
 44.09737764 26.20223219 15.75259484  6.57391506 42.63507457 27.76279046
 11.44477668 12.31317867 32.7652277  36.11025258 40.27141032 40.67059026
 40.92107561 33.58894091 17.5564745  57.71236878 52.46557738 16.17633552
 19.80757119 53.63280709 57.86756987 26.06016005 34.42282836 25.34891042
 44.81108805 24.92457108 45.78188954 27.73684644 35.58806113 19.52325506
 28.67542273 25.545629   39.85348839 24.00250774 17.33817145 17.77219708
 34.71421702 48.42620781 49.10978192 36.85647264 32.39424282 32.55429676
 26.03487176 11.54887546 14.38137404 14.05499715 21.01386884 18.85403257
 47.61839661 27.62780569 25.73784681 47.48662259 40.40969175 12.96676312
 14.84825851 20.80948846 52.25700412 25.70922637 20.56906362 13.59991837
 35.22246619]
25
[33.36991197 12.31000534 50.43871185 22.19898743 57.83399977 33.97995797
 38.19392147 21.56951696 41.18856024 21.44685502 50.79458661 55.08925537
 11.30686033 51.63156795 32.58544891 22.70403539 20.83429533 13.62090443
 37.84596669 26.4111473  43.30124271 23.464865   12.01857726 47.38646217
 16.93658497 38.25735876 34.50276699 40.92642169 17.66311514 21.909355
 15.15596064 25.28623267 26.74409167 14.28146732 30.57599328 46.81708107
 13.29857522 14.85085424 18.43641437 22.87229593 34.83587497 32.65160538
 26.91510003 43.3164937  33.99385807 26.84786801 35.19791039 17.93816916
  9.59873695 16.44113586 26.59739377 25.89756969 33.09298268 40.11253224
 11.84977193 19.34180552 52.17858314 32.39081991 52.5843794  12.00611729
 24.68512357 18.91405678 14.37800519 15.11905217 51.54023876 20.60750243
 22.81774642 11.17369386 19.5846222  32.73516109 16.15611144 50.07016149
 14.57032758 26.72107413 12.36271795 10.92474453 39.37124895 33.4487365
 22.5558932  31.10749543 39.87901493 12.46675262 32.29237184 18.93655198
  7.03468525 37.14598829 26.55294312 44.99963384 22.78171499 51.1790422
 45.33938757 50.23879691 21.77928992 19.19248684 36.37597865  9.19819763
 55.7976307  16.38517497 21.52609296 10.99538822 24.11020762 30.23850555
 55.9586495  40.90967137 17.21522697 22.39672419 32.39589851 20.11931102
 26.04645416 28.67899097 33.89259966 13.61252515 55.7014073  24.45234034
 56.34091929 22.42028335 21.00631152 28.71439098 17.89183291 19.97192718
 24.79093178]
26
[20.135009   13.35708242 20.54442469 31.33571971 29.09466161 41.92384159
 44.01820233 18.12602571 15.95948625  9.10200909 24.22741521 35.14322702
 36.58821212 13.67927893 35.25137647  5.23943384 11.21026716 37.35202027
 14.01728643 13.22326665 55.88619352 11.08752229 17.60496319 50.21377766
 43.2897203   6.32895246 29.53595501 28.34927865  9.01822027 24.94820668
 23.6758092  36.39215447 41.35031335 29.06304731  8.62604079 19.51415993
 28.46550574 28.47641754 24.83044644 12.86514308 18.71809123 25.94262663
 22.72405584 26.12705558  7.18815993 32.86815421 51.91140618 25.91713537
 20.22851871 12.94113495 41.9699798  51.27129804 50.67134712 42.20010763
 31.12995548 15.09407977 32.83500819  8.2557529  21.6684536  20.38273228
 11.21925294 16.45399546 12.98238087  7.9700669  56.7838541  43.77474882
 10.94856647 14.87015247 28.105299   14.06569567 14.43201631 37.31871798
 39.40779396 48.21195048 24.50977335 23.09991813 35.6582071  11.46214917
  8.30907105 38.15748586  8.29835013 31.06066917 27.58044706 15.85297757
 35.71794023 18.86986397 22.41577946 27.02905394 37.61694697 52.30969003
 46.22646068 31.51619837 13.29345432 39.19035788 27.78652531 40.99173447
 24.97314403  6.38129106 43.88716857 47.14579034 26.78867882 24.31360141
 11.33820134 29.89905485 59.92495384 17.99464541 22.76414358 45.67029739
 24.40777967 39.948574   21.77266542 43.38978845  7.82808688  8.50143634
 56.12049804 15.99053586 15.84311525 25.02366334 11.45148958 21.53551386
 29.22115511]
27
[18.24983474 14.81671856 11.83615722 42.02201132 10.19683221 23.06045003
 47.19267876 24.51135857 15.89534588 21.16085542 27.17719628 28.24429124
 12.17858429 14.47867189 31.97425275 17.33074978  9.5715355  25.82661232
 27.23603966 43.55913937  9.42887079  5.28289601  8.12183692 26.82421662
 26.63534991 34.86549835 50.02804063 18.62756052 16.51919085 34.45058046
 14.69844137 28.28002781 16.79559812 28.65763606 17.57010765 42.77895713
 25.10951376  6.65808981 31.63263334 31.63358278 33.72474368 36.12176323
 21.07051178 15.22776366 43.75149181 15.39547948 31.89024032 30.21718628
 34.84281694 14.84934892 37.60473692 10.57948    15.68815507 20.39474381
 11.0793047  29.31609213 33.52621013 10.54935212 30.52093371 16.84232705
 54.2646174  46.64898602 46.59389245 22.64568882 20.06056436 12.81723751
 28.00263332 17.62653626 32.0859183  34.03831005 10.8247681  27.68204989
 15.46619678 55.38715568 15.20713901  9.38510064 39.94557202  6.40879579
 19.0774438   9.7026416  20.17624688 47.01524856 45.02435413 25.70337111
 19.08167735 15.86255497  5.84906472 32.93715174 24.77374659 29.73172367
 10.03856708  7.46123494 12.44073051 22.69929531 41.16720084 23.57515003
 12.80077013 40.92050497 27.71761667 24.12045331 29.12816851 43.44995434
 16.30125268 12.98757696 22.01718082 18.4546137  34.00255149 11.11464237
 55.71435445 44.12634408 20.65680276 21.29853656 46.44515345 15.92526235
 40.3523389  42.396229    8.31259032 33.94141544 23.37320327 21.96355372
 52.15975665]
28
[20.64944843 29.02422917 24.02912256 16.47490968 20.7284918  21.90219528
 12.51151106 31.572523   51.64336258 22.17931838 15.83193091 17.51839113
 10.12218851 50.13808849 29.41993882 37.22322018 16.48561748 29.18590127
 47.11779031 40.45619208 27.67883621 19.66551671 10.9529399  25.25563802
 43.68651806 46.88624499 29.77149278 28.1142245  15.34221652 34.01887432
 33.37596477 19.5320848  43.34867233 21.81099057 23.09850784 31.7116962
 27.44986361 45.03342134 33.35200222 15.22252378 19.0906928  23.18799851
 41.33765832 30.58982722 35.59656886 35.89550574 16.86905388 11.45718411
 15.35590691 30.31129218 39.27403411 35.93317351 42.01361561 34.59201514
 24.22138381 24.38331113 55.11487243  5.00033251 24.90630828 15.63767034
 18.93765661 14.53917823 37.86999113 13.77542453 17.43159703 14.59789394
  5.56190032 31.30911553 26.969161   33.99571401 22.05184271 51.08979051
 18.27774699 23.59149497 29.77004984 22.27937132 34.83762373 11.03693228
  6.74556141 29.33525531  9.94727504 11.68487153 27.49875561 28.8541123
 31.81400011 34.67229675 33.52748283 54.62008626 24.69752027 41.46082684
  6.59465425  5.14018724 44.75773357 30.37148693 26.69087368 53.47534822
 23.92688688 39.83075298 17.56113783 40.75234103 17.23354641 26.47047258
 24.58255752 35.00897556 17.79789006 50.64320834 31.97217918 13.97066336
 11.95372202 39.3213847  53.13732564 58.81221106 13.33095234 25.75420629
  7.64214992 17.60681496 16.1926943  30.25187858 11.75087247 18.80769417
 15.31959262]
29
[32.21842208  8.70012546 29.68480616 23.83745509  5.94558268 16.93332492
 14.5494332   8.58656591 19.44574654 10.69151809  9.59298829 37.2336883
 22.54600992 32.13469413 35.64723387 34.92668526  8.7788326  22.05943454
 37.75268181  6.89408656  8.95786741  6.54733256  6.09881587 22.87365411
 34.66876667  9.56716166 30.79858215 24.37518947 23.23344551 10.92868718
 25.40355031 50.37911107 15.62351039 31.08624935 31.24761297 59.12161351
 10.48185921 46.80611798 46.4464188  27.97737744 24.59788362 39.82244665
 20.17123179 23.5765539  22.1782057  34.85958813 46.55021202 19.8388648
 56.49864024 21.15697766 35.80897387 41.23270408 58.9931788  40.78833023
 29.76408041 57.82167167 20.49978245 17.55325979 14.55889451 12.68233967
 11.22817429 15.79094802 27.78392551 23.63498851 20.4310206  21.60521099
 23.78098274  5.61436275 12.09151589 21.13239046 20.37396194 21.94955113
 49.65649227 29.08365268 16.87983393 31.88598057 23.79518891 11.0201397
 11.23783415 28.08168718 18.75796293 35.24735118 26.35904919 13.72485365
 46.6980444  31.64840605 22.32460301 48.63271072 40.3486997  25.25874661
 14.58474319 38.78522783 11.2129444  18.39042919 21.13660925 22.53958129
 24.14017261 10.42655415 33.8581045  27.54030734 22.59468647 21.59520537
 22.57820754 47.30521665 10.61289056 10.67518308 41.12738656 43.78546038
  7.85143842 12.04652347 16.03403007 36.40069467 14.44645566 32.85904732
 15.4747535  17.2193237  28.66321567 45.67361429 10.45835179 19.08167694
  6.15280408]
