[17.76261153 15.80419291 27.29382489  8.94543433 29.5998268  40.41723582
 26.89937168 15.438729   46.99157911 16.02493794 15.54550813 10.10966263
 10.48827065 25.72687331 13.77842427 23.74239081  7.54629039 16.59021101
 53.09694356 20.00646962 22.9862554  56.09293207 13.23062813 29.77728068
 34.05771408 18.86559361 42.6563326  34.47576476 12.0088852  51.79993359
 13.38573488 25.22434346 14.61050549 43.69344282 37.05239164 32.00270556
 10.23422368 30.67701625 44.22283093 10.94247545 28.27310638 40.40807134
 27.34879606 33.08049775 15.02812913 39.93612338 12.42345931 15.58865802
 13.03236595 35.95877171 44.75793557 24.24262212 38.55754576 15.1945493
 26.96606226 30.64935993 38.31807705 14.45201264 41.63703252 11.19613515
 18.83609166 17.16093314 32.0735732  13.66860824 28.53765313 18.93011491
 13.29992315 42.68027419 28.10762187 13.53434363 17.75610274 28.66656825
  7.978419   50.72526523 29.10378144 24.26088875 19.86085831 17.68802143
 23.14152045 52.93779615 11.48348859  7.90359695 33.56844861 10.9201042
 14.14282367 32.60238005 32.52244746 24.6532212  14.79318674 51.7760691
 33.88958108 20.00735799 17.24723662 58.05605641 16.53100704 35.74186555
 30.87606359 14.56780464 47.91491405 36.10277936 48.14448525 35.45488381
 23.22859867 17.65693205 19.55765344 27.0295212  16.25169957 20.90072517
  8.95644158 33.87987892 11.21199347 11.21226233 54.30353243 30.73042016
 34.62452257 27.25259741 55.81512334 23.21701158 12.1752741  59.11058742
 58.39605846]