[14.66384439 20.86353298 20.90082528 15.50242161 20.91052373 25.36806112
 10.19751137 25.10212783 26.16133088 16.71342127 17.98934459 23.98316964
 16.68496841 12.36361221 14.07594767  8.34263714 10.49716627 19.95830376
 23.03654393 29.75333319 28.28082988 15.18538018 30.35978067 28.07437271
 14.16055885 11.30960326 11.90638276  6.91238226 10.91945894 16.9607423
 15.55094132  9.01315666 22.7494283  15.91539823 37.85230207 10.65794832
 18.51700697 11.99010176 19.21331625 15.59748575 24.43088024 14.62725559
 33.40541291 13.66484811 25.92725845 14.65402488 38.78821988 40.38705428
 10.72961339 23.46350007 12.67058895 19.03548604 23.80757357 19.43499046
 24.53830614 17.67878844 11.70684964 10.59294084 11.88491833 23.84967643
 11.46686948 12.16133342 34.14725232 13.4498528  21.76203756 11.2237757
 19.22697373 21.73028983 10.52278118 33.35408476 17.96985495 12.10261846
 14.59429783  9.34605842 13.92870146 17.57791813 10.83813228 43.84472258
 12.68088657 24.48403513  9.12508348 11.04312879 20.34243788 12.94729036
 18.04477732 25.52010895 20.20527004 19.38599292  9.13373623 19.23381813
 36.24013808 31.22565065 14.55142752  7.47619207  9.34185399 13.49841816
 15.38122105 15.69763493 24.35284192 15.66927911 23.78383142 30.92736598
 20.96163477 14.72893731 10.04547278 11.14279983 19.01349041 10.82774046
 22.61944093 21.19809714 11.94608483 14.67074259 16.84544931 26.99444689
  9.11917413 13.83514431 14.73210343 11.44389063 10.12829526 10.5103043
 24.06821164 16.29850555 11.81806198 31.65028579 15.0121888  17.97061931
 35.21491805 17.68141066 22.57376225 20.66100445 13.6374716  20.62280145
 27.44709695  8.43705066 27.10410986 22.11980712 10.12961125  5.94521389
 18.19617978 18.23252764 44.66713885 24.27633377 32.96368413 24.50962701
 12.01724638 15.73447898 22.13370463 20.39681453 22.8105211  20.54045082
 10.00989659 17.83594253 20.59509048 18.7443978  13.49261312 12.71753817
 12.07973671 19.66115963 18.79288652  9.34987274 28.89711581  5.86018652
 15.28444613 15.68143669  6.5629434  31.38297573 24.41644897 11.23248024
 30.66098926 29.61901997 25.14006247 21.49683826 11.06903774  9.42804742
  7.73571453 10.32313899 15.12304292 31.51386409 20.25997648 15.72230877
 18.80968487 17.95413707 12.77952115  9.39107512 17.87076222 28.37764102
 17.16829019 30.31982702 32.0949705  15.99833402 11.65704978 18.68133446
 19.49211644 19.23059807 14.90506223 23.42746014 28.67540826 11.74326504
 17.62535737 34.25898541 25.13994939 26.1643188  14.6917039  26.90178919
 27.11423048 24.52258903 18.58917844 19.15349676 15.30422458 32.87031661
 30.23428173 35.91513022 15.8636836  25.04473094 21.70927981 16.5823224
 33.78240527 16.93462957  6.3130555  18.35300416 24.90532401 17.36007442
 20.82989188 14.40015008 26.42256531 21.57048315 36.07419131 12.8557295
 21.24709699 32.54267708 11.57939127  9.93059012 16.41486325 13.28772145
 28.56027214 17.49140775 28.4435136  23.72149354 15.12873186 22.39925643
 33.42077116 24.90021403  8.50767513 11.29406458 17.23418308 15.87653499
  9.80084587 16.01146429  7.77971409 25.00322842  8.82470428 10.31635643
 30.61459865 13.9435496  24.873408   17.58708925 41.97446376 12.33881678
 12.55948852  7.67735139 14.07112903 15.04112101 23.02230673 19.15606475
 12.89934308 10.23519629 28.27763326 10.73918099 22.81144685 10.08564889
 14.30570085 26.50984464 33.3810565  15.41901991  6.87962601 18.81050935
  9.73305438 21.65960913 13.65580706 36.05974475  9.94537609 15.00578405
 30.00635464 33.61354961 17.19763317 30.8217482  35.95373985 17.54905834
 18.14868126 16.31940246 13.54191515 19.19523267 13.93012003 19.89739879
 26.08562312 16.39605032 17.01725875 31.44265941  8.90159235 21.98751386
 12.92529274 30.43395361 17.33599709 19.48988631 20.31796162  9.26402391
 18.89244921  8.85880302 15.82336952 13.44603051 29.30924205 21.86773253
 14.43303529 28.89036289 20.69902152 17.54531683 22.02285567 11.41009984
 12.02016298 12.6806023 ]