[20.70581636 18.4660923   6.90305595 25.70408538 24.67851128 13.62823457
 35.15920453 17.6591208  32.67524298 17.68738255 16.24394125 10.04303161
  9.56337026 18.31011013 17.53814757 18.2647876  34.68103665 17.3229745
 14.78028359 17.91251262 14.79857087 18.04209254 25.02519468 34.88048539
 10.7633997   8.82325474 25.70017616  9.84357676 18.72655054  9.50095402
 13.98380632 12.6383612  17.21422418 35.0724091  21.21062422 32.68807686
 10.45959825 16.06761942 38.77167323 30.22702539  9.56989783 28.5245806
 35.76787437 20.69027529 21.6913193  21.59659481 14.994303   21.57733027
  8.84682013 16.65082894  8.26016997 18.94796388 15.79031695 18.5566894
 33.82172927 16.50735583 27.78024046 15.60049101 12.10484883 22.74935111
 21.56745471 24.29635392 18.45731927 25.16450651 15.38944043 15.26407027
 14.56253502 20.6440116  16.11438382 19.88060065 22.10836187 19.09871525
 26.48811235 27.43015653 11.34224011 10.26885905 13.748902   33.00666941
 16.38779593 12.2862469  13.1249301  30.37852114 17.72551943 16.96786436
 26.97338869 23.94426067 14.13205516 16.60427178  8.63545577 19.37637101
 10.46913011 28.63248261 14.6139046  12.46820912 16.80750442 11.89142094
 16.84782816 17.56854818 19.11077808 16.46806207 22.72979104 16.63619643
 14.97493903 18.74182981 10.45006329 18.25357988 13.95377098  8.20483767
  7.4722772  13.64390696 34.82037987 21.85422121 17.5811603  17.52794936
 43.52082572 26.93400611 13.34088144 13.30133634 16.53585557 13.05275403
 34.05107008 20.44870246 20.08236834 11.29086571 23.30486344 13.09292205
 24.07588042 21.45237681  8.41572169 26.73326337 12.75075514 13.62965006
 14.18542447  9.39232201 21.50742674 18.64307904 14.54269215 10.5150915
 34.01261926 12.49797342 13.98196744 12.63335341 20.3620962  21.41066736
 14.09279045 14.21581901  7.36524587 32.16862617 12.27162166 15.3454392
 21.11589002 19.17105595 29.32105852 14.7548817  14.32599897 23.2722489
 24.77544367  9.87183605 12.93656804 16.60672346 10.36616029  7.77886697
 12.44266214 20.59670819 18.39951857 10.83200532 15.14286842 23.36070601
  8.50723141 21.02953655 10.60517748 16.57635086 18.9477699  10.59352938
  9.16092509 14.27145431 26.42327234 21.59796956 22.33373689 12.88278014
 14.58767954 12.99688048 24.58047412 15.31268025 15.57340632 11.56951204
 37.77112461  9.95732083 26.5222964  21.47392744  9.42353411 15.52256535
 13.15800395 26.43767822 19.20729198 21.47594644 11.67029871 21.30125855
 11.41315756  9.94953107 14.21036544  8.31846283 32.00232633 20.35497863
 10.15780192  6.3276607  23.5360842  24.50142194 21.85379435 11.25299734
 18.72039591 12.56478061 11.77965613 17.1335242  19.51772156 21.82771583
 13.9201355  29.32078638 17.86162306 16.64395602 19.52904352 16.18569021
 18.90483587 20.86930547 16.57587149 26.13306576 23.68688458 29.70187105
 16.83863017 27.64514031 17.79389349 12.25670798 10.56698476 13.08530784
 16.63323428 10.92301437 19.80553278 18.65803869 19.13654126 16.80331662
 12.03699708  8.9701787  21.15601614 33.41959618 10.13258831 12.22111322
 16.19366297  9.86820781 21.89710652 24.40616429 27.41760919 25.17262889
 15.68748483 16.09738674 15.51401046 19.41245787 26.11002922 21.32424286
  9.75985559 11.5888033  28.49992934 22.96668359 33.86569781 24.80203337
 19.14193564 16.15901397 22.24590956 16.99715692 31.53783829 13.32054062
 15.1766696  11.08490949 16.20920591 19.58963998 12.78251892 18.46803472
 31.24817757 32.03531682 12.11440717 12.93642698  7.42383553 12.29634393
 15.79989386 16.62418445  7.87091483 18.45531072 22.64920167  8.72150037
  7.54016247 25.9803229   9.49298779 30.80261783 18.58875424 18.79431254
 16.81337979 16.97931188 18.18555494 19.68581839 11.3959228  16.23440353
 15.02132811 25.05046073 11.87929679 10.64542394  8.85287275 24.50250271
 13.58314548 10.9502511  32.60407224 27.72423198 13.31184968 19.6712394
 13.7740903  15.7054414  17.58095421 21.21444457 11.55348974 25.17977209
 15.42834009  8.73494453]