position : 
[ 7.80571375 28.19038072 15.30106719 16.25264821 22.53871546 11.30885145
 15.76832938 14.93295184 24.41017287 10.10182403  9.93858809 29.86604628
 21.55453545  9.78367454 10.60361555  8.95120915 14.14374281  9.941489
 13.30368421 18.96716084 29.43240973 30.28188929 12.65013349 35.96756573
  8.65607567 12.84813164 27.42344678 11.387256   12.58171032 14.50438548
 19.84899655 11.29509958 11.6239334   9.49546888 20.61927055 10.9236707
 14.64662226 12.44166445 19.3635578  14.95316404 16.38842324 12.98401078
 14.24714345 11.81892427 12.84438733 11.31434712 22.24847911 21.93191925
  6.34527911 13.23441766 14.62996088 11.37698754 17.61759468 11.41831744
 18.54992974  5.6529573  22.83886324 40.17875833  7.65862021 15.92918123
 24.7187533  23.31753397 23.22697338 21.85240849 34.9621406  14.60529234
 25.59778384  9.57710332 26.86667862 10.4751869  40.68118384 23.36421809
 10.74671128 12.67940027 15.77029054 24.5288374  11.92692844 14.80617401
 27.01735556 24.08971333  8.24795251 18.82158637 22.58621602 29.58765764
 18.74204675 37.31578398 19.68531791 27.1790807  10.81993561 19.01237111
 28.10887483 29.76071949 11.23703725 18.75320588 25.15350744 14.27119638
 15.84670225 51.14795976 14.47456367 26.80941613 31.37654747 13.12518561
 30.06371424 21.33013836 31.1400988  25.55519446 22.88189728 13.47997311
 25.03609407 11.99102324 19.82614826 32.7952403  26.57272434 25.91991505
 21.1547875  12.82412519 17.46441981  9.04125284 20.84151415 15.81109369
 17.96583593 18.53134631 19.38806342 26.91398156 18.37597216  7.26424725
 19.80134411 17.86831928 30.69224259 22.336374   27.68161726 13.67221263
 31.6930765   8.27036753 12.11605791 10.51510315 27.98441484 14.09068102
 22.8591914  15.76099531 12.61266247 14.73467689  9.9904031  24.82259874
 22.98110438 23.7941494  18.40914432 12.4334652  17.68313333 25.98977089
 33.52266231 23.06303795 15.44318551  5.5744637  17.00850553 22.35839185
 18.36192866 11.02072704 17.44162562 19.42733252 30.31637337 18.32521771
 31.69265324  9.3311764  31.56208881 11.95135013 14.24240497  9.71168931
 10.12537097 27.98005915 16.59462092 30.80398211 11.00470049 18.74657039
 10.39771924 20.13274425 27.64467598  7.52954601 22.17078654 29.72397911
 12.27731312 10.57612663  8.8418714   8.98431936 20.88170188 21.39378478
 17.99943385 10.84637769 26.615014   43.54715343 11.98634467 21.17884142
 18.23271115 31.11775508 14.47734861 14.0556223  18.47660617 31.12721582
 26.25299006 23.15772925 31.45670736 38.89607305 16.10478504 22.25757716
 14.9349328  17.23715825 14.17788237 14.06260055 14.51804985 30.39493635
 36.66090643 16.08617421 23.68097728 21.10610459 11.75660238 24.06110584
 21.68407671 12.9377686  31.31147735 17.68921347 20.03826796 13.28351357
 29.12897523 20.6089621  25.09185311 30.41517083 21.23566159 17.97358488
 20.87055398 26.54774612 23.00260756 33.20995158 13.47627172 19.72280066
 13.97926719 22.44650956 24.60478338 18.22014504 21.02736458 11.55047768
  7.35197669  8.97017202 27.0600882   6.5420028  27.35333702 10.64008505
 30.62586483  7.86704618 17.95260037  9.35946126 15.67838575 10.09224018
  9.20371083 15.5546881  24.19336027 27.84525124 34.09154694 17.02177077
 36.50705501 33.63965223 23.02809872 43.92835172 15.7614386  17.48389185
 26.19847944 20.7140101   8.54819582 15.32443796 30.27540983 23.03690359
 30.8844106  17.85158576 22.213497   15.53521535 27.54263421 11.7612008
 14.59516885 14.52351505  8.24974015 11.47900044 11.92840067 13.01106049
 10.80438728 21.99686269 26.00794638 11.85726766 19.44976873 16.47028316
 19.84352598 14.86904046 19.62043177 18.07222368 21.74420293 10.24187552
 12.58523195  8.01387039 12.95162449 10.37083565 17.45533044 22.6875447
 19.28001331 39.87674044 11.06852034 23.32957824 21.52648655 17.38956624
 30.00651983 25.41843269 23.35376038 30.04015742 20.44160161 11.67151909
 11.48873227 29.45165237 10.08686842 20.60937387 25.22547989 17.7746669
 15.50586172 19.77663583] 