[18.3621344   8.00592897 16.98279381 27.55998688 23.38362442 20.80937477
 27.23356567 23.05439096 25.92211969 34.94348754 28.87270896 25.42543345
 19.65538754 21.38862648 14.53193972 23.89881428 19.79549108 47.91679563
 18.81122201 11.79297711 21.19982059 23.70614134 20.35287729 20.26582842
 29.55364154 42.99292754  9.64658681 21.7881735  15.13897204 24.08480355
 25.77979527 20.00881209 42.08070774 28.80923027 32.5196683  23.54270737
 28.11395594 16.79316513 11.84557515 32.03186462 25.40323145 20.27381365
 17.96198168  8.87786661 16.60513041 31.20244107 31.23006097 24.8558776
 17.10910045 21.69926806 19.75228409 14.51452068 33.71351487 19.27146213
 15.62271025 27.01621242 18.4737551   8.12486514 23.09404226 24.74391274
 25.68566789 21.58742931 20.57111023 14.54264434 18.13772331 30.06515617
 19.77033246 21.01587564 22.37730108 25.65657864 25.12635849 17.07527895
 24.80729517 21.20587948 24.83944303 21.2272382  31.62940811 31.0511142
 23.69101194 38.23539724 26.53264127 26.97160216 21.27931066 36.07268874
 18.76482197 20.69700005 24.8003149  24.03429873 15.4151374  32.72972079
 26.5933884  16.88184239 16.33990498 21.72026408 24.48035778 24.43931069
 22.17524912 23.70162991 21.49722384 17.53395074 18.30718781 16.76002628
 13.23445725 14.63043909 20.58966427 23.8069918  38.82620257 16.47512507
 18.82460466 17.17524455 19.15169446 30.14963268 25.6600215  30.23062162
 24.03864693 39.87533488 18.42691077 16.87193428 26.86191751 25.22163729
 11.76055705 16.00713897 26.34152882 27.26409979 19.91493581 27.65047104
 22.36618095 23.77091164 13.71995351 19.86248208 22.92191031 21.97364047
 12.03848668 14.55646799 16.32161209 23.16608707 31.24150237 14.52206593
 26.45364847 21.96691086 20.74049383 14.93427251 15.69603776 21.65367786
 23.5223006  16.17989951 29.55803595 22.66694733 19.02500435 16.35599649
 20.94090892 24.9601414  23.5842779  28.91042282 18.2937018  15.1270269
 12.16786659 24.05495386 16.6412753  14.85808077 29.12729346 33.75561445
 23.0771178  26.44298231 29.41063929 30.94362186 13.00448446 23.73150314
 26.0960244  28.52982266 21.29941812 18.86532232 17.77794485 17.46319776
 23.71730176 27.7473677  18.2823514  28.81379132 14.83180085 23.02293389
 34.87188234 16.68849331 22.49845789 19.40754407 26.71791958 21.2121799
 29.11076743 31.3260487  17.63742969 21.4892771  18.30201408 26.36402306
 18.57246305 21.91831614 19.91917578 23.41218101 17.34863345 25.77908873
 35.25672764 15.93324082 23.57832833 13.47729885 17.29942345 14.87851188
 20.03724884 18.17157588 34.51524688 17.99075921 25.08313363 30.40842915
 29.52760783 22.40323815 22.12325939 27.76242776 15.7688753  16.57876891
 20.39166399 18.53543624 23.671825   25.9828149  33.8029536  18.74046275
 25.83863229 37.72728903 26.68772863 22.69821189 16.90140976 23.61255045
 11.5477084  22.28665098 23.01380909 23.37234252 15.03779378 23.2836736
 13.99309722 27.4726724  14.033647   19.36477517 31.4890924  10.44259881
  7.08021492 15.18138176 20.25562554 31.27189033 22.12756691 22.40289219
 35.75723918 21.18710386 20.99229558 19.6757521  30.70067434 34.52752979
 27.46904279 14.45172581 26.49964661 32.60083674 24.02888835 17.03298364
 16.04022761 21.4716655  20.78132793 22.00695914 30.93081567 14.54119591
 23.26534476 37.92284566 26.31347091 22.39199307 12.78815047 22.84727845
 18.07564906 39.35990851 19.94246909 17.68454758 19.30592577 19.2604581
 25.37475675 23.08812063 23.25239225 17.45410666 21.11222146 24.94478696
 18.04691493 20.65098436 24.75977667 34.36522201 20.94021757 34.36807868
 24.99729361 22.58597515 23.88331879 25.4436947  14.94355341 21.17427801
 20.80030913 31.28269931 17.64527528 21.54489477 22.32202023 20.29585429
 27.4701133  19.87084775 19.82157541 30.58622194 25.15701787 11.86034878
 13.57012881 34.35328161 14.99637227 24.64594363 21.85506523 22.56075487
 25.12275686 22.40461346 22.76045464 14.19162459 28.89133987 26.29276766
 18.97968593 21.5710831  33.53914995 24.04059431 26.88807538 23.03427403
 12.40164844 29.48392009 28.19658975 22.5836275  18.61321199 24.65646006
 15.22114874 25.22832656 17.84527759 21.42974193 24.9643877  11.39568102
 29.74664012 31.26635051 25.78841781 22.39725962 24.39016078 15.55495126
 38.02425373 29.4771423  22.83563705 13.51230004 28.39705199 15.63351698
 12.97627371 16.09037495 31.00803761 16.68223382 18.54632522 32.70093736
 37.04655802 20.59001228 13.88324263 22.85753331 25.72762173 15.52775635
 27.51455484 16.21281761 25.36077898 16.01831623 21.69772815 19.85303253
 14.36159429 34.42260888 11.97190345 12.70202886 29.59482241 23.93930245
 24.73122416 29.22510338 21.47066356 20.3059495  22.19717322 24.52097226
 21.11616416 27.11859003 18.9036153  22.27034591 27.95393456 40.75548851
 19.72868874 23.32152637 31.87133803 20.65410872 23.96594395 20.26041343
 15.97906863 21.82424995 14.46977134 33.64070127  9.28301272 21.9216614
 19.97567765 23.65453717 22.18147855 21.49264744 15.86464701 20.8077679
 17.65295722 29.44713086 25.71483611 25.64671098 28.30761498 15.29170409
 26.51148102 25.27194153 22.5171788  19.70136046 22.38009832 28.36756201
 11.98752009 27.88541364 29.79561609 17.91529233 25.4728288  20.33505243
 13.68702986 15.01431218 36.96192651 19.6582646  31.21010855 26.59551706
 18.70676063 24.28061411 15.93209148 28.27014917 25.87187274 17.09439891
 24.85334499 20.79114274 17.91266475 21.77861899 32.70535989 27.00229302
 19.24680831 22.46113084 24.45624794 22.26302435  8.44248129 19.93616867
 19.3182166  16.4770298  25.77079257 17.58014838 17.85389426 26.59569894
 20.20896893 15.51253907 23.68342639 18.33843726 20.14909482 19.56246825
 28.26537902 19.51926651 18.9304136  25.31262767 11.22408476 10.21637699
 23.25981221 24.35606157 23.23662175 15.69587153 37.82005858 16.59698574
 17.92857652 10.75002518 18.45431896 26.15383575  8.96945067 17.42294377
 23.72597784 23.19697299 24.31734743 35.06322439 18.45715133 28.76286768]