[17.25597376 10.82810571 19.21534417 16.68087816 13.8958401  22.75160608
 12.98364311 28.10156704 33.31059964 21.11392328 22.02641156 41.88344629
 10.51321542 33.14697447 25.58279226 31.81002992 14.01866742 16.34093638
 29.96450181 17.45271101 11.80103978 21.52322003 23.42569381 26.0477374
 31.88104128 14.30046296 28.33231614 12.82499331 51.36895592 20.45446419
 30.54784843 30.67360696 14.81980295 13.93652878 39.20644314 16.44700006
 20.39596306 27.60531972 18.29463485 25.00728679 28.05152647 21.14189391
 16.97344295 32.85391938 28.62107177 46.66738414 22.92232561 13.88704077
 50.21894617 21.99130533 26.33722806 46.27074485 19.08195509 21.82765336
 31.44673344 40.35816696 30.11398311 15.23456861 30.09036735 39.81121143
 19.9923822  23.51296543 24.82658746 17.26307114 41.71250397 43.37326057
 22.27181938 39.72646116 28.10829498 23.37164787 20.69657564 42.25350771
 20.30012181 24.6872951  11.7925085  30.42632254 13.22881151 11.56758432
 28.30412116 19.62272955 21.68510735 26.72015772 42.25925721 17.57208824
 11.60571002 26.70091152 40.14734943 26.74591885 15.35829797 14.95440584
 20.0891644  26.73122298 17.5248925  33.72150509 32.4420939  26.66086861
 12.32317968 17.61145428 47.08992957 34.44166668 15.40564951 36.7289008
 38.67752189 15.30111588 17.05024632 30.64844326 26.95942214 28.59679325
 28.52957089 29.6037783  37.31417881 14.05413474 24.63204352 24.45673835
 29.40765303 34.70852385 16.77180883 37.79364748  7.60611163 23.084234
 28.70569974]