0
[40.95662246 22.4290691  29.02059981 32.85411048 20.95484394 31.44124018
 26.97688776 27.34660617 36.83448187 30.17022049 35.38184204 29.10819258
 24.6370706  40.270075   28.08829977 31.43361839 32.42384979 34.72431958
 23.69285386 33.54307567 30.5009614  33.02780983 37.03881461 46.84016205
 40.72561974 38.69937938 30.27193488 28.86749248 35.11103917 38.32837601
 30.73837571 29.48240547 42.52631257 33.46928288 43.08865069 37.96658119
 36.88519506 42.48371655 43.91108355 34.85421773 38.8713275  32.26589237
 39.74764926 35.00405353 30.65756344 32.83793831 33.69690732 33.57986637
 36.36571324 24.89723426 26.78838616 38.68266805 35.45462158 38.92335078
 27.05034616 35.62072209 39.61979929 31.55928928 32.98233047 23.37234904
 27.16081163 30.0665005  25.41566522 30.7226548  39.92327171 26.54456833
 28.09180969 41.86744964 28.15835989 34.32968012 30.29868333 34.98567717
 35.18286747 37.50248908 24.43933774 29.95387472 34.35580372 28.87197094
 33.29651728 37.16128108 31.63431604 28.90932874 33.89157953 38.84091324
 34.00278102 35.9112206  27.00204905 38.24505107 33.99635957 39.95473035
 39.12347279 37.25355354 39.28654284 38.71262529 36.75360691 39.56854711
 30.00537519 36.70779143 35.35996672 34.04961345 32.79110069 35.89889282
 36.88593977 35.39362957 32.70526821 26.97929995 31.02549925 32.65768418
 32.5590579  30.29546712 38.77616924 35.63261573 34.7091615  33.88894681
 34.69590688 28.84606066 43.64057765 41.62264262 28.43368521 42.59060764
 38.28475493]
1
[29.49615872 26.50242048 27.56568063 23.88771179 27.37192429 27.88064958
 31.16922471 28.28645007 29.20956282 28.40322989 31.56984548 26.54802415
 34.37793401 23.14826883 25.77209084 26.4531367  32.06712423 28.40658442
 27.37441076 27.6321296  32.20438355 29.71244753 26.48739973 31.18018902
 30.65520867 27.72866901 25.43330186 28.83273841 26.04948706 28.07333364
 29.28733258 24.83256351 33.14747747 28.05434187 24.79305379 28.22363975
 27.63848869 31.32969932 31.46868532 33.70070489 25.54346877 32.19887613
 24.71028934 34.69353118 31.65051137 28.63852502 29.92323642 29.09685855
 29.28043821 22.35403513 27.01234583 29.16122301 34.08263278 32.73499451
 27.92374261 28.63541607 34.53605934 30.07941762 31.02154504 24.71929051
 23.17655107 31.05917515 25.66022401 29.34855729 24.53134876 29.25990884
 28.07665429 27.72614751 34.7709492  33.48709234 27.43666198 25.03161247
 25.30140854 28.55464963 26.37725278 26.67143189 29.75729242 28.20550467
 28.29599527 26.02787639 31.82453751 26.56032698 31.79321345 29.85968398
 29.95582934 29.14154681 23.3054016  29.5376838  28.61399235 29.92906948
 28.21294383 31.85770568 32.82730117 28.42241705 23.99987471 26.90411005
 23.78491147 30.97653766 27.91303295 27.80528051 24.74833941 29.77701506
 26.17785754 31.62596506 27.2127801  24.27914114 31.09509045 30.75311783
 28.84715206 32.6995424  27.03202883 28.9073087  25.37679239 37.17125787
 32.22969347 25.08238965 30.76561982 34.11884607 30.57794898 27.14888966
 29.36163112]
2
[34.96616452 31.26222338 26.22535144 26.8200944  27.60024679 30.57461502
 27.71635068 29.93423132 29.87725677 25.06419085 29.18889641 28.4052337
 25.23502367 31.00857499 29.39435106 30.81730748 28.22208579 24.34757798
 27.7629764  27.37809899 27.42973839 35.43422018 20.92371761 31.33547592
 40.15630354 33.65605093 26.92111785 27.9553079  35.05473832 26.48310579
 28.18397122 24.77197418 26.18637346 27.70307676 30.96375386 25.26486661
 30.84282247 29.03634789 29.93737851 27.1193274  25.57446094 26.3317168
 27.97765178 28.58436576 25.60117013 30.18176099 37.16320695 29.33256708
 28.76740464 24.88293539 29.19483212 28.80964262 29.51912898 32.96816168
 26.8882158  25.0945655  29.60742818 14.94340104 28.38126967 23.78748407
 24.85157087 26.60902099 24.89247142 25.4652843  27.73017265 30.37498326
 27.40712498 30.80913849 27.83589494 36.1160813  22.27380659 24.93765317
 39.73764073 30.7455087  27.28132355 26.63871945 29.1496122  29.1982326
 27.27551607 27.73166049 28.59754892 26.32634399 40.8098828  27.61767512
 20.40829369 23.83197247 28.1768843  29.90768367 27.43367337 26.65914527
 17.9532921  33.82690996 30.2618162  24.03553108 27.03356498 42.32414989
 24.44516907 29.62944244 27.03898603 27.41501007 28.27374836 26.72641327
 36.54658446 29.60357738 27.41644447 26.06495962 32.41189455 27.28848987
 25.89917344 26.35758033 29.8472578  25.08706812 31.36463011 28.0990365
 32.03042188 28.2696483  31.55078811 27.59573963 16.15561309 24.40536888
 36.03472862]
3
[44.14733598 23.43317899 34.16375172 26.34716793 30.17957441 39.20425498
 35.30483876 30.42061448 34.18396215 20.58174077 16.4543065  19.25659548
 27.12023678 35.47043794 33.72679468 20.87515416 18.8140623  43.15888644
 34.06861293 33.29380213 37.09843795 26.86923276 15.85713244 48.15098109
 26.10707109 25.99507667 46.12915186 37.80175738 29.19041136 24.74954927
 48.75089216 31.06253456 36.78716049 48.32860948 43.37980571 26.68844294
 19.70014319 25.15419852 26.03849262 18.57192602 35.4854722  34.67604787
 42.96170672 30.91860899 18.70400941 34.64305284 25.21889291 22.01012937
 25.81189121 37.56395326 19.29057248 20.67924832 32.01893007 20.31613264
 35.26811239 37.68462645 49.12956678 11.97942043 36.36006675 18.02846042
 21.46014822 32.0454366  39.12369877 22.99688856 26.02642889 31.42297684
 27.5990093  29.48712249 46.59365975 43.69458817 13.87814021 27.69127076
 38.30702207 32.53659639 17.50803474 34.11237622 24.46593368 23.44371053
 13.84084599 21.09452321 22.27248875 17.58099721 30.76620776 16.71924697
 15.52525678 23.43403368 32.97245654 30.43024976 19.11650783 23.2075671
 27.07467053 26.69653958 36.02363899 20.21295285 17.1701362  28.20628983
 43.89459594 29.97007223 26.18809366 22.74304879 37.49223031 37.35890235
 23.61344885 28.76374587 30.25209709 31.57434636 20.62076829 15.09896652
 24.5162939  29.45934693 29.48311484 36.56513268 24.59385996 36.96501652
 39.14961331 40.39819743 26.29801424 45.46757349 16.81962992 22.54164094
 25.15658448]
4
[38.76645294 24.18577322 34.03732996 31.19131354 38.38403558 33.12654651
 29.55571351 34.19868049 45.54542151 32.1600184  36.60012399 35.76811434
 37.31073171 34.46161626 34.56916215 31.7214111  24.50907408 30.09642466
 36.25974858 31.85418298 28.89095461 33.68198716 30.02159381 40.41498037
 37.58905613 27.79909155 34.38543569 21.82319292 32.78060927 37.58515834
 34.98033844 41.0390429  35.52094116 28.33680408 30.06515647 41.48844243
 32.40204356 34.5515108  39.37183651 36.97749247 31.21874918 36.79582419
 35.96784869 33.39949144 38.49415433 37.35526594 36.07183985 26.37544805
 33.9409886  38.52577007 26.92839232 30.9817054  33.3741524  30.46456105
 28.76267951 33.9901424  37.872144   18.21691126 36.84647778 25.80532868
 21.21007387 39.29676699 29.38210586 29.66165266 34.91017439 32.116182
 35.2168305  27.49755512 31.40317983 42.92267126 25.764194   32.13396518
 36.07221412 32.19261792 30.30947695 36.73563564 33.90313194 33.7636546
 36.99026491 30.04211914 33.121226   35.61384389 29.8465242  33.90800078
 30.87399002 33.74730047 32.22142134 37.22568279 29.59502224 29.58696544
 30.42506392 31.75255274 29.57660408 38.73886969 32.00330613 35.6379257
 33.96114819 18.60955386 34.7261349  44.89607019 30.53644177 40.84810077
 28.87207201 32.06139345 40.18060776 26.56703389 28.1883337  32.72607997
 41.15994175 32.30132962 27.98098082 33.34930333 26.90505973 28.80861411
 33.50527787 32.26305836 29.27639718 33.41927846 23.25831216 27.82814474
 39.56444834]
5
[34.29415123 18.70024998 37.51980147 29.99581075 35.50761563 34.83013116
 30.76816934 40.07090312 37.9794331  27.24926962 24.67081117 36.95967974
 35.85360802 38.10478896 33.12112811 32.05463689 30.79886971 47.26135809
 29.90906205 36.50524163 41.31628775 35.58190902 34.19604492 40.97574299
 33.59379046 32.15859467 29.09868438 37.26489162 39.8491705  28.57859298
 35.76234098 33.73322973 22.30727889 39.56277065 31.69496272 30.46164529
 30.44828713 39.58174398 27.04379383 24.81159102 29.75087816 37.57891314
 35.53268205 32.49932385 35.14109787 33.10537354 32.14327749 25.99750595
 29.10153323 22.7792694  35.46203015 31.55127184 31.38898242 30.38334111
 25.5357631  30.38485446 35.96408309 26.07224778 36.37535413 27.56929746
 26.32282728 38.48451604 21.25412783 27.62886495 33.82106294 33.22240201
 29.2668825  29.28753963 29.66766342 34.1516692  20.93417164 34.26056015
 31.17208374 39.46789465 26.99143111 29.35649195 37.52231433 31.9485057
 26.83488267 26.5008347  30.37906926 20.500553   26.27039992 26.19619475
 35.09568378 34.04622789 24.86837844 26.80660949 33.40126998 31.55393041
 34.51508579 34.66107637 20.94638518 23.98149087 31.85349171 36.58031925
 33.32976614 30.74691899 33.2023788  26.71997123 22.01214602 30.05923737
 35.25271394 30.59945063 33.19108748 24.37909978 33.17062231 35.92673258
 37.39702564 35.68615904 27.39846257 28.32473346 24.83569107 35.86951673
 41.24831207 34.65014029 32.446837   37.8199577  23.40849017 37.02323595
 35.06996721]
6
[52.34771905 29.59333005 33.37812705 22.2628086  35.50334476 36.20948306
 36.7725677  20.31051189 30.813364   33.87482387 48.40655575 31.28093306
 34.50410299 21.98288245 28.3988366  26.150828   17.23692808 26.43544177
 31.98395521 28.59574305 32.26060452 29.03388652 26.86051165 35.78039042
 33.13358686 36.51543901 27.5090287  42.69496    27.35026727 23.8639567
 33.24029643 26.06783526 27.57140474 46.57902218 30.06723127 23.55562932
 36.83318839 45.10799215 20.57190912 30.04130678 37.84766858 30.50504252
 31.59840753 28.78401156 23.19010698 37.11336557 30.80053674 23.90554829
 34.00360821 35.59170325 32.66024692 19.69487959 36.54587619 27.03841777
 30.72089564 28.30257335 31.31623584 25.29418524 43.48415147 20.41124226
 14.55932424 24.9658886  27.33296022 26.96205451 34.82535903 21.30410483
 30.41766409 31.34598121 34.77123922 47.15366498 22.98345688 27.72360994
 52.85004968 46.37763312 32.38414727 39.2248351  27.52704663 30.08650937
 32.80305189 23.82326728 39.20453319 42.35009569 31.72926591 42.67643854
 40.92351021 30.12223747 32.86143951 26.167393   41.59650932 33.60726859
 38.34091264 35.94061212 25.53564289 33.2687711  38.62795257 32.75606532
 30.84435017 39.41241515 45.65709149 43.19022173 28.79212446 30.60612197
 38.52287843 19.61500276 19.27606569 43.51323975 33.63983816 29.94373706
 31.31614144 30.23103625 36.08970471 29.21292352 33.75815915 45.16092431
 36.82838478 39.29343827 34.80163346 31.8835192  23.72074533 31.81238516
 34.59003372]
7
[32.30110805 20.80291093 24.38390269 22.44323557 45.38433714 29.69010911
 29.32390185 23.2147777  28.82431796 27.50657129 25.81899469 23.40501691
 27.28478319 29.64857873 26.8182198  34.07953375 29.36009232 29.27466526
 30.65567417 33.09685095 28.08890746 40.68861573 24.06902178 31.99522587
 25.2188854  31.54241435 31.49865637 28.60676007 26.39512287 35.25308846
 20.12760261 24.20240167 30.53821525 33.23732311 27.7317788  27.95539741
 23.1193827  37.33843859 28.34342651 25.33343268 26.5801827  24.79126255
 30.25109121 27.38200266 21.52594294 30.02794147 30.90884482 21.67954141
 27.75990128 28.1492489  16.33840722 24.38420951 27.98720645 32.25323075
 28.67213944 25.66432777 28.95455965 21.2682762  32.86295286 23.19782017
 18.07487354 29.54574076 25.33397847 23.16848778 33.79937745 30.98727043
 25.88861554 23.5121852  35.00199051 31.32973343 22.28775738 37.12038805
 30.86983259 32.13753833 28.19802845 27.74761823 26.63506027 24.76538682
 28.13786735 22.33395245 29.8190607  32.63756783 25.34349062 29.4479982
 28.7941552  22.70366323 31.46300993 25.87031074 25.94878569 37.44958683
 25.08342749 38.26967184 21.87372435 21.30962162 21.50635938 30.98390521
 27.98642593 22.21437987 21.69036972 28.83813291 38.13597065 19.81253279
 30.41303573 33.54449944 24.93553618 36.50263961 32.59187486 40.80300489
 26.78770351 24.14380545 26.35659031 34.79055756 35.1726627  24.49043153
 41.44290064 28.92712276 31.05190559 29.9507204  20.50808206 21.46670771
 24.02369483]
8
[33.63696451 25.62332632 27.76776098 24.81908221 40.56220264 25.60261352
 25.67700737 35.38285525 35.70903423 23.05378692 37.07748086 30.43642382
 36.2212162  22.31369533 30.0309174  28.96029435 33.31502659 32.75041926
 32.3281943  27.73877566 35.48534022 35.93120001 23.94394219 30.37662935
 27.27255127 38.34110895 25.01791366 29.49950068 32.94887721 34.91097325
 35.33456475 30.51171519 34.61388161 31.96497558 35.38194937 27.45443827
 36.3768431  30.86733026 28.59937248 39.22047449 24.30893092 31.70589727
 27.98514075 33.25053983 24.77416015 35.4600365  28.17288709 25.51715098
 36.1241524  27.21933726 34.86118836 32.68041649 27.98845909 35.57661848
 30.35633206 25.5116094  38.53534831 25.36643435 34.50778397 20.74140563
 23.43046649 32.77084822 26.00443022 36.22771781 30.57792116 31.97895555
 27.61621123 20.66294444 29.37777904 37.47541249 28.85490576 30.73363573
 21.53916154 30.16714471 26.43502786 29.61550522 30.91260745 32.70002525
 24.14293586 42.63240551 32.86255368 30.05819663 20.23948543 31.52719873
 35.45074564 26.64587296 27.90926503 37.05211647 25.92692869 29.16626362
 24.91192818 19.37412905 35.8429568  30.06337602 40.9732928  30.40864261
 29.67537312 26.21589504 22.97166425 33.66223433 39.33142523 33.5592949
 36.18068375 39.56216028 31.06985222 22.42337722 35.14610298 31.05087998
 27.39268218 32.0145137  32.80209692 29.65181838 31.41611214 41.99748223
 27.28230806 18.37210366 37.00546268 37.47091962 26.20967233 39.12010514
 33.40891132]
9
[35.69409869 30.24125814 26.49418302 25.68998131 22.00329646 29.27949109
 35.69999024 25.52295172 39.08738192 16.76815399 20.85603327 19.88781611
 35.12224983 24.36536546 30.51695694 25.78575746 25.18988483 33.55830843
 27.05525393 30.1532114  24.88466208 24.44527066 19.36370047 31.97408054
 29.96377713 23.05646617 24.41978054 32.85248496 33.65850331 25.13078256
 21.24738031 29.7812508  24.32995502 25.65564274 33.84011505 29.87286983
 33.07981673 22.45052488 31.6428198  22.64845803 28.23025213 29.48522963
 28.12443202 27.4402139  31.26444451 31.34078773 29.15070931 34.70459311
 29.29429468 31.18656371 33.37387908 31.08107638 26.16720679 27.99876214
 26.83149287 27.14365003 36.43193188 24.57987474 33.95048304 21.33185331
 17.18516921 26.29268345 20.63042798 21.02225451 27.96188459 29.56448362
 25.9736141  25.0645117  37.4723968  32.82055674 26.61635669 29.34257829
 31.30319394 29.15466675 28.08162227 25.83202873 28.70915698 18.44445438
 30.85060585 34.3558795  23.42462438 19.42754958 25.57552941 29.33957138
 18.06498151 24.08274688 29.76895531 31.42384773 26.32386711 33.34445978
 16.54220929 35.47729999 23.85673251 38.36695977 27.34935578 28.0897431
 25.66638681 31.7506265  24.42464201 33.94733874 24.81581776 29.35975763
 24.38465373 25.55655921 25.16340157 28.9879197  21.61271971 25.18290169
 32.6564245  17.54265602 20.84165104 19.10957418 38.18559537 34.52678528
 23.3305807  24.6692311  33.14986159 37.94195175 24.1382802  30.50427724
 33.38694019]
10
[31.92590403 22.20371686 15.60123003 24.36233901 27.14526957 23.68863442
 20.84521261 34.27089457 45.36270977 15.85624182 46.79740057 38.54951332
 24.29050886 29.65283048 23.17378422 24.36814584 21.94849732 20.26826624
 27.81931182 36.63993149 22.05782618 28.93248502 21.45183187 34.90364452
 34.21298798 35.34001306 19.48916572 27.34628821 24.15070808 19.39818636
 20.07601916 24.61405049 23.07991001 42.18700579 19.8964602  32.91095897
 23.24648015 27.19734173 37.30600073 23.72882046 22.34684179 36.62841586
 30.58723164 38.98882283 23.82504526 33.20931255 27.47250655 35.89022349
 40.92493704 38.25187938 21.56939894 36.28199557 38.16267756 32.08795408
 26.16706824 35.01601338 35.71671122 18.84822181 38.05155865 21.56882945
 23.98749424 36.19117903 22.06188701 38.84875326 19.3512761  21.1991421
 17.09841268 27.39384098 32.92592221 35.73050034 32.54516588 41.64810207
 25.85499221 16.96117982 30.98788608 22.82265284 21.90207598 22.93051951
 37.41789253 18.3717644  27.45386941 30.58609159 43.94551338 26.00498893
 30.6182941  33.87760405 21.68424856 43.68976479 34.05809638 17.11616419
 33.19147748 25.84092417 28.44427264 41.2780195  25.72335247 21.83557671
 16.47045193 24.78596104 42.34302046 33.58105088 25.50436598 29.61601656
 30.10998364 26.66819666 29.81484736 30.0611725  42.79665093 35.34917609
 27.3602667  19.95747096 25.01384917 19.71586624 23.12804861 36.97511837
 25.49132592 32.49494562 20.9924569  31.73310284 23.15419841 37.1206585
 30.75536203]
11
[42.7681891  33.11317385 34.27729527 33.88748858 23.45087101 20.36851145
 33.09661168 34.32034487 23.53862573 17.05691876 23.56159018 27.51481689
 26.55967698 34.24456843 22.73160769 34.69243522 24.17147373 22.76766633
 23.791345   34.7927928  32.7485765  19.80649342 13.39922899 43.43434616
 36.69091355 31.52249234 31.12028792 25.64173812 31.19396581 28.14324193
 24.35016237 25.81587653 22.78181902 29.00501323 22.69136747 19.3871219
 28.65714593 25.33068187 34.16650806 34.01435766 15.88617746 41.9229667
 27.18079636 22.10306633 35.46033248 26.08006084 22.52178696 19.92933311
 32.1835048  36.9201445  29.75470667 27.02025153 29.49585172 20.80945704
 33.36751738 31.83563576 29.94959198 26.47161541 31.64752076 18.7234022
 26.23395866 43.17057477 29.55823596 25.68320417 31.53639188 25.79203674
 33.40744533 20.99998008 27.32382208 33.87998737 27.20367133 30.78311445
 38.74164948 36.63281153 24.28847748 24.59389247 24.44096674 30.89297671
 27.66827672 27.12985072 36.17669185 15.97717227 55.80876384 25.73292553
 31.9432162  23.25423309 19.1264068  36.34590546 19.82919534 20.59899144
 31.60413279 28.1000739  36.25936253 25.01427285 23.9127031  26.77454018
 27.34981673 30.32673074 29.37702722 24.52837762 29.05275161 30.78584762
 34.49483275 24.89140551 15.94028648 22.64756483 19.27462031 15.16269789
 32.90855355 31.09120894 37.38689215 34.75526722 24.72944642 28.08422674
 39.02088169 31.70658226 39.63214738 36.11226334 19.16357331 21.1927031
 25.30226169]
12
[33.26916384 25.83724982 18.49108663 34.38954713 32.8686731  36.35192561
 31.19475396 33.15236072 30.78592151 27.2507313  27.32972482 35.40044467
 27.53225561 28.85446309 44.37828084 34.71689088 29.90219822 31.90504501
 36.60139105 13.38045309 31.93159727 27.87247759 27.57695243 34.40141141
 23.47034282 14.34111647 30.5515542  28.61007723 33.91150823 33.40701207
 23.63569766 31.66105718 25.34612166 31.39017396 26.99322688 33.92770653
 30.38658538 24.96436038 26.68070957 36.38225009 21.96823816 21.01647647
 20.57387818 23.38805036 29.00882895 35.876822   31.03589942 26.72355518
 28.87843647 21.52960138 22.85550865 22.50891574 22.0359343  21.06364586
 33.40534878 33.30795964 38.3489698  19.1934773  36.1729153  21.23043771
 19.72434243 34.57689563 18.43715206 32.96024299 34.26784043 31.0724787
 21.75409747 21.51982796 30.49056055 51.1161986  21.50005314 33.16150704
 26.46088642 27.73817728 26.98363897 29.00018486 37.08782345 25.05970573
 22.23047441 27.51345139 22.71703689 37.577261   34.61731728 23.04072359
 23.60618208 27.12974992 26.25972105 29.55513826 32.69177212 34.13236642
 33.16880743 17.39683414 35.22718874 47.20628638 28.62548298 28.02124057
 26.66687288 40.44097505 27.10147062 31.43345193 28.94341282 13.33243772
 17.46707929 41.37854851 29.58473701 25.19527946 31.97185669 38.91458535
 29.49525078 28.1928516  31.3572416  25.66549031 32.67237617 22.7979297
 30.37276502 24.97496542 25.32384386 35.01341921 22.19953435 27.12647111
 30.23069793]
13
[37.37817714 30.13061585 33.03484826 39.62872706 19.34652175 31.9694132
 40.27646316 40.56753159 29.88076261 20.2670733  33.697668   27.7573216
 46.16526551 24.49322409 38.79245069 17.52134439 24.51514428 32.09973827
 28.95606525 38.74644476 32.01887401 28.0938052  29.14885092 36.38617079
 24.5811266  23.69021338 28.88179938 33.16425125 27.19862571 35.93084075
 29.02627291 35.05642677 39.45095689 28.48222202 38.34140706 33.75506712
 36.23369029 33.53074197 27.25176163 20.39375808 32.34800681 37.91623771
 37.63587882 33.88938748 23.50924475 31.14767153 33.98005792 24.94318738
 29.19759007 32.129285   20.73209992 37.32316205 36.56978567 29.29448548
 28.80268316 31.18562475 38.58695823 27.14381306 38.12705568 24.09064395
 23.70888385 38.88474178 35.24329845 38.96955948 28.01571483 34.46386842
 29.68959611 34.84228371 31.41267919 40.15275308 30.69542323 34.74261388
 27.73094505 19.83568679 34.01783888 34.06333803 32.65158455 31.9999909
 38.40550144 28.56031101 26.5833416  29.30046641 30.63119322 30.00954596
 29.72257106 32.78458403 52.50770781 41.9268645  27.71000926 19.71867759
 33.51094204 35.40990796 37.78415145 39.48857256 30.82400357 33.78080318
 27.75456234 43.79202139 37.30233244 33.05591246 32.47328092 36.77860261
 29.66677616 37.509486   31.19264787 28.84203195 27.07506546 40.58446762
 27.70677059 31.36874661 26.92321361 37.44303777 32.9446832  35.33753972
 33.76030747 40.38635346 22.9038319  40.85955486 24.70919002 36.33827692
 39.31263939]
14
[39.45517694 28.66184869 35.48741246 29.78257801 25.35819189 32.31329139
 24.31071366 23.42723242 30.41190266 27.47763831 42.52968032 33.75548199
 19.15795784 47.91506456 27.04428713 36.41472956 34.35809367 19.23873245
 33.2888812  36.10499945 36.93981001 36.23298638 20.23781751 33.70114567
 27.41416258 29.88564899 26.28249318 21.57029058 33.19229968 28.77834615
 34.42912393 26.89748197 37.76350954 36.67423265 30.70529542 30.65563589
 26.52929102 36.29594711 34.6483716  40.11425423 37.79964543 31.01632345
 37.55324717 33.46331236 27.97948657 26.67530319 38.26205076 29.35650555
 34.19596345 31.72339859 29.49614474 29.39912614 37.71394006 31.08485686
 28.60781871 29.87341032 41.33484506 27.63926476 33.31007189 21.94911193
 22.03268562 34.13072139 42.11414397 32.05476929 41.64105501 39.44197234
 14.79086851 26.81483119 30.60304439 35.28593463 12.00607776 26.69050737
 21.09701143 34.31397064 26.9400223  30.14073342 37.19327989 30.7692662
 30.04637586 39.44335181 24.29427896 30.01819687 31.6243988  31.85561781
 37.13913118 27.87217429 26.32908592 31.83116248 25.26439493 23.91209257
 30.16683173 37.93297959 33.95972112 26.26318946 19.10149125 27.91453331
 31.21127132 40.94435444 24.10421173 20.53506947 36.35334792 31.2527896
 30.38923233 37.83494443 31.94002416 33.86714436 33.47084085 24.67885158
 25.20107028 40.02480443 39.80974534 30.31676433 34.74108898 41.62396026
 36.44248255 27.37538653 29.59512769 38.00900434 30.27899692 32.69549464
 20.70967243]
15
[42.47844468 32.91453221 25.29671086 28.31786978 30.7191546  30.77878266
 25.255768   23.21353192 30.98456815 23.61265065 27.12608603 26.3091881
 22.34903686 26.96933491 36.55917767 34.51125889 24.73605541 28.10420514
 30.85660208 17.89447026 21.75395871 24.22931555 20.96971518 31.92191799
 39.09319519 24.43600012 23.67744904 24.01410124 21.63508429 20.05751848
 29.30691361 27.84555082 26.92084776 32.08435341 26.82920908 26.76037612
 31.62159259 25.60089251 22.67248984 21.74558439 24.92222024 27.25868945
 31.67221275 27.71040233 19.77727524 28.6084589  26.21251453 42.07688237
 25.83903891 19.81462805 26.16612009 24.44249702 45.94573902 35.5767077
 29.9793267  39.95621011 38.13235136 25.4394673  33.92637701 18.75002418
 26.3176098  33.27575669 27.68446494 31.29308179 30.70889117 25.80120208
 23.47705375 37.91277943 44.80512671 44.13425924 23.04465872 21.65989722
 29.94258371 30.54299024 24.47937938 26.11463243 33.67704953 27.88252766
 19.73876871 29.02257096 24.22242461 24.18791987 30.9061006  30.40030069
 21.20407738 38.79418191 30.84674023 30.49624564 24.32391931 29.04563968
 29.24537842 24.59375687 23.79042237 26.75895898 23.83983378 41.78938992
 19.79646106 25.86809999 20.3427445  23.09932185 30.67076977 17.46155779
 24.32889916 26.14555048 32.89188488 18.0204085  26.1398276  24.95361462
 26.370516   27.33046222 34.10692921 22.78025567 25.16963709 31.4564983
 27.22815784 29.68563044 28.38643955 36.1090917  27.32782939 26.63435564
 40.40994151]
16
[31.24697266 19.38822559 31.89028468 20.28442328 27.00108508 23.90755393
 22.27173632 19.69926091 27.49557586 30.46899591 29.03643727 26.47745739
 24.9366743  27.2115531  33.72811601 31.00166653 32.600549   21.00734312
 25.43832725 29.6564411  24.23572804 25.71106174 24.03164731 30.46874541
 26.48869011 20.64381618 26.08689672 20.55038921 21.48153813 24.68191062
 23.54567055 33.44500921 21.89888348 28.37618061 33.32343594 29.02621367
 24.7924924  25.15414655 23.16478064 26.13655548 16.6833725  27.04363662
 28.8049398  25.45911176 25.96648869 31.24147281 26.62914793 27.77234782
 27.57691084 31.65693675 22.06251223 25.85013272 24.40395702 28.35213278
 24.22225283 24.04916073 32.67057488 21.08326454 33.2736929  20.62781605
 20.38967667 31.5758205  23.290538   28.80218326 29.13855945 25.85131048
 25.47441663 32.32571035 31.12285865 31.68044259 26.42306533 23.09573855
 22.3905897  26.62681876 32.04640102 19.77228601 23.61818135 22.01510132
 19.42135952 25.32982281 19.45194286 23.11547596 29.20056732 27.89727535
 27.13852641 30.62839766 23.7843268  30.07186663 31.75357545 26.02437937
 32.63510995 22.36318735 18.52899155 24.47131234 25.65802665 35.89099592
 17.78517699 32.85845673 32.45749338 27.03448228 24.87289964 25.78719076
 27.45155932 30.06741553 30.43492444 28.8695033  30.55052866 25.32823483
 30.41708219 29.50485569 36.42633802 30.28089873 29.492832   31.0156892
 19.69028129 21.28152788 29.43631503 30.54978782 22.75198102 30.63004591
 28.25741675]
17
[30.42293818 16.33529142 28.6116619  25.41221372 32.69022669 31.60301729
 38.36256208 23.44022187 32.20273868 25.2601571  26.38032216 16.96962215
 26.23505816 21.10896572 30.34371977 33.25488333 19.32013456 37.91998146
 21.37237026 27.43932993 27.17161893 18.72322093 21.75838747 33.06137985
  9.12490637 27.56469749 18.91828868 31.57613227 19.41918548 20.38525351
 18.66417958 21.6202903  20.08104789 35.35898881 22.75486515 23.95131959
 37.1230576  18.23320015 22.2978576  20.36704585 25.066921   30.05396408
 27.2472574  27.09016119 21.71467267 19.75198903 24.54715917 16.61208863
 27.15147943 25.85793265 25.4911432  15.69210431 28.61545144 32.88666866
 23.6748141  24.04797268 36.94731763 15.64894673 32.81238422 11.67579487
 17.45715083 27.04792995 10.25092942 18.57206497 25.58829576 33.32079405
 19.43165828 23.31400801 21.41011205 30.11812349 16.83104293 19.18108688
 35.42262888 18.55926173 26.12135898 26.10508172 25.47960356 24.95422605
 28.98593793 29.27044183 29.51620931 29.78121473 24.49626908 17.25484186
 21.02376217 36.03931939 19.74482966 30.84939717 15.24034202 21.82499471
 34.33294828 32.58469405 18.92060572 25.71707667 22.91537332 34.93751251
 29.44194787 22.76965904 36.13368714 27.09031015 36.31984914 25.61233609
 29.71014205 36.01694812 29.21557636 33.46039192 16.5924304  31.81912167
 28.83208855 18.36621434 26.18700803 25.44158047 34.9512228  27.22002353
 26.49558577 26.32155811 18.08705711 37.25776416 18.47471498 30.51267711
 29.7622823 ]
18
[29.09054109 16.93793386 29.21056337 23.9066556  22.48026806 33.14968486
 21.71267111 21.85987989 30.82833154 29.49215468 24.92478742 23.01177027
 29.71239027 28.53872899 25.70148114 31.05916934 25.00378342 24.08190517
 19.89025065 28.20729229 29.12825633 29.31078737 26.57372027 31.38972491
 42.24549996 22.64867299 37.45124404 27.22669024 26.23350349 25.08588887
 32.6424362  25.26674703 31.46055667 28.18419673 32.94438842 27.91632283
 30.26694341 23.87595893 22.23463491 27.31866711 24.89301211 25.54639632
 23.43305614 27.74503123 30.89893205 26.77754939 37.27987758 28.70332106
 25.80120236 32.50965956 32.96404744 34.39897153 32.81323406 29.64622935
 26.90094134 29.4289842  40.4293569  21.53940481 34.29672032 25.02697558
 23.50524237 31.84280366 27.553349   26.54323246 35.32259533 26.59117207
 21.28376189 27.51519958 33.23037783 38.90951156 24.11949996 28.22204469
 22.49342159 28.38074055 27.03667971 27.66259608 28.98858341 31.65013377
 22.83352283 27.41705581 25.83622872 24.47310811 24.19995418 25.54714609
 31.50865569 28.89212467 23.79835925 39.58269443 22.25153327 28.55295752
 27.51313318 26.47125578 24.00926092 33.07164969 22.94472054 20.57292014
 29.60039649 23.7977528  24.79526275 29.50146413 27.48684721 24.98648498
 27.31488594 31.24376242 20.20702758 21.57701102 27.76424835 22.21527816
 33.05527892 45.3570806  30.43752487 23.33272185 33.8754408  25.27497088
 29.57559876 21.13452053 23.41728301 39.60446593 20.79891328 37.85253257
 21.76768426]
19
[33.74683061 24.57377903 28.59963235 28.18948556 35.81477587 38.41906719
 35.63972051 31.9709013  37.23907702 32.37146108 34.00587978 33.85387356
 37.44666723 29.01813153 28.14250592 29.80680881 23.15446189 42.96172863
 37.08130131 30.84354048 30.31973563 33.86025149 29.3002082  34.70396889
 28.65008358 27.64302618 41.91857742 34.07934853 34.61886448 36.52118516
 26.78306259 33.86751998 24.14886691 36.79572554 34.68520391 30.20906347
 36.75652525 26.7542417  29.82756156 33.43383833 28.11512765 36.98363623
 30.9410907  31.32557165 32.84572831 36.64400933 29.72036004 29.30677252
 21.94086087 29.35255047 29.75474648 32.5057217  33.48234752 34.78984794
 23.2208848  30.65586234 43.04590757 35.61789839 39.80646163 27.74193546
 21.89965835 38.27549057 32.1120407  26.73719897 30.72901603 30.3182337
 26.50501578 29.80556259 26.6117729  32.67598173 21.07857942 32.77091876
 34.2310671  30.27113579 25.36351473 29.66091993 32.67029947 19.51237909
 32.0231461  33.1398456  35.54947289 34.05150227 34.42766671 35.78572028
 34.59200102 30.4078188  38.15448865 34.99214242 31.68990299 34.39563527
 29.98391481 34.99244049 32.35142263 34.02739408 24.23005898 35.93412061
 34.53275571 29.05354727 34.36386205 30.04881056 29.11294884 35.32865637
 30.70388441 29.73715024 31.04815697 37.87992608 36.15746111 29.05779462
 28.3741643  27.42113314 24.66634826 36.16050826 36.73073511 38.35890267
 25.05165017 33.82959021 34.2908843  42.39824899 36.91075134 33.96581493
 29.00026005]
20
[29.92650385 21.71422719 38.55644737 22.093912   21.16188818 27.90331503
 27.12935024 35.10990547 26.00413086 20.66038789 29.50560124 16.12255656
 20.82674126 27.95407567 27.18728504 23.16672162 16.28809423 30.25730462
 33.00958978 26.72718811 41.81226993 25.85102264 22.69234526 32.43656832
 39.46075967 25.26767108 25.18613592 42.488685   27.02220428 23.61251819
 30.12873249 45.64500614 37.80387127 32.32416758 33.83638067 29.08998581
 39.72124602 34.99161808 20.48566621 19.38888633 31.4350053  28.96198285
 31.5791114  33.25844778 19.63617766 20.86619871 33.35816086 23.57921246
 28.66983272 31.01327788 33.62621375 36.4390868  42.08443662 27.7924203
 31.35649411 28.18782943 32.14061197 16.25185708 31.31267396 25.37613465
 24.92052243 30.65954992 33.19979649 21.16889606 29.10014939 24.70482001
 25.74699719 22.74102648 30.48471936 43.57865846 19.42707975 23.26977482
 37.84711263 19.61090312 21.1263955  28.99977156 38.85180066 18.00321285
 25.7186811  22.18597705 29.64044954 26.27610488 23.55528607 25.8581195
 30.28865736 20.31844246 25.76950345 39.14316786 29.10282459 32.22278397
 28.84291434 42.3678259  34.06811234 28.05389745 27.49091573 21.28931185
 24.36650563 24.26912991 33.94708272 23.15996505 24.04418533 26.35402827
 25.19939271 29.54428505 13.86422356 34.19863103 18.96020466 19.31501209
 37.8540044  17.13707116 33.61581686 32.77609706 21.76991942 42.68377102
 30.68565853 20.20234808 33.84419104 33.21798925 13.8234059  34.50617311
 25.0208119 ]
21
[36.96713895 23.98347298 38.02945577 23.9370512  30.62487759 34.01074448
 21.74528816 20.34394876 36.08783522 28.91390493 22.54021188 42.42591063
 28.55169814 20.01467227 40.428088   14.92304581 13.96567304 21.93439454
 27.59793188 37.5235568  28.58505165 33.54222092 14.22094835 28.12981006
 15.53293032 25.0515627  21.45251403 27.26580325 27.27190241 31.16713605
 33.48401191 23.89272983 26.35329878 34.39762548 29.62397778 34.40069683
 33.53528603 39.01418207 29.48480772 34.51829647 24.8422445  32.52196542
 30.34830533 33.00318146 25.00002279 36.9200167  35.13104495 24.95440778
 27.22720829 28.56708784 35.39020783 31.46840378 39.64022737 29.36567541
 30.00661293 32.70818786 41.98739433 13.90922712 41.68474355 20.62100884
 20.44385889 36.90574199 34.00133077 46.23185072 18.52302386 21.98540383
 25.02993985 44.6647123  43.62426542 26.8024593  12.07895116 21.15206087
 31.11712726 38.23083997 24.38261287 24.58524647 35.49139779 22.56750451
 22.94466371 16.50545379 22.38009019 26.30688147 25.03713375 19.27692421
 35.64751578 36.36377949 21.73441765 21.973599   28.47506779 31.59259837
 23.90674589 22.22292577 33.02432563 29.43640749 17.27060601 23.95738245
 23.04434613 29.7015612  43.00737218 34.32806522 35.25526605 41.22007053
 37.3235468  25.45286363 18.73060191 32.38613432 19.8853649  27.39183729
 19.80771085 18.47775979 17.60269772 33.90625264 29.19859832 40.13818092
 35.95531573 39.58096916 16.65417257 37.7256959  17.96151254 33.4201435
 31.01668087]
22
[31.51963536 20.13287152 40.08330894 24.30289478 34.60954794 30.63461552
 40.53825276 31.61231237 33.76154779 36.54621636 26.22002331 25.76539121
 34.17288521 26.4014491  24.99599953 30.00675154 29.07892523 39.96545186
 31.4487474  22.15450184 30.52030251 39.83620733 28.43661524 39.30223794
 34.72705822 33.03086705 36.75622864 33.1907827  33.08677362 25.12766416
 32.11136198 32.19470803 29.15166723 25.81352199 29.45705349 32.06555108
 25.20335731 30.03490068 29.08545955 24.15639114 24.81731006 25.41250553
 25.88406357 40.06890052 33.01551941 32.20022953 28.8978913  40.27395815
 24.84383999 22.16037876 39.82783915 25.99318357 33.97591826 28.64879756
 29.3381895  29.8348181  55.33551217 30.30546401 37.91846044 29.6611121
 26.55447744 42.15567952 44.03738354 25.46681981 24.60280668 29.89626866
 23.79556201 30.63940791 29.92624953 30.05513863 18.51179478 30.87135856
 37.01622891 28.34461818 34.0316705  35.21079442 25.45661674 30.96614907
 43.74956089 30.71998201 26.52950595 28.85069769 37.13043931 29.80401134
 24.61615203 30.86199361 33.58279278 24.53827746 26.75010256 28.70863968
 22.77034148 21.93826534 33.57681024 24.8740334  33.82454794 41.43036804
 28.49736736 17.70539298 35.72407638 39.85472838 38.46895163 32.12735294
 32.26955743 31.38396472 28.42775273 33.78817514 28.6205593  32.13577997
 27.47705123 32.86954612 27.25103628 28.03296425 31.79721943 31.04356387
 24.26980262 24.52514905 23.79348687 57.24013608 26.85574517 31.39519285
 27.22369751]
23
[34.29887794 25.43693338 35.00388369 18.28781692 26.51661818 28.30032624
 23.92719008 16.16019799 24.07197453 18.62703835 28.74123015 24.69928652
 24.45263598 28.35680654 19.63688836 31.08892404 22.6243976  31.85071124
 27.02298915 31.47008878 17.20222017 16.21241421 15.37745955 39.97792098
 34.08152929 10.36665304 22.50428406 41.69094846 25.31408648 23.22234921
 30.42286849 19.70924795 30.37839256 33.13651636 22.30506144 24.3621401
 32.96708056 20.64229625 24.26927893 16.50196351 22.83922113 22.56813174
 24.3521238  29.03497657 28.45911544 26.25811764 35.14762147 27.285259
 27.4194968  19.37869487 26.33491679 27.20296316 31.64619484 29.65827732
 27.3765159  27.66652231 39.60400356  9.19784648 31.72908816 21.28827003
 19.41714343 30.39497175 35.71125411 29.6284426  26.72734197 22.87055468
 23.77312626 19.43479457 38.12617441 33.50711653 17.59284398 28.89738647
 21.37090618 19.93610744 36.27469499 29.74807623 16.43196408 32.27691708
 31.42528554 29.70178396 22.7919763  22.23332184 31.39565908 22.77931609
 29.48099645 32.62916288 39.5288688  32.19952711 38.62972681 16.8277787
 20.10353895 18.57240456 19.05684075 28.70887651 24.24120478 24.77537569
 29.81202507 38.29574239 29.13048398 35.34961199 26.46235997 28.05267931
 19.62849624 41.09592909 35.80008991 18.62250678 21.26484247 34.45639465
 36.52562043 37.3616033  33.8196212  22.49814812 30.64179344 22.86915527
 31.46874747 40.81492839 34.05813687 27.81909516  9.38997049 25.77467094
 27.8013058 ]
24
[31.66132086 20.4892609  22.08463237 26.68235577 21.28740551 22.0260633
 25.77766956 24.34988358 33.04112493 28.51902612 32.23704224 32.2055391
 31.06876712 28.13589024 34.16960479 37.15890487 26.31960863 30.47121609
 30.7646941  32.70102555 34.00836162 30.01825006 20.45551424 37.56006517
 34.60198819 35.19578152 37.86729486 27.97460694 24.22834684 25.4372794
 32.16591142 26.3028301  26.56886113 30.89740745 38.4209928  29.13584654
 33.32171388 29.70166311 24.94046714 29.78583088 21.48968175 33.42362273
 24.07243947 30.89612854 30.239884   23.66845417 22.4041372  20.85133934
 37.84715195 20.35172222 39.8953262  35.59494087 28.20550194 27.57278383
 24.95722195 26.85046726 33.93759832 27.9146349  27.31330024 23.98620815
 23.68368617 27.30832821 22.56521572 23.53265799 30.63447279 28.11922132
 20.79274396 36.99746164 29.75710306 35.9815206  26.3876915  29.12797549
 34.99005657 29.62410605 16.68326297 33.89411823 28.39619521 23.02412212
 39.14729851 28.69742913 30.4876664  29.69019459 31.02837076 23.89859229
 24.94675426 34.00601033 33.16110387 25.62666956 27.82928357 37.76822575
 21.46510311 25.28384445 21.39820455 37.47117376 31.9882247  29.63910923
 27.72295886 29.42032001 24.30415643 24.81194189 24.65817231 27.85496687
 28.76330798 25.23099837 30.38373784 24.61920229 28.95410547 31.89114389
 28.65893869 28.64095986 29.93462938 27.37352365 36.01247854 24.45644308
 24.75180013 31.22707386 48.59455013 34.69546589 27.25208452 25.30949374
 26.58699326]
25
[36.58666026 30.915048   40.38396725 37.79442899 30.16372563 31.31532254
 43.53592644 19.73954904 30.96235906 26.37783579 31.27773407 27.06019679
 27.68339107 35.15586149 22.76149227 32.80607364 24.94722877 19.2587468
 31.04304349 24.84889986 33.60898359 28.11285549 21.11352048 33.8313648
 31.22394789 27.56761148 26.89128186 28.60044486 31.32871745 20.85006623
 25.75933509 25.75025542 26.55628068 37.10974241 45.40030524 25.18604853
 43.7445663  27.16374347 23.76360956 38.81738602 20.44871755 28.86889911
 27.78484565 42.06731166 31.07355349 37.91126547 20.26536917 29.46515518
 30.42971755 32.09887926 33.3195082  28.10606475 28.31375192 21.44159211
 31.67715568 37.28542955 37.26800667 23.18889056 36.6725931  21.63321775
 21.4637655  38.13440974 19.57081221 37.80793269 23.03953529 32.9432502
 25.10900336 31.01100526 32.75089149 36.0918201  31.73234364 31.5722036
 31.50897367 24.15502469 21.3423724  28.75575669 43.05466105 36.02506502
 39.21751454 34.34553574 25.02510636 20.24022294 19.42590489 34.85442603
 33.35207609 31.45532612 28.42909045 38.57588651 26.30447099 27.85241274
 32.26907047 33.34656198 29.14466308 27.90361046 33.8398529  27.19544512
 43.51203894 30.22811222 26.9856101  45.39403929 27.19567003 33.9372627
 27.97738398 27.17130287 22.08196209 28.67647337 39.52320502 29.2474111
 28.34037124 34.25095194 25.95343933 29.97124739 27.4727867  29.21889951
 34.06397904 39.65376408 33.53451308 32.11714988 28.82863442 26.64265054
 30.65962108]
26
[30.47853477 26.29068078 29.93152541 27.60465317 29.44929318 36.03493556
 48.72181857 31.33799789 32.69945229 25.05614517 24.64558569 25.92514877
 29.29820641 25.62360349 25.87484382 27.34335487 31.01809632 29.71762348
 29.58654981 33.4688207  31.97834078 17.61940532 30.79702705 47.22441736
 40.66132848 28.26233497 21.80841834 28.13869396 44.10852257 33.25692243
 42.18442796 35.72026629 27.00140935 37.92339841 32.36572169 37.70104181
 31.99981393 46.63465823 32.74215175 30.01583517 22.6788231  29.24094893
 23.02993257 32.5336673  31.77803374 38.93996693 28.81148956 29.75734892
 39.56982546 25.72330499 34.55671135 22.06358042 36.14658432 28.92762229
 27.06270688 24.78612427 44.55016725 30.58304069 35.26820153 21.21157012
 22.01767781 45.10184371 28.71206486 34.20772432 33.26154037 39.52077308
 22.41026688 33.71369136 30.51439514 35.37847001 22.80549852 31.2442375
 33.25213716 31.7106617  23.38182854 40.52928842 33.82096543 31.95960428
 32.49470849 25.70304087 31.96245927 25.25407036 27.40607951 30.08209892
 27.47216407 27.44077827 29.88076229 24.83801215 24.77016257 32.02641254
 29.21255759 24.87309375 36.98083737 24.51617498 33.56100569 37.18930611
 38.66136884 28.22278154 40.72430273 35.25556938 31.80672312 32.56297243
 26.88655944 46.14875234 27.59685493 28.60467028 25.98942744 36.17423821
 25.04157967 31.17863626 33.10708937 27.11805252 31.3281859  29.8046854
 23.47996628 30.06368625 32.6035554  47.97048372 26.06214983 24.5988792
 32.668808  ]
27
[27.59509626 21.49330226 27.35769519 31.68337193 27.92033943 19.7694843
 27.11858628 19.17113008 32.4958776  20.88587198 30.04446143 33.56201532
 37.08339336 33.7350755  33.89683826 43.32452507 25.18802112 38.59286892
 20.17965421 28.58946371 25.93514125 31.00153515 17.6814399  32.44420394
 20.19602713 22.26229399 33.51174205 48.94110301 23.3774729  34.72932196
 28.34288525 29.0414133  34.86117247 23.03210494 22.07412115 46.33095882
 44.37188588 43.22348432 35.70965686 35.57079663 22.12325321 33.42302439
 31.24015367 38.55972337 28.04668304 20.37132998 32.93847997 27.36546004
 24.80411651 32.0191174  30.90752238 30.93244437 28.3764942  26.40470274
 35.53312075 34.93363592 38.76741971 23.10325352 37.14931962 28.41368875
 25.94457655 40.77004308 33.544258   33.27679218 31.32397183 30.29162631
 29.48151654 21.30737856 26.87781299 38.13291612 19.55061233 26.13399304
 37.60693012 31.36197527 24.70738283 32.51637563 29.28253494 36.29720743
 26.93264528 43.7997479  43.97211601 30.69291849 28.72159996 29.6932805
 38.18505106 34.12677072 35.39178231 35.47701106 25.36960933 31.62523895
 22.66457069 28.44741041 33.61465018 32.20296584 34.66737261 36.94187796
 23.65748181 21.7326017  35.17364556 27.13816677 20.26395168 37.72297159
 31.46561388 36.99785791 33.73095525 19.892393   36.41532797 24.87075892
 25.24768742 28.51859069 38.57381442 28.95558917 27.09323858 26.92820761
 26.07391928 17.10305771 33.0577186  32.93755748 30.32863512 24.34057486
 35.93296383]
28
[28.51108413 24.26252716 23.07579554 22.36972282 24.81916681 18.85036351
 29.63699894 42.72069857 40.72529258 32.62958906 27.06690341 21.47054689
 26.91286436 33.13066696 28.60155071 24.13233859 33.22573309 30.68297065
 38.34689922 27.70317915 23.37432385 23.16601426 22.14330924 24.62075594
 31.43857883 24.60075087 20.2218541  26.92146688 26.21157501 23.94838851
 23.19869006 20.63926692 28.40796499 25.21039414 23.99312562 23.07300472
 38.3143997  25.82303924 28.21670323 25.85044779 26.26739984 27.50058377
 27.92360343 29.25793197 23.8677842  23.05530729 23.88355554 24.87302115
 24.52120549 28.16624299 21.70673996 26.66720571 27.58649892 32.71658212
 24.68688898 29.17931497 27.16047919 22.78500036 48.5708762  25.77851825
 21.87839397 29.17685222 24.15357637 26.58670859 31.66327748 27.09422616
 31.14692106 20.21598468 29.96470106 28.63810856 26.422841   30.54049226
 27.29559761 27.42104367 37.89590632 24.46960225 28.94310361 24.9425024
 25.30619043 35.06776117 29.4691223  27.23914369 32.30043657 30.7068847
 26.34845244 23.12758766 25.44926499 24.61945845 32.69017082 40.78970593
 23.18000155 27.132554   24.94879176 28.4829165  27.8666878  24.81727409
 28.37070982 27.46907633 24.32386811 28.29403745 33.42776218 26.67302925
 23.81242351 24.16206164 24.99063883 26.81222155 25.04340587 28.85471449
 21.92172839 39.41029245 34.69343852 28.81738872 24.82788286 14.38329574
 28.4657979  28.98714538 23.9575883  29.77989713 19.90376111 25.50740627
 33.44617233]
29
[38.11994173 17.70100671 30.91292559 19.75999266 35.52168893 41.21173152
 24.25081388 30.30523502 37.58480776 19.32808088 28.68865898 29.3267972
 29.10173447 31.5596688  26.20988156 43.57983105 31.73979611 29.81946577
 39.69930038 22.80848097 28.74606972 36.63186243 12.27976571 40.65267823
 32.28900873 33.1691266  26.93664005 19.89645091 31.90562432 31.23484228
 30.4722203  34.9375396  26.09866708 25.43775579 28.25810575 30.49669689
 27.41049843 22.02699133 28.25966735 19.83378593 27.59488903 27.31135217
 18.35279264 23.51529717 24.88004103 27.06032919 22.76655459 28.26026356
 30.11438421 29.08325214 39.56219778 28.99871755 23.52140671 28.83367333
 37.47017645 26.88235118 38.3004917  25.56858254 45.00092048 25.07712197
 28.53364897 44.13406329 30.31395746 41.57265765 36.27353505 36.29974654
 23.80461781 24.56052357 37.72871563 43.9615334  18.20677415 15.64259276
 44.43026677 21.42735558 30.73052832 25.2291676  27.2039718  35.70026573
 37.87690639 19.94393856 21.64832592 35.9106895  32.52198942 16.93055883
 38.19636137 27.3767141  32.97156529 30.67698156 29.9311965  26.64897399
 33.56494207 29.59558549 34.50006509 47.25897336 23.82313743 27.44469165
 28.88866942 19.16737123 38.13873158 31.91860786 26.39500444 28.17677543
 33.28398471 29.0030121  26.78316967 24.0020187  32.89680435 21.40992279
 45.54323449 24.0500438  33.77641225 40.83782378 28.13861932 34.70349414
 21.63849568 26.05361595 28.8231623  43.47310248 19.27639627 25.41984384
 27.43523062]
