[29.09054109 16.93793386 29.21056337 23.9066556  22.48026806 33.14968486
 21.71267111 21.85987989 30.82833154 29.49215468 24.92478742 23.01177027
 29.71239027 28.53872899 25.70148114 31.05916934 25.00378342 24.08190517
 19.89025065 28.20729229 29.12825633 29.31078737 26.57372027 31.38972491
 42.24549996 22.64867299 37.45124404 27.22669024 26.23350349 25.08588887
 32.6424362  25.26674703 31.46055667 28.18419673 32.94438842 27.91632283
 30.26694341 23.87595893 22.23463491 27.31866711 24.89301211 25.54639632
 23.43305614 27.74503123 30.89893205 26.77754939 37.27987758 28.70332106
 25.80120236 32.50965956 32.96404744 34.39897153 32.81323406 29.64622935
 26.90094134 29.4289842  40.4293569  21.53940481 34.29672032 25.02697558
 23.50524237 31.84280366 27.553349   26.54323246 35.32259533 26.59117207
 21.28376189 27.51519958 33.23037783 38.90951156 24.11949996 28.22204469
 22.49342159 28.38074055 27.03667971 27.66259608 28.98858341 31.65013377
 22.83352283 27.41705581 25.83622872 24.47310811 24.19995418 25.54714609
 31.50865569 28.89212467 23.79835925 39.58269443 22.25153327 28.55295752
 27.51313318 26.47125578 24.00926092 33.07164969 22.94472054 20.57292014
 29.60039649 23.7977528  24.79526275 29.50146413 27.48684721 24.98648498
 27.31488594 31.24376242 20.20702758 21.57701102 27.76424835 22.21527816
 33.05527892 45.3570806  30.43752487 23.33272185 33.8754408  25.27497088
 29.57559876 21.13452053 23.41728301 39.60446593 20.79891328 37.85253257
 21.76768426]