[29.42858332 14.69008418  9.00971862 12.50590901 37.6930328  36.37486253
 30.64916161 20.43498595 11.72440187  6.96266896 27.5283103  39.52465991
 10.34978478 23.39240767 11.57097522 12.85178942 32.71778782  7.88130484
 12.9931987  23.41450596 17.33660679 38.62567211  6.28247648 16.28854001
 26.73675305 19.7351637  47.5049781  30.42589089 13.3567805  15.00446816
 27.74646515 35.83981755  6.53560105 10.87419504 29.6939059  15.62667603
 38.67256776 20.44173344 17.78311887 25.74605701 29.01383076 24.42492207
 21.12164018 10.77153884 17.30584709 43.9367284  17.11425106 11.56893206
 30.48420712 36.75966322 10.11037446 27.66661395 30.97722904 10.84221658
  7.17000239  8.40233755  8.75969269 20.94614913 25.04546473 28.83396751
 12.81848394 17.05477273 15.41221681 36.08186274 21.21629179 44.7140274
 21.98285702 30.43716047 21.09784044 11.47090116 24.314536   43.85785915
 23.6950944  21.38327808]