[53.65662605 13.29148325 24.61397151 13.32658989 45.5147102  15.34058007
 35.58568691 33.49379246 43.37299143 24.56272131 11.43885624 25.33009317
 35.03731575 35.02959699 40.29407944 20.45716252 36.28099756 23.6420818
  7.07277675 41.654873   28.65603352  9.3736855  26.96745821 34.98899449
 22.71329916 14.19462716 18.04285911 21.79638095 25.13958282 53.42617549
 16.30168978 17.59410406 37.66466134 23.63509778 30.03216287 24.92845176
 24.77083472 53.48974599 42.81375807 12.12913289 11.9053459  18.12968287
 58.54983164 20.13281466  9.48967391 38.2046677  27.42383046 15.72654023
 31.95970016 15.02687388 45.65851754  8.26667264 37.65485104 35.58892156
 12.13146491 15.16394938 44.79374251 17.88612266 42.30162702 10.76805275
 23.1865955  14.86842128 38.11964883 29.25599401 13.50097573 25.531932
  9.64472786 12.71146316 38.65092903 20.01439332  7.40906775 52.24458189
 47.63765308 35.17627584  9.23841837 16.15727908 50.51244629 16.58301317
 22.69934774 29.84935864 15.82069329 53.23445633 31.73496566 42.65121604
 42.04914192 42.04152648 17.92682324 24.9510219  30.56491065 18.79935302
 12.02897617 35.78394233 24.82238214 16.2412122  10.30079578 18.72532002
 14.91605561 25.49054867  8.68831185  8.705585    9.75344493 31.44658063
 16.28094947 23.87210322 16.0498408  23.24190942 25.66326822 25.58254648
 27.11715712 36.30187928 37.23947525 15.83545046 42.97443773 37.628879
 10.80233076  8.49710017 52.40014777 44.85619736 19.06647738 11.32748034
 35.93389341]