[22.23122609 28.97741415 10.71978559 28.48583799 17.62637059 10.04333426
 39.3017871  41.36898213 14.73713995 14.70002512 18.435398   17.3849303
 30.87782216 23.36346996 32.89141491 35.89718185 25.91626963 43.11382508
 12.00891303 39.35687254 43.19610274  7.84869333 34.90699828 46.13355548
 15.88460458 24.50810159 21.48624172  7.61132401  6.33166844 37.51409396
 30.68537838 19.26296399 35.2942583  30.9148069  13.47985976 47.38150434
  9.48218176 11.1259669  32.14118787 30.99756231 32.89737473  8.5527508
 41.8239738  21.59048785 28.87996527 39.13196383 13.59961909 22.21651545
 14.58296655 29.79858625 23.28096344 23.35639792  9.46322611 31.37663996
 22.98064043 59.05820327 23.33804897 49.93832659 34.90394083 32.56260623
 32.14239385 17.77365476 10.85276166 49.07492746 44.28340944 15.22987219
  7.31180607 35.70932171 46.90363972 14.92928309 33.81482616 22.94754479
 54.51431299 24.01178279 16.77308855 18.548476   17.54610669 25.2612616
 52.02759494 30.47607969 49.11787891 47.78041599 36.04064032 20.97816056
 32.72529291 23.53439782 15.49183311 33.09351881 34.01427964 36.99588408
 11.417502   47.60439059 28.3099676   9.21355964 23.66438008  9.63582612
 31.83065306 41.83951529 19.34795357 34.02141144 26.98005599 21.89627187
 22.82060785 19.42029517  8.4893673  18.42767149 10.73591255 11.22323444
  9.86331769 32.89626201 16.63435861 12.14439315  9.48399618 35.2329312
 20.97506733 41.10444132 34.56810199 13.24163179 24.35578832 11.64715068
 35.94319258 19.90016259 52.8808543  23.93319148 26.93916296 49.67772828
 52.38488985 12.49495017 15.92257393 26.51396421 34.62423455 29.55090932
 23.88268561 24.17687753 46.35872511 43.26301544 52.65255019 27.0914484
 48.71213212 33.02928043 17.17094397 22.19762295 51.80289103 22.34164662
 15.41710447 48.88649953 39.96904341 21.9839297  51.37137538 42.34918303
 17.14111032 50.61309149 15.68594135 28.93455564 33.53932862 28.57926182
 49.31752224 20.34543544 19.44250069 30.60495999 33.45773438 17.4954745
 22.19577058 28.31289841 28.7590049  11.89630606 15.2676894  24.26607765
 48.21541483 25.4185768  12.73206106 47.78299873 11.71491209 13.63390755
 20.73215391 30.18614507 14.14220034 43.08943668 57.57772581 39.80846578
 13.29238653 24.50909115 28.4659268  35.8299621  14.0596776  21.83093179
 16.637151   37.58115722 21.81631996 24.43325896 33.23935585 47.14423439
 52.01155018 21.38138324 14.32588677 35.79315025 49.21854857 29.50907519
 24.04230289  5.82895396 40.4227362  11.26803871  9.14120066 42.71518015
  7.03881918 22.75007059 49.13023982 42.23997686 28.67361271 26.99627867
 17.45905575 11.7765671  35.56613575 25.39910912 25.80431068 10.95696169
  9.52734178  5.70421344 29.1322851  20.00640141 44.54479583 47.62730284
 19.4767275  47.29860792 11.71913656 30.17881354 12.85841525 29.0778652
 50.0470095  18.34490248  7.26877014 34.94264087  9.271038    6.79283597
 42.90020001 14.6967269   7.35874261 18.5698014  28.53341489 51.75039107
 16.65457459 19.6843109  48.98637958 44.64610662 47.40306615 18.47843977
 55.03870662 51.33537266 47.5731435  40.50196342  8.08994475  7.71278044
 17.44790293 39.79665954 32.72832827 10.59046119 11.84349937  8.85059492
  9.67167637 50.98129389 13.69197868 57.58936937 51.32244934 16.50032938
 17.96280028 46.13692335 26.66002997 23.85014038 24.02822574 35.05562827
 34.44890911  5.6653782  40.02911901 39.10527754 12.92486682 28.97857928
 55.40006895  5.86191153 23.85507297 13.74885592 15.72101544 45.29681178
  7.74373771 22.19357925 56.26242548 21.77253798 30.13451577 19.56527453
 11.23003093 13.36429307 25.19021997 55.60995296  6.12373506 14.51420052
 17.84454549 38.77276003 31.82591079 17.02541345 41.89783032 24.69577945
 31.80770194 17.28230161 22.97974474 13.39070993 29.00526184 14.76160163
 34.16444753 27.73327288 12.83823928 45.42741541 23.78700143 50.18612549
 42.76822603 46.25800907 16.70523192 13.51962551 56.53778912 12.85632935
 19.28253737 34.08950278]