[31.60097683 11.42076922 27.50279564 31.97911303 24.20375485 12.94738416
 15.73000626 39.27783746 19.6198693  42.56638115 20.61694999 23.00645797
  8.74526207 22.74952948  5.80160774 43.048615   10.33788445 20.03391654
 20.54786304 23.42629575  5.58752708 28.5901504  27.00821197 14.78951376
 23.81373709 28.84314744 21.70330003 24.24256672 13.53528463 17.15468278
 22.30913488 27.47012535 26.93518822 12.07767454 25.19913931 13.73838335
 30.45254213 11.84005297 34.91306969 26.81468089 14.11144728 32.72232666
 38.93029489 21.36290538 17.12245743 25.37500001 31.24864508 30.0400708
 15.62687666 14.51396452 35.56070138  5.83190845 29.15730614 18.5358366
 19.00969231 18.11197279 17.77971516 15.9475978  38.3990215  33.86398588
  7.26702552 38.19945447 17.68792981 31.29950766  9.01744877 36.54102807
 40.27011311 15.5907783   8.8812771  25.94315257 44.1047911  16.230553
  9.47455456 18.54887046 10.95268674 13.32697484 18.34558669 23.71593358
 22.16288463 31.25535804 24.41504528 25.43971645 28.06843452 32.19241567
 13.64967179 11.24262641 23.18294203 16.72448252 17.47660232 18.39798246
 10.92030838 25.89766419 23.94597066 10.63099361 21.92423153 28.84584096
 40.61700042 39.9969147  19.74419918 19.54248562 12.09295355 17.50590119
 10.48315425 16.36067936 17.50455848 27.95508846 21.79050571 13.89926332
 22.61764006 18.72903614 36.42768626 25.4990478  23.31684002 21.25707086
 32.31139635 13.50590745 36.79493087 25.64879536 14.04700748 41.12048553
 14.2316369  11.4105582   8.45412297 23.2664758  18.0606455  27.55253688
 13.27293501 21.26054647 24.74812555 53.70822891 14.73605831 26.35571627
 20.86939505 22.49288816 15.49439087 25.51569378 35.01302074 38.44583801
 24.748531   32.49289844 18.77928881 22.83928666 27.41019645 12.47671475
 31.74131806 13.84909112 11.86881225 26.03655213 21.95640152 36.48838482
 35.7924721   9.34164917 23.5352846  21.29644095 30.72836628 34.25647239
 15.59665602 18.52227078 18.84079371 13.17181592 20.82316213 32.71991029
 17.09681016 23.6191874  10.04180857 10.13500177 22.72830264 31.57179513
 24.73572197 21.18672414  6.915858   25.08234656 17.13744429 19.97167547
 15.42463269 34.145711   41.72717498 31.86826652 13.96754507 26.80455625
 35.9104672  19.88907403 22.96999094 15.83342544 17.63987431 12.51564813
 32.49887842 18.21963577 33.10541564 26.44855736 22.06590349 19.18162394
 28.33058494 19.48616057 39.18847199 17.74169427 22.60692141 21.78724839
 23.45426354 30.68796548 23.04769517 25.1464752   9.86250938  5.99436134
 13.60637468 13.38837814 21.9614868  14.66797317 17.81702413 22.01069099
  6.28768956 31.57587719 27.07894083 31.80416399 20.13551134 30.90591249
 29.89124737 11.82929482 13.44115758 38.69223786 10.44581043 28.80785563
 21.2747599  22.79580715 50.61758025 21.77710874 22.03629843 29.63962033
 17.3844161  19.4203906  21.02596496 18.66270487  7.16005409 16.65679913
 11.31160681 24.19034581 22.48870082 12.20438106 22.15603339 14.59351313
  9.45793075  7.50540561 31.5839311  17.91608234 14.56056032 20.59864489
 15.80230488 15.36650134 23.96126143 36.01429383 18.74156753 24.35901188
 12.1246819  34.80213836  7.17045988  8.92984339 33.48847322 15.49978646
 22.85590551 34.30821303 21.96928062 24.53281319 16.05105343 11.75858497
 28.96475172 15.69117332  9.89543238 18.68461384 15.67726711 19.45190211
 21.7443668  43.72621043 20.3667673  37.61162864 21.83497802 30.81194127
 20.83495806 18.66792408 44.55937346 14.76723923 17.38094252 17.03029671
 27.81855099 20.76557544 23.24345728 35.17011412 27.19665465 24.40454463
 22.17952694  9.95908807 35.18093196 19.88731139 37.37308299 26.27187712
 29.01601967 27.62738816 20.92703649 14.38652633 25.09274091 43.89608959
 21.50041426 18.98656056 22.73762342 41.22216959 28.42233118 17.17159452
 20.48708565 27.00711541 15.43711331 26.73688443 21.96170838 15.27852323
 28.39875651 34.30287983 28.83568114 30.92166416 15.64655035 21.74594599
  6.5026548  30.66382059 30.96085383 11.98815398 24.26540636 35.72139349
 12.59724524 16.98219309 24.35739315 13.25548241 36.30239035 28.41878043
 27.53927053 16.17210378 28.34018705 12.77011577 24.88275485 23.53055045
 24.787814   26.1041144  21.80989522 32.93850627  8.51008786 34.76069241
  9.13590487 15.76008408 23.08649252 25.8411575  18.63631647 21.42294047
 32.57152314 21.23610891 21.12475461 23.2300326  14.8095081  21.39037227
 11.1245266  21.57919992 36.23938358 20.87172889  7.35019043 31.12609515
 23.60370056 24.06915517 45.85069357 25.89357966 27.67216951 34.75727478
 15.80447334  7.71810137 23.60568465 11.46891794 23.29540029 16.76335099
 18.25666685 32.30477974 16.06797858  9.02482084 17.80011282 44.75737519
 17.06237694 23.73818316 20.10929002 39.66104815 16.90829915 25.63596956
 31.33686849 28.50979251 21.81579168  6.71036335 46.71458371 14.44670916
 27.62835187 18.73815729 19.50732144  9.51959259 29.31451921 14.47623681
 13.01700942 28.20823733 16.36679926 31.05345346 26.32923499 37.47600331
 19.07290315 18.19136335 47.04336911 23.93252064 23.34431335 45.84797085
 17.72449733 16.71111115 29.42704863 23.19262595 22.65368394 25.77501012
 27.56044189 16.84119397 21.08992644  7.81609786 24.94745739 19.89450477
 17.8639708  13.24051456 35.06194886 12.93899821 18.47205095 40.82706091
 16.48543144 18.27830476 20.47732464 44.47552468 28.99344171 14.74426698
 27.14956191 15.12860417 14.23838398 29.52906534 21.46817981 28.63447929
 29.50302527 51.22806081 23.65711401 25.87680394 23.95788502 29.31070903
 27.3850121   7.88802655 47.6260026  17.69573548 20.40751759 14.60221636
 21.60767284 37.29530313 14.67957686 10.58624455 14.59505086 10.23074511
 31.12316219 46.78496473 17.88161401 28.46444646 12.09950843 30.26162595
 25.52041922 26.93477676 46.87199752 28.07987538 11.29835728 31.13548162
 32.7529408  22.62043258 15.36274869 24.62480725 33.76211998 21.42414205
 32.68614925  8.94290018 38.86656029  9.82380472 24.35638754  7.58781398]