[56.27348179 36.7594247  42.02672815 23.32475497 46.02995708  8.20958513
  9.40931489 52.1821997  36.05779969 56.05465678 23.84560478 41.71452822
 49.17191514 19.37865156 26.84026794 56.52427453 58.24090079 32.22226467
  7.80103286 50.01763997  7.92316004 22.80128938 11.82150634 51.66333669
 40.0545649  18.57163242 44.5351465  46.16216156 32.11362782 14.70716512
 38.04505597 27.34523183 46.57874039 17.92961412 31.43888865 10.16235844
 25.98756194 29.91801786 37.26465706 11.47652675 52.83580797 18.71947236
 50.73081444 33.14378534 50.79906355 51.07889732 58.37781922 34.93579012
 20.6044031  12.50300479 54.53158577 29.24326645  8.7043772  53.25576014
 23.87131888 30.88410959 41.66651637 58.69429942  7.61971678 30.69951454
 40.30139837 41.33405601 13.92608738 29.62927703 21.15495243 18.69452187
 19.93265244 33.78553643 48.48141443 10.47560548 22.81761586 56.45978574
 50.70315309 27.44414532 11.37684155 36.75730887 46.20327266 54.92133831
 46.44134781 13.95364729 43.52453683  9.73885827 51.89741339 40.89020986
 53.58924929 40.98926122 36.24655059 40.9120522  39.95530778 35.22588301
 11.00161555 18.77296735 50.53884902  9.61902734 13.41210556 23.18478752
 22.24303568 15.98564426 21.15488719  5.6374114  37.3094073  14.06558256
 33.88848593 28.00946805 36.54993504 34.64529746 15.94779937 13.96832178
  7.89678003 45.77708651 47.04284595  8.14705565 10.99447993 13.48983806
 52.76732826 11.56189984 33.57891771 17.5740381  39.77274285  6.26224196
 15.41672333 15.18072048 40.55156061 42.24716342 22.99232877 43.28949851
 36.6827822   5.61278954 56.51218523 12.2634946  26.90000985 24.83988058
 39.68833204 44.96897237 22.67905728 31.93782538 14.8174278   9.29222214
 30.12836791 57.9037635  45.82668537 52.96084079 40.163208   43.2226365
  8.33927509 47.84073699 29.82519671  7.1177539  17.28082312 54.46988543
 20.03956418 43.08785502  6.20164408 53.7768611  35.57169562 16.1265975
 32.37616184 26.46168446 45.47259271  7.10308915 19.56057544 34.18749421
 59.54279235 59.3291217  11.10302577 44.6919969  39.85846925 19.58477645
 12.0968748  31.90446481 51.24926119 52.164493   50.73536624  8.42845186
  9.10643722 54.17283591 10.12173454 15.08698598 10.32985093 25.12138092
 11.78594077 16.13743235 20.91678042 40.1907843  29.29085008 40.35159497
 10.92846697 33.09926354 15.60515011 33.33479005 13.98028926  7.53422989
 16.12950115 54.4304135  38.28344474 22.79702053  7.8222821  23.91624809
 34.94976748 34.02411601 12.11528927 54.27838477 21.37120247 56.93232058
 15.58784353 39.30378301 48.15777411 47.87283823 40.95649708 14.94283391
 11.61088752 49.96969611 15.25223307 37.60700052 13.65933093 43.13788622
 12.93455591 17.84012129 49.37881018 33.3811896   7.87393462 10.6893415
 52.93023088 12.10279522 27.23925714 29.9219732  10.97547733 21.72726845
  8.00839371 23.34943391 43.12688704 57.42425235 14.95644588 39.43407781
 57.28340902 28.96974893 50.55488923 50.26763438 10.31814175 11.49547406
 22.41799061 46.67057531 13.04220776 15.12675318 37.28685884 13.77272568
 30.85125806 51.56235521 38.60570718 39.45275576 10.77918985 13.46031677
 38.32636686 21.57533555 49.84080051 24.50080875  9.23849383 47.6162605
 42.73458823 26.36865358 19.57555104 24.01852278 31.0026172  16.33291364
 34.33528702 57.96866286 13.28802629 14.47552818 12.82946882 36.71556578
 14.73516931 58.66049123 46.56168585 34.8575556  14.92011644 42.23714872
 54.19125785 46.18867203 54.48610941 32.00403716 50.63730526 11.28509916
 42.74034345 57.30328876 22.54237541 46.17415997 49.79094767  9.75727109
 50.71570701  7.03879086  8.92811818 49.9979574  36.67370982 34.40750939
 18.59270407  6.80462303 34.43144515 47.0708718  46.68690746 48.75518167
 56.5930624  40.2389341  43.36579282  9.03668716 14.81548833 30.95312435
 27.77423999 44.06230221 55.95825771 41.13919839 46.50920247 36.15584681
 23.89914753  7.96090383 12.39878617 17.83521997 43.26106906 45.52970073
 21.14586625 58.95808551]