[24.50158881 18.59578213 17.91926216 17.75042338 17.14925051 19.37702097
 33.39516691 22.71880333 25.3126668  13.72319667 14.22915792 31.0229985
 16.18665206 18.40029213 18.57086852 27.44213165 10.59718469 25.67978362
 30.54738478 28.6758735  16.07274379 16.28886013 11.02280427 27.15268345
 23.02408738  6.8141842  33.75263378 34.98534992 11.29786634 31.25712475
 16.66518767 39.75517212 10.26525996 28.80812038  7.29607549 13.70001965
 18.19804692 24.70757777 11.60998375 15.93344123 33.82453709 24.34369221
 22.58514209 25.56430453 17.65191765 47.80077204 12.25316466 15.21118002
 26.71050005 17.2874643  24.67647104 15.18349162 31.33112195 15.67462493
 13.81968583 18.35800924 38.78782615 14.35973072 15.27564737 13.72459575
 12.20230139 17.00480905 17.77406875 15.42516448 33.26365692 17.24111888
  7.11440657 22.35759408 39.5626787  21.6530384  14.96154889 18.04221813
 23.99660187 44.51501652 10.94298345 16.27110745  9.41734434 14.46699288
 11.29691425 27.33629867 12.57492674 20.43015032 10.14989168 15.5857546
 24.84477056  7.26640882  6.93572676 38.42440871 21.16812991 42.79058137
 12.41456387 24.90297998 23.88562624 33.0373353  21.32146879 13.72042664
 12.34677279 40.99198215 21.44254089 20.95452892 13.02598884 21.5400854
 18.96732884 16.00770437 15.42064695 19.00819264 27.86427953 21.16890306
 12.86251675 13.24888118 11.0585106   6.22873544 17.27219931 20.91328367
 19.85671664 16.97765062  8.0762174  40.64439456 11.14401653 28.21351378
 23.76227705]