[15.3684738  37.97745438 24.04404896 25.74160386 20.76104405 26.22034037
 28.32071167 38.6472743  53.18795297 17.21956964 34.83323099 31.97817576
 34.08640064 34.87418136  8.08550774 24.61329832 13.23631788 12.89499547
 15.97830726 21.51169519 25.89867726 15.81219266 24.02708773 15.58156911
 31.34077426 48.3209339  20.53328467 29.30686301 25.61782468 26.79016318
 24.21450753 36.50823068 35.49938865 21.19790436 31.66484968 16.37510017
 30.14401231 30.89175995 52.43315907 17.63877508  8.10278389 36.21536731
 36.28076048 28.50897858 38.11277417 39.94339933 38.03425436 10.69282569
 16.74356702 41.27447632 35.95646195 19.37521422 41.31184415 13.33903259
 14.94033124 10.90866342 17.5192856  28.56490756 24.0088323  33.94577235
 21.4027721  47.09922696 31.83756128 22.52054157 45.92589113 37.31122974
 40.6515936  14.94611375 14.60979413  8.40394156 24.02004429 38.04717356
 28.87412522 29.76724838 27.61001407 20.86018626 41.64390506 45.61717102
 29.60643614 29.31926368 19.99551878 32.38776117 34.60523442 16.22630772
 23.77291541 17.07252487 45.42755693 22.04321505 13.09598545 27.89774121
  7.14912468 19.93016392 27.62471576 38.13240811 54.97748223 13.98554554
 46.01363159 21.51725736 25.17254258 14.12686852 39.64344083 18.61578443
 39.99893268 23.29711276 42.95933642 13.31673728 25.48560207 17.20648068
 21.69212767 34.15960089 42.9298222  39.22843047 23.07906674 13.91681168
 30.74756876 32.64794536 35.99456087 21.37926621 34.99067535 16.73862138
 31.30671046 16.4784073  19.73356742 22.2026625  39.40328093 15.89102594
 16.2346039  40.90225412 22.41941763  9.07375723 25.21018558 30.58193909
 17.23878245 33.22083482 16.99010813 36.17248637  8.5017294  19.09853489
 31.09586568 12.18222138 38.89217975 19.45141624 14.09608886 43.65370498
  9.38905162 35.58149917 15.75444595 25.06802    53.60427817  6.49584813
 20.48461722 18.98527191 29.41263033 21.28226329 28.30980685 35.83762732
 37.78901234 26.2284565  37.89905181 28.02921047 20.73336221 35.6375464
 41.95779104  7.35156865 28.64802008 34.38555801 11.09159818 17.0208996
 20.26720626 39.81613378 20.85186196 13.88630037 26.88671337 18.39800719
 23.18899997 32.5945934  35.88829906 35.34060338 17.47536318  8.48685353
 22.84069283 17.05690138 20.44062063 52.97269016 14.72159905 39.24187871
 17.18069532 20.48214411 13.16897711 11.25666102 13.37623911 13.25196986
 17.69256175 32.88035613  9.38078744 29.77240442 26.39427062 20.2795398
 32.8458907  15.93969761 24.69411368 45.94232587 14.82698409 13.48678719
 19.67203265 18.06237739 34.71377301 12.04122373 25.57937818 16.38585667
 17.44018593 15.22997884 33.87110847 29.84045997 30.34814012 46.4856086
  7.14318783 39.58001219 53.93878578 15.69507607 35.96438363 43.21575108
 32.50307262 32.4490101  45.10767125 20.79581728 14.56433857 38.71323007
 39.49637174 31.84699256 38.1833037  29.01110057 19.55589675 34.12723591
 15.28631533 13.17234327 13.45036882 23.19166377 35.59416691 12.7014875
 28.72465706 22.3337485  10.447556   15.58975093  7.20658664 30.85520784
 31.52405296 42.00035078 21.92715076 48.62979894 11.35901879 44.57778634
 16.84524566 18.48378554 50.88977172 25.22518228 24.46017092  9.77142118
 33.19626268 10.87425956 18.62558093 33.95777406 29.82969127 27.58859675
 19.06662684 20.45203037 24.29346814 13.8102958  16.72631885 23.16419463
 26.65499386 16.41022173 15.42799071 12.54387553 26.40143299 20.38624755
 15.38409152 37.20647445 43.24216732 27.82797725 22.03251559 40.12267716
 17.79332643 40.92070916 35.71325307  9.71683817 35.71348827 42.14184084
 34.9373625  25.34653118  8.31192349 28.93565564 16.13689403 41.02818509
  8.90660239 16.82902611 19.11401784  9.26229045 36.80845318 44.53448198
 30.30509971 25.1311712  17.49695367 24.00564332 15.60959671 19.24981619
 21.57663246 22.49325937 12.55113628 37.09888094 19.0534093  12.23009296
 30.65514357 48.90911961 18.90352769 21.36204621 22.80646368 34.79848835
 42.93790464 11.39864485 11.49762242 36.07648952 31.37687585 17.98658935
 25.11221984 49.47411879 34.45554855 40.36999849 15.05767614 30.83185756
 25.68653217 28.83041836 31.05299761 12.218169   25.63903043 23.77386277
 17.79882181  8.09834764 37.78848016 20.13110951 19.1130599  19.77023557
 29.81548711 35.18941099 21.67055233 39.32151782 51.88602122 40.13329431
 33.07203876 48.37562513 35.12874574 39.43006615 15.63321329 39.41102936
 21.77722273 16.64874395 20.65089515 27.40447204 35.49933287 44.01404085
 20.90605481 17.58475387 13.38299728 38.59418138 10.74295149 16.54293171
 44.83781586 12.57766349 17.42719826 11.87875493 35.11399945 38.03849116
 23.10522796 24.29014373 11.07693596 11.45032609 28.11224795 34.52302917
 11.06156013 25.89573431 12.05951694 27.92741811 38.76996275 32.61014359
 31.12222251 28.39893903 21.09463299 28.91433454  9.35903901 30.83477638
 40.77318422 14.26592024 27.62434835 31.22868502  8.15693474 13.30471389
 27.50720168 30.68805775 29.02884443 34.69186375 29.73519515 24.39123451
 24.04100052 21.84363395 39.41043394 32.82965094 30.60454008 43.42598571
 26.41562659 16.48042329 17.77835716 16.24479811 27.46721612 23.98905602
 12.85343225 21.91594301 13.43709345 39.18706209 34.61604737 17.23915292
 10.89164938 14.88216922 44.56240578  9.32606579 17.39755389  8.10664566
 11.9535528  12.53699407 26.73945323 28.23972728 35.42641116 18.58526556
 33.4142433  28.42469678 29.87209283 20.4382969  20.86532948 16.87808278
 23.57903945 27.46755692 29.51580803 16.50463293 48.15869534 37.0163325
 17.65183081 22.02310454 29.35954961 54.80542845 31.57392335 17.69851368
 30.38359729 37.07596257 33.47066593 23.2872848  12.90100765 16.17435008
 24.54937478 22.42816941 23.99530365 20.20534795 39.59901185 14.40098495
 25.85374702 14.45006884 24.40427558 10.39122315 25.16284767 37.79218731
 43.20515849 13.93931158 37.60657884 10.21607428 42.87907826 20.81087283
 23.79995442 31.7696278  38.90285731 10.52385804 20.85052895 24.08235199]