Ave_waitingTime : 
 [49100 47926 47638 47279 47004 46757 46697 46772 46697 46805 46205 46100
 46031 46365 46541 46469 46227 46285 46078 45941 45793 45934 46086 45930
 45928 45841 45841 45841 45841 45841 45735 45688 45688 45830 45742 45647
 45569 45494 45494 45516 45290 45290 45281 45216 45260 45260 45297 45351
 45338 45284 45284 45284 45284 45284 45284 45331 45331 45291 45291 45291
 45291 45291 45294 45294 45282 45128 45128 45049 45049 45108 44939 44853
 44810 44816 44670 44670 44670 44704 44704 44704 44704 44792 44826 44826
 44889 44889 44889 44889 44889 44889 44889 44889 44889 44830 44807 44752
 44662 44606 44606 44488 44488 44514 44514 44509 44509 44534 44534 44534
 44534 44445 44445 44403 44382 44311 44311 44311 44311 44311 44311 44311
 44311 44311 44311 44311 44311 44311 44199 44199 44199 44199 44199 44199
 44199 44199 44199 44199 44199 44199 43950 43950 43950 43699 43594 43594
 43594 43594 43594 43554 43540 43540 43540 43540 43540 43540 43461 43537
 43537 43537 43537 43537 43537 43537 43514 43514 43491 43491 43491 43491
 43492 43492 43410 43452 43450 43352 43321 43321 43249 43249 43401 43401
 43401 43401 43420 43420 43420 43420 43475 43475 43268 43263 43263 43263
 43171 43171 43171 43208 43229 43204 43204 43211 43211 43112 43112 43044
 43002 43002 43002 43002 43002 42939 42897 42897 42897 42850 42850 42850
 42871 42765 42765 42765 42765 42765 42765 42765 42727 42727 42665 42665
 42665 42665 42665 42665 42665 42629 42629 42567 42497 42494 42494 42482
 42482 42482 42517 42485 42485 42485 42485 42485 42466 42466 42466 42466
 42466 42394 42394 42394 42391 42391 42282 42293 42311 42311 42311 42311
 42242 42312 42312 42312 42312 42202 42202 42202 42202 42117 42117 42164
 42101 42024 42024 41931 41909 41909 41909 41909 41868 41846 41846 41770
 41770 41770 41770 41770 41770 41770 41764 41784 41784 41682 41514 41514
 41514 41410 41328 41308 41308 41308 41302 41203 41203 41203 41203 41203
 41203 41114 41083 40800 40805 40780 40780 40841 40841 40688 40581 40675
 40675 40567 40551 40551 40611 40512 40512 40557 40626 40503 40503 40503
 40463 40406 40526 40589 40591 40494 40380 40380 40320 40320 40248 40210
 40210 40105 40105 39975 39975 39975 39975 39940 39685 39685 39693 39659
 39711 39615 39615 39447 39447 39373 39352 39295 39295 39314 39314 39314
 39314 39357 39289 39289 39209 39209 39092 39092 39092 39005 39005 39005
 39005 39049 39005 39005 38866 38832 38832 38558 38558 38581 38552 38563
 38683 38683 38683 38683 38683 38602 38621 38514 38514 38409 38409 38404
 38368 38347 38243 38243 38221 38221 38151 37964 37964 37745 37736 37678
 37678 37667 37647 37647 37762 37757 37757 37757 37799 37814 37740 37657
 37640 37767 37767 37634 37634 37514 37514 37432 37408 37352 37275 37128
 37128 36972 37011 36966 37008 36962 36904 36904 36931 36923 36824 36824
 36846 36874 36842 36697 36697 36603 36608 36608 36562 36575 36668 36668
 36420 36420 36360 36415 36317 36317 36424 36424 36424 36339 36128 35799
 35744 35773 35717 35756 35756 35649 35649 35650 35592 35353 35353 35368
 35343 35214 35133 34939 34951 34838 34688 34655 34414 34414 34414 34362
 34321 34385 34363 34277 34414 34414 34283 34283 34373 34240 34240 34197
 34060 34021 34065 33882 33879 33879 33948 33870 33912 33912 33853 33854
 33943 33867 33867 33735 33779 33715 33683 33683 33683 33672 33672 33632
 33383 33246 33246 33162 33083 33083 33091 33155 33155 33056 33075 33070
 33018 32893 32893 32916 32916 32916 32878 32878 32850 32850 32794 32189
 31789 31481 30826 30713 30646 30669 30686 30721 30656 30539 30355 30294
 30226 29993 29993 29977 29923 29911 29923 29853 29861 29708 29679 29679
 29754 29642 29641 29578 29612 29504 29522 29485 29537 29486 29486 29454
 29376 29349 29372 29379 29459 29459 29390 29282 29260 29237 29191 29187
 29191 29181 29181 29199 29144 29186 29156 29139 29158 29142 29142 29151
 29087 29054 29055 29030 28969 28951 28940 28940 28887 28836 28836 28848
 28768 28738 28678 28639 28652 28634 28656 28634 28611 28615 28615 28594
 28641 28657 28643 28594 28594 28642 28642 28592 28459 28459 28378 28351
 28263 28239 28154 28154 28102 28086 28035 28120 27998 27993 27951 27902
 27887 27906 27852 27852 27818 27856 27802 27807 27807 27877 27823 27712
 27715 27715 27685 27707 27691 27630 27617 27638 27661 27673 27673 27699
 27669 27691 27638 27687 27677 27659 27664 27661 27661 27646 27634 27698
 27665 27593 27572 27562 27562 27562 27568 27539 27538 27543 27520 27524
 27528 27528 27488 27446 27403 27370 27383 27362 27327 27338 27349 27348
 27350 27320 27320 27284 27267 27264 27270 27276 27276 27304 27294 27294
 27294 27306 27306 27306 27306 27306]