ave_convergence : 
 [1.56290307 1.48316231 1.43900656 1.39274541 1.38716461 1.36598721
 1.36027868 1.36015071 1.35796037 1.35649999 1.33846817 1.32982385
 1.32691376 1.3249199  1.32188868 1.31964394 1.31619126 1.31085265
 1.30796305 1.3000627  1.29497061 1.29066141 1.2897271  1.28431602
 1.27605665 1.27471087 1.27471087 1.27471087 1.27471087 1.27471087
 1.27282534 1.26494715 1.26494715 1.26015706 1.25617739 1.24654851
 1.24646652 1.24601016 1.24601016 1.24300766 1.24167025 1.24167025
 1.23980737 1.23799584 1.23689982 1.23689982 1.22932432 1.22927793
 1.22917617 1.22887083 1.22887083 1.22887083 1.22887083 1.22887083
 1.22887083 1.22877293 1.22877293 1.2253294  1.2253294  1.2253294
 1.2253294  1.2253294  1.22309828 1.22309828 1.21907994 1.21729683
 1.21729683 1.21563598 1.21563598 1.21309019 1.21212085 1.20871675
 1.20610621 1.20606048 1.2041577  1.2041577  1.2041577  1.20300832
 1.20300832 1.20300832 1.20300832 1.20111307 1.19967337 1.19967337
 1.19636302 1.19636302 1.19636302 1.19636302 1.19636302 1.19636302
 1.19636302 1.19636302 1.19636302 1.19489011 1.19177778 1.18678832
 1.18369642 1.18136664 1.18136664 1.17844519 1.17844519 1.17787259
 1.17787259 1.17639753 1.17639753 1.17601192 1.17601192 1.17601192
 1.17601192 1.17084107 1.17084107 1.17082468 1.17042316 1.1701495
 1.1701495  1.1701495  1.1701495  1.1701495  1.1701495  1.1701495
 1.1701495  1.1701495  1.1701495  1.1701495  1.1701495  1.1701495
 1.16758001 1.16758001 1.16758001 1.16758001 1.16758001 1.16758001
 1.16758001 1.16758001 1.16758001 1.16758001 1.16758001 1.16758001
 1.16292884 1.16292884 1.16292884 1.15910217 1.1539514  1.1539514
 1.1539514  1.1539514  1.1539514  1.15272906 1.15133558 1.15133558
 1.15133558 1.15133558 1.15133558 1.15133558 1.14951237 1.14837511
 1.14837511 1.14837511 1.14837511 1.14837511 1.14837511 1.14837511
 1.14792501 1.14792501 1.1477487  1.1477487  1.1477487  1.1477487
 1.14644939 1.14644939 1.1455619  1.14549456 1.14342565 1.14265714
 1.1421467  1.1421467  1.1404582  1.1404582  1.13820724 1.13820724
 1.13820724 1.13820724 1.13748771 1.13748771 1.13748771 1.13748771
 1.13671446 1.13671446 1.13551225 1.13263842 1.13263842 1.13263842
 1.13220427 1.13220427 1.13220427 1.13117883 1.12966379 1.1295217
 1.1295217  1.12939985 1.12939985 1.12925798 1.12925798 1.1258314
 1.12394459 1.12394459 1.12394459 1.12394459 1.12394459 1.12271183
 1.12114733 1.12114733 1.12114733 1.11946931 1.11946931 1.11946931
 1.11946181 1.1186663  1.1186663  1.1186663  1.1186663  1.1186663
 1.1186663  1.1186663  1.11477226 1.11477226 1.11262037 1.11262037
 1.11262037 1.11262037 1.11262037 1.11262037 1.11262037 1.11027574
 1.11027574 1.10676074 1.10638052 1.10629706 1.10629706 1.10399178
 1.10399178 1.10399178 1.10323235 1.10046836 1.10046836 1.10046836
 1.10046836 1.10046836 1.0979271  1.0979271  1.0979271  1.0979271
 1.0979271  1.09488701 1.09488701 1.09488701 1.09430828 1.09430828
 1.09421846 1.09191732 1.09106914 1.09106914 1.09106914 1.09106914
 1.08752618 1.08547222 1.08547222 1.08547222 1.08547222 1.08487528
 1.08487528 1.08487528 1.08487528 1.08231322 1.08231322 1.08201784
 1.07910679 1.07649226 1.07649226 1.07527882 1.07512994 1.07512994
 1.07512994 1.07512994 1.07319219 1.07276279 1.07276279 1.07217706
 1.07217706 1.07217706 1.07217706 1.07217706 1.07217706 1.07217706
 1.07179424 1.0706395  1.0706395  1.06803433 1.06422846 1.06422846
 1.06422846 1.06102822 1.05900529 1.05874301 1.05874301 1.05874301
 1.05612623 1.05315128 1.05315128 1.05315128 1.05315128 1.05315128
 1.05315128 1.05151087 1.0514463  1.04570038 1.04568164 1.04353361
 1.04353361 1.04306914 1.04306914 1.04243007 1.04160501 1.03937831
 1.03937831 1.03883894 1.03696184 1.03696184 1.03637405 1.03408382
 1.03408382 1.03020856 1.02878982 1.02787266 1.02787266 1.02787266
 1.02448591 1.0201273  1.01807344 1.01467372 1.01365331 1.01286446
 1.01096113 1.01096113 1.01000873 1.01000873 1.00908013 1.00682129
 1.00682129 1.00527956 1.00527956 1.00092759 1.00092759 1.00092759
 1.00092759 1.00019774 0.99862395 0.99862395 0.99705578 0.99528505
 0.99483952 0.99257606 0.99257606 0.98981352 0.98981352 0.98902161
 0.98874475 0.98839952 0.98839952 0.98826958 0.98826958 0.98826958
 0.98826958 0.98323973 0.98144627 0.98144627 0.97510503 0.97510503
 0.97382466 0.97382466 0.97382466 0.97103554 0.97103554 0.97103554
 0.97103554 0.97082369 0.96981028 0.96981028 0.96969977 0.9693097
 0.9693097  0.96327904 0.96327904 0.96262317 0.95970783 0.95845379
 0.95837387 0.95837387 0.95837387 0.95837387 0.95837387 0.95750974
 0.95721755 0.95679548 0.95679548 0.95403141 0.95403141 0.95397865
 0.95091777 0.94934659 0.94669169 0.94669169 0.94522118 0.94522118
 0.94100434 0.94081104 0.94081104 0.93379108 0.9336388  0.93250652
 0.93250652 0.93158942 0.93126295 0.92913604 0.92728572 0.92692928
 0.92692928 0.92692928 0.92690678 0.92419572 0.92415984 0.92150421
 0.9207898  0.91968736 0.91968736 0.91687727 0.91687727 0.91590778
 0.91590778 0.91445821 0.9126991  0.90932628 0.90917923 0.90827731
 0.90827731 0.90646251 0.90377981 0.90273644 0.90238446 0.90027689
 0.89938578 0.89938578 0.89878523 0.89745992 0.89564581 0.89564581
 0.89543324 0.89480522 0.89281994 0.89124655 0.89124655 0.88777839
 0.88641147 0.88641147 0.88351102 0.88320618 0.8814087  0.8814087
 0.87911183 0.87911183 0.87735708 0.87656171 0.8752707  0.8752707
 0.87488693 0.87488693 0.87488693 0.87476654 0.87194461 0.86810994
 0.86626333 0.8642826  0.86336718 0.86313227 0.86313227 0.8593513
 0.8593513  0.8593231  0.85692216 0.8536102  0.8536102  0.8526088
 0.85259598 0.85172287 0.84785974 0.84749261 0.8473315  0.84559054
 0.84277523 0.84102363 0.83708253 0.83708253 0.83708253 0.83626445
 0.83466312 0.83320266 0.83310709 0.83103421 0.83002572 0.83002572
 0.82996193 0.82996193 0.82907885 0.82327637 0.82327637 0.82230048
 0.81952024 0.81807274 0.81694141 0.81592288 0.81551802 0.81551802
 0.81472347 0.81352866 0.81187748 0.81187748 0.81063114 0.81013314
 0.80889376 0.80815166 0.80815166 0.80637285 0.80592627 0.80269875
 0.80081901 0.80081901 0.80081901 0.79938814 0.79938814 0.79721591
 0.79472534 0.79307227 0.79307227 0.79232316 0.79036585 0.79036585
 0.78842746 0.78751338 0.78732251 0.78718241 0.78657652 0.78566672
 0.78298882 0.78128287 0.78128287 0.77738689 0.77738689 0.77738689
 0.7766747  0.7766747  0.77660349 0.77660349 0.77442384 0.75595681
 0.7503134  0.74358167 0.73146139 0.72805007 0.72521757 0.72244113
 0.72095543 0.71943396 0.71673322 0.71185242 0.70765288 0.70612748
 0.70321023 0.69916369 0.69857862 0.69752355 0.69697142 0.69667424
 0.69597585 0.69454173 0.69415652 0.69111506 0.69075254 0.69075254
 0.69052663 0.68973196 0.68800534 0.68735568 0.68709889 0.68409099
 0.68338766 0.68333084 0.68266868 0.68189542 0.68189542 0.68141422
 0.67973198 0.67928685 0.67852615 0.67758329 0.6775598  0.6775598
 0.67691061 0.67592791 0.67574064 0.6753648  0.67378507 0.67359872
 0.67247834 0.67233748 0.67233748 0.67153457 0.6704649  0.66992278
 0.66949867 0.66778331 0.66761948 0.66701765 0.66701765 0.66540344
 0.66374081 0.66336646 0.66266385 0.6625997  0.66152077 0.6608799
 0.66046255 0.66046255 0.65929105 0.65759512 0.65759512 0.65750446
 0.65714729 0.65654703 0.65585744 0.65479455 0.65418313 0.65378693
 0.65351959 0.65337487 0.6529311  0.65234963 0.65234963 0.65218968
 0.65212381 0.65182157 0.65173149 0.65051486 0.65051486 0.65009875
 0.65009875 0.64885272 0.64750763 0.64750763 0.64667816 0.6462393
 0.64551797 0.64408287 0.64346437 0.64346437 0.64294019 0.64283504
 0.64249457 0.64197513 0.64103881 0.64097946 0.64080094 0.63991052
 0.63990586 0.6395947  0.63892654 0.63713983 0.63520133 0.63518255
 0.63465944 0.63378517 0.63378517 0.63334638 0.63114083 0.62942391
 0.62932694 0.62932694 0.62865457 0.62841039 0.62813245 0.62753235
 0.62645278 0.62632791 0.62599778 0.6250405  0.6250405  0.62484657
 0.62474836 0.62438721 0.62233954 0.62195144 0.62181034 0.62169708
 0.62084468 0.6205873  0.62015634 0.61998902 0.61948375 0.61905743
 0.61864869 0.61839142 0.61813973 0.61732344 0.61732344 0.61732344
 0.61680574 0.61639391 0.61578113 0.615303   0.61522044 0.61516863
 0.61478938 0.61425183 0.61402971 0.61380749 0.61210111 0.61179312
 0.61137242 0.61113852 0.6105932  0.61042824 0.60989012 0.60870513
 0.60793671 0.60555395 0.60555395 0.60495871 0.60466036 0.60443901
 0.60424255 0.60413664 0.60413664 0.60384579 0.60378952 0.60378952
 0.60378952 0.6037636  0.6037636  0.6037636  0.6037636  0.6037636 ]