[24.34511491 18.57473091 20.96609434 22.02156197 32.47926651 26.40961795
 41.05114633 40.22679384 17.49559067  6.95266803 43.58261305 45.15260472
 29.36345174 40.07673758 31.46804513  7.43346603 30.79871539 28.93128473
 28.47075095 17.95049643 42.0907394  30.47915475 10.04115701 34.54040028
 32.25550166 36.40647903 46.36193177 33.24276189 17.56911321 27.24162509
 10.81501332 21.95953603  7.92595485 18.93273539 41.85633695 35.3659303
 23.00058591 21.98575529 23.57854071 18.17324777 37.30633146 35.17933589
 13.63362096 39.00800255 28.36242015 26.2941426   7.23433647 11.3523466
 16.12029001 24.72432108 21.07510787 32.12155866 17.51165282 34.16101702
 35.01673541 14.66193257 14.56008442 40.60541103 16.19830559 22.58685141
 25.14368281 19.6191417  40.99340139 28.67344739 18.98927807 30.40150033
 17.02030967 36.31140222 30.09662788 46.55630777 28.32108566 45.10539086
 18.5055832  29.81628701]