[27.89689697 17.05901456  8.31953033 17.60241938 24.9335559  25.4875504
 29.81537691 10.47980155  7.62987388  6.38588692 24.7585361  32.42458631
  9.67883456 15.68898483  5.89207089  7.40802052 27.07214744 15.42917299
 12.32482366 18.34135511 12.11782167 16.17496569  6.32136111 17.52577644
 19.45901228  7.35205972 13.93303035 15.71167981 21.42424559  5.85634526
 12.02465084 20.34037438  6.25947411  7.25702904 27.55566137 16.10215187
 16.75850207 24.3271319   8.82192253 11.89010923 21.07405313 13.23797666
 11.55120475 24.30372009  8.44034181 26.37226641 10.53369065 22.47857135
 29.49654717 17.06640082 20.99253    19.31215169 26.39176345 16.41131528
  9.11970658 17.66834646 18.50613472 21.13875506 16.35853225 11.85637952
 25.8397045  15.32682315 22.7189862  19.52724971  5.66029546 24.037732
 12.93871601 19.243134   22.77403937 14.89074215 16.47894077 20.86535032
 12.74194044 23.7618614 ]