[11.19379069 11.16086634 33.50009614 26.05907064 27.76803239 36.33685975
 26.60738807 31.89411368 10.95715245 15.56021899  9.07412176 28.05290031
 12.30787989 30.25472549 45.10174557 46.18606556 10.3063442  44.32102488
 30.14714291 27.39411651 21.42219148 11.11438689 11.94127463 27.88329517
 29.24647346 39.59467312 27.31731519 37.16193326 17.10580535 21.55020225
 31.25711317 43.57451907 47.0003295  46.90911059 51.94505808 24.83030854
 11.70086666  7.88500185 22.3100017  10.61047091 24.75800031 31.6084303
 22.96318214 37.41077835 43.52547139 54.73339351 40.66065246 29.16525361
 22.21685104  5.30547453 24.65283414 43.31001506 24.85769913 41.93144795
 40.56015353 56.58358412 44.42141582  8.29586592 40.75384575 16.07813083
 19.18880802 25.20270712 15.35370396 17.82486212 17.96711086 21.67972338
  6.1927575   8.6046166  37.03409509 29.69600919 24.38859131 16.70757786
 14.30654572 26.50942015 20.33619313 11.40080083 14.35962555 29.73247301
 21.98438652 49.48977548 32.79010246 20.63805971 25.70296829 39.94334959
 18.13031698 27.25386521 35.22548726 25.6295417  25.18518362 40.5652179
 34.50461634 15.68292802 42.15036718 34.05408515 30.22891258 19.45151813
 29.77615905 19.91025486 18.77293232 50.16884657 49.77712106 35.91780358
 15.03586177 48.28769052 31.22267219 29.01279166 41.5785359  42.10439514
 42.64479195 44.38242664 38.11609044 41.34866519 22.57439975 25.34504963
 13.03207263 38.81620015 38.54549808 33.34021821 18.38092469 19.29584478
 22.7524531 ]