[ 6.53634091 28.84226419 16.10617934 44.42704492 22.21543592 25.36715202
 16.82361855 22.06383284 45.52206863 23.37348502 25.05781345 33.14016538
 54.03943445 16.99492928 36.48988652 15.90987315 36.71433867 33.25277625
 33.68583719 37.67889422 34.68656594 21.48702436 24.41493214 55.3879483
 23.38200636 12.82699133 43.49846302 37.58391914 10.07206938 27.85994131
 33.01712252 28.45037773 25.50219587 20.69871137 31.04905266 37.60927742
 31.2702859  19.69422516 27.68592858 34.20702516 29.67941171 31.15836326
 30.28126514 37.32048339 36.75192826 19.45077964 27.96602218 34.45441109
  5.20367443 24.89855208  8.20074432 48.83775386 11.87739767 14.76917836
 22.49491448 37.76639597 48.48775788 16.30570567 18.97834835 26.90613613
 45.18713121 10.76377815  7.42157825 32.46581492 35.19091651 21.10992534
 13.05766057 25.64028035 20.27294366 22.31397595  7.2660918  28.97614741
 23.81712848 13.89024278 40.24735852 56.63487657 20.11186612 28.90895719
 25.1526941  29.75979782 35.01436044 29.56335115 14.6185024  38.83210289
 41.05484327 20.17056752 45.56978699 50.33776018 14.56216861 34.62531658
  8.21375049 47.6179356  16.2015483  28.15081218 21.2603825  21.47894513
  9.85301304 41.99068177  8.53440677 47.22492806 31.13611354 28.62590588
 20.86416035 15.78018203 32.38938204 30.05527931 42.86587261 15.20879152
 22.20411036 29.51076631 30.29245861 14.01819689 21.55152516 17.63307092
 10.47875078 37.63189153 38.27472592 10.82749085 31.65327384 11.79157713
 14.4666318  29.39526777 25.97380946 39.60167635 33.62787648 27.54808431
 17.39276663 31.89024954 16.77564564 45.25674621 30.02570499 24.6823164
 12.13413868 28.63002963 41.02566153 26.77012879 31.10034463 16.81446982
 28.08753652 20.70371384 24.44075085 39.05092499 33.27132457 42.1484598
  7.28742502 15.7982076  21.77256836 12.06781518 36.15891601 32.4510501
 24.4812059  32.4397099  16.98545    28.70598803 29.43385275 33.13228729
 31.49532553 25.217433   28.08862321 23.86360498 33.62643822 20.92155192
 52.85602466  7.93459116 31.96904647 18.35287281 38.32316689 23.39006462
 30.76736516 45.06793425 31.81025438 20.37711562 12.17042643 22.18643381
 18.58929879 23.16795001 30.97263016 11.80582312 42.93876854 18.15349528
 24.41755744 36.28945381 23.7511835  29.50075129 16.08002353 28.72118597
 19.66800572 11.21224105 18.30273337 17.18171697 23.78746249 28.39226821
 27.0249995  22.09433642 43.71437056 15.86162352 20.92366079 16.23069144
 13.07247205 14.5989184  41.35558573 24.11232225 37.39965906 42.0809374
 48.02363382 33.94924205 16.47353413 49.50622686 34.4958914  17.39650792
 38.37626699 10.6677867  38.54365971 34.44760096 40.1615533  20.55211601
 35.14236543 34.51116547 28.32738127  9.52738803 19.20995365 23.92484569
 16.85372757 30.84982859 19.71536557 11.35388187 36.32885583 11.36430567
 37.17149318 33.16574383 34.51387723 14.13901395 41.77868861 27.49315048
 11.78236148 25.29903554 34.90472547 28.35944636 13.64308241 31.50301861
 43.60350441 41.13577051 30.2309104   8.29252461 46.00603655 37.37062177
 24.21987171 22.00082895 15.71641649 30.39297461 13.37732875 55.20761388
 36.39974596 13.53782424 15.06806449 34.40775788  7.23169223 21.29655449
 39.80339476 23.44390046 14.89804649 25.69441809 47.00506638 35.40872622
 14.02554876 27.12747171 21.13771427 38.41528523 15.42492733 26.21822796
 31.25075461 29.98526833 31.69280981 10.22292449 46.15424467 49.30162038
 17.93884431 13.41604496 29.02258313 53.81203504 16.43527221  9.75149417
 39.53541296 35.11063993 43.00255242 18.76509521 40.03997119 47.26873107
 31.32041542 21.36214445 35.75980344 34.2240201  35.1712334  26.93475015
 22.09855603 44.39416544 23.1268063  11.24886247 36.41740331 26.3161743
 50.85882425 10.58601737 22.43610631 36.89315042 17.25490738 19.31375267
 35.90913598 20.37674293 33.17069934 17.07678744 25.60049858 31.52892261
 36.2413986  23.47977455 33.27780849 38.33547017 54.28378017 31.12522516
 25.0597444  45.78218357]