[33.63790566 18.13596972 13.7620658  25.42989029 22.31843002 11.93078088
 32.1184183  22.56357293 23.61639111 22.05252489 28.25442757 49.4277398
 16.47876206 21.842869    7.78736127 38.8362971  13.41645116 20.13721643
 26.13057349 26.81287279 11.88611612 22.69953834  7.14614724 12.54567241
 23.61986672 16.52077563 14.38711316  8.96916925  8.7164534  19.4700105
 17.19311083  7.03721023 12.38623532 14.82284896 25.8431254  30.66605036
 20.98947472 46.58755271 28.12496293 33.62190404 43.07014883 21.49245696
 23.80645752 38.46059261  8.89764463 18.68873712 31.82558196 32.26139486
  6.85537289 11.77470616 42.06981825 14.13695309 21.22156894  6.10237718
 31.76126733 12.58918307 13.8387853  22.6685068  23.14391035 18.33714201
 16.55265296 24.08540165 36.47796615 23.37941889 18.67532054 21.47212457
 20.22629326 15.06834935 32.76292748 10.8036346  30.11073929 26.29781739
 21.67897801 22.35084496 24.18682136 30.83328616 13.9460658  30.54154952
 34.244857   28.27280472 16.12879075 17.90969733 14.9091998  17.2337319
 34.08726954  9.76289994 23.59151283 22.78932305 16.95637028 19.7492917
 13.98209461 26.45153161 24.8959072  21.33446058 18.39776313 35.99421381
 20.64301805 13.97539359 14.37864562 18.34153045 13.09906221 37.34462103
 24.91750814 23.43683991 15.07993447 35.34398187 34.07582751 10.75229509
 12.14224578 39.9736085  33.90400035 26.5895787  20.27086828 32.70344769
 17.81269514 21.4548606  21.27301218 26.35559979 10.29780324 37.89079948
 33.90274199 10.0868866  27.07059728 10.14473423 15.89345726 31.18233287
 34.42321426 12.35316029 14.67291232 12.97387106 23.06615494 12.07235053
 13.22328802 29.43298771 18.59417005 19.21584101 36.32603832 24.98677331
 42.30220265 19.99824615 15.25608608 26.49405677 17.83915252 16.40130944
 13.1883826   9.82960787 13.24612099 26.80544792 19.76768187 17.03118391
 21.74234464 17.41244724 11.66602744 18.62519162 44.8354088  29.58395405
 38.53212994 30.07404887 11.50111676  7.69773573 18.90119891 13.65488527
 16.20742854 31.53850878  8.62313466 26.85213467 12.50057211 26.66036691
 24.07909593 17.25108516 30.49636425 29.87940767 14.12799174  8.08399979
 12.04643945 24.26933409 26.83154957 24.87687362 15.46396545  9.78023261
 25.54266058 10.58908566 24.55727123 16.18916115 25.22162886 16.84592274
 19.14593159 16.20651315 31.83311733 20.04903476 41.9741326  11.97098658
 19.32212262 19.56550981 18.91446884 17.82154989 19.40610985 13.8578253
 28.60270396 25.95719531 29.26667187 24.71913796 16.85182085 13.95886506
 10.76062689 30.19579092 33.42952645 31.76314687 34.73341689 36.28682438
 20.42010666 17.41112832 27.91503262 31.22595132 15.06819318 27.15134195
 13.3327452  24.27558243  9.81750939 21.79281494 13.956526   17.01206498
 18.49062584 13.55464713 20.80660569 27.51787775  8.89843135 10.47875152
 19.28438229 14.15680054 11.39800415 11.20520383  7.91463051 18.14273784
  9.50250805 28.66338639 13.8668328  16.08880806 26.54649216 16.84187857
 13.66324222 34.33518181 13.96968242 32.50103733 23.88635666 26.43962601
 13.48741681 34.91889458 20.20591638 30.88351346 16.41786995 24.09284334
 25.26538772 29.62721182 18.50348026 15.76838746 35.65349813  9.31959639
 18.88158496 26.91468934 18.22575807 37.11043068  6.91863461 13.77904238
 14.13000754 13.21544821  9.39073248 11.43794142 20.77404592 35.42176235
 14.24955103 37.8786634  35.587343   24.5420503  23.16602643 35.24787156
 13.24239479 23.45815447  9.98664002 19.89585339 10.1604349  22.61361091
  9.29591952 17.85624772 14.41415106 24.51171755 12.61461583 24.6611842
  9.5924821  18.26797541 15.0591168  35.08376333 24.1310115  36.36558063
 31.30782681 10.43748322 12.49816959  7.60274366 19.67719068 35.24500147
  5.57701301 10.52436028 20.01990937 15.79740692 10.10735581 17.0207928
 10.55799948 30.15085733 19.84244659 19.64344005 38.74626108 27.62870101
 27.51896471  7.76663119 38.5356955  28.82295053 18.34797844 21.00617398
 29.01490683 14.32671013  6.55421792 30.71845173 19.52571605 13.76089397
 22.75860739 17.79954399 28.95535029 28.18304929 19.6196071  30.28299037
 11.60116548 12.95687804 24.01041621 16.83588396 20.53177674 12.61895928
 46.12233716 30.16583475 22.42283093 25.49986789 19.09393365 50.18722016
 19.19471169 12.69680702 10.41865373 34.36247511 25.35092407 16.13128791
 40.62240893 27.98114048 28.99223687 18.50478078 26.34801297 30.66155851
 13.38771058 22.06122406 16.92963236 21.63723382 21.2685125  17.72068561
 37.72819668 18.06675721 26.97033544 17.59046053 39.10085139  9.80008657
 18.88365636 14.06098136 15.0867429  19.13669698  8.39323227  7.57419459
 14.59765501  7.12541022 15.096808   23.49002313 11.07395388 18.49079554
 33.92713643 32.14993571 34.91315331 11.8654557  23.05234799 30.39399055
 28.00760086 25.61494189 14.71670726 22.02569668 16.00417178 34.3593591
 34.15449053 24.17421487 13.61318529 10.79451134 29.46646473 24.75232705
 19.31492662 13.99323069 19.80585688  6.86672839 12.31891451 36.03243506
 19.98004174 19.38731491 32.25912589 45.69683811 15.91274506 12.82319519
 26.26231748 13.30269243 25.51994133 16.73299961 18.95499583 24.95633526
 24.74113047 13.0412905  32.47200053 18.59310912 26.02750732 29.01703696
 25.16689772 21.25790006 31.87750728 14.9942784  31.23165537 19.67658516
 10.68862851 13.92758873 31.63571508 27.88263557 21.13024104 28.61438667
 26.44530878 21.98309316 11.72292545 20.2079489  32.14695841  9.29529948
 40.85072307  9.38339803 28.91138751 27.57943699 13.43925912 27.93039488
  7.80939906 15.5729422  14.25121248 22.15577243 22.13651543 25.2753838
 15.97345477 29.40605483 17.45905158 23.33912393 20.86824748 12.43101676
 10.46593812  8.45091923 25.11999361 35.81706768  6.74252242 23.02112337
 23.45351182 12.47058064 19.00001587 17.66080978 10.43146632 12.02124741
 33.64813692 24.24105647 21.03232498 16.2453608  14.66093018  9.97104199
 18.98558447 13.56507407 26.25401905 32.86230304 24.40737647 10.23531752]