[26.9020505  22.31674327 15.73327368 17.78676503  9.91592533 34.64757007
 19.09772818 27.56477871 21.79182662 13.14334451 17.55431291  8.15380543
  7.59467232 16.11821014 11.31561831 11.76879845 12.33306183 15.03096367
 27.10061484 31.13952694 19.66927633 21.12461657 10.91723105 18.47319214
 28.4885456  26.85654274 19.19826979 19.3102442  12.81605848  9.97469277
  6.98660336 26.16947294 11.74351898 21.44141396 21.11630471 12.57746234
 13.59669653 38.14132163 15.64074176 21.13933862 13.08380341 31.09220478
 21.51216686 21.43144711 14.20917795 16.30545439 16.08874969 18.39753555
 40.64756898 17.21152377 14.06343439 11.25846184 28.36245358 14.53140249
 18.99669876 21.22297033 30.997695    6.89626594 24.04192572 12.16504423
 20.57260152 14.74945836  8.61694355 18.31691382 15.57166353 13.09794399
  6.22747203 24.60984938 15.98793723 19.23041422 10.62428754 33.04242943
 16.20490568 27.93830387 10.8210897   9.67317707 22.64490197  9.0100636
  9.53192887 25.2492935  10.74326416 21.29057232 21.26708753 33.52585201
 24.21520147 22.11390643 21.14196312 15.54442003 16.52842123 11.02203804
 13.67231545 10.92994089 21.5081807  17.91719472 19.51803488 24.85350201
 22.27858853 29.16640672 15.92882318 18.75692583 20.20272833 25.12610125
 23.85619548 26.69236975 15.53905622 23.97204558 19.11089931 17.77730206
 19.52801987 21.34782777 15.10993471 13.34515484  9.41820578 18.1206064
 14.46063272 18.3795626  13.80050741 29.15268861  8.56401514 26.1434839
 13.28778207]