[21.00477233  6.89838553 24.82468992 26.02059892 24.99035145 33.59843764
 30.33656164 17.52457104 13.96276483  8.64334584 30.03970606 39.75125237
 15.22721439 24.57972839 11.98012737  9.98681656 31.56911704 14.52542717
 17.476756   11.74181583 29.87021075 27.72105494 10.58359089 17.34462486
 20.51772403 20.21356551 20.40106495 33.17835927 11.63836867  6.46050325
 15.80958508 13.4031108   9.51266289 12.04128022 33.69007926 16.27307464
 37.55729518 14.57540548 21.22233499 11.92657035 32.02183573 12.15026374
  8.10211752  7.87327287 11.80390319 28.65107488 12.22908793 14.53147622
 20.75710901 30.16661433 29.16472584 18.3885026  11.87329996 18.60697411
  9.45606792 12.59487688 28.20862699 19.91402278 11.4313863  21.23687748
 23.03948422  9.21722463 42.65811986 28.77611973 17.61880145 19.07924391
 19.42378095 24.84881169 19.87958505 23.9876881  16.30510012 14.69154725
 17.46418674 10.26675157]