[20.23553757  8.53127107 23.20041081 41.20915914 50.25248252 14.77480051
  8.40460733 17.78444995  8.26499853 31.8503344  52.10523899 21.35061851
 25.67887337 55.25846437 50.66542278 59.66771934 53.77263056 57.68637497
 26.02415395 30.87724453  6.78393888 46.64799313 51.20478557 30.41738169
 13.05766128 43.33514291 38.97550101 39.94845229 46.74823452 47.27957323
 31.19175332 53.88986998 52.38706863 11.36206073 55.35662727 47.27537964
 46.14120778 39.71357253 34.85220186  9.87174311 17.17848402 54.44556896
 31.21936047 58.13913241 30.74749707 42.25705508 18.56734053 47.99237568
 32.29391604 17.11114687 36.79288996 14.55373433 10.75343326 53.91000286
 38.84117587 30.47298778 50.29538338 55.25732222 47.17355091 56.34428754
 17.66424755 35.40721948 44.32041793 11.96561093  8.68952841 26.98905624
 45.47583526 13.13805624 14.98309442 10.31507375 28.0378418  59.71839296
 34.44458008 25.3546651  25.16072277 45.91207396 29.1423105  14.42525496
 32.60765639 52.25109593 52.61556118 44.46800185  9.46524024 51.21343829
 55.06892607 47.98965979 32.61963178  9.36103291 15.6562484  10.13487003
 17.55187294 17.67999141 47.26759168 47.47550703 24.94211293 19.58700521
 16.19694456 53.17805203 22.33073011 26.03814095 43.44664725 21.37753239
 33.45448613 34.00146051 28.87261815 43.96512906 59.52985    40.70060253
 44.27562635 14.19160053 14.41209854 39.23023184 22.37039243 47.77053546
 24.29872595 27.64149351 10.76867529 41.80144683 21.00172896 28.61192304
 39.03290141 41.05609982 30.84114655 19.03904391 19.47895948 11.76671135
 34.51481006 27.56106266 20.73051886 15.09722413 51.26340144 14.4933382
 18.07335905 31.13646675 50.83527517 20.85777283 34.19744832 17.874276
 36.50336004 35.85041306 11.83079875 22.82182783 43.35359049 11.83930407
 41.033878   56.2841231  30.02334303 39.35542267 14.74054876 14.91144408
 23.52697131 12.85892039 40.71466576  9.08553416 41.95878551 45.5748424
  9.90807448 51.37887025 14.72238515 19.33657649 24.41465574 30.77816472
 55.31312488 21.44209624 19.80895551 18.13543659 50.4154739  18.65260797
 16.77013268 32.73466336 49.24613641 26.47390124 14.53663652 56.53353522
 43.88832666 14.39538898 52.40911454 33.54923785  6.17991403 50.70546792
 55.00339365 17.0368534  27.47321424 25.4026454  49.01978238 30.03141819
 51.50565941 22.51827957 41.52522164 12.10256119 27.33529161 11.80447486
 58.47061461  6.12885443  5.47223328 18.36055726 18.71933635 12.21473765
 23.94849209 13.24764737 21.53392813 38.38202561 56.1008024  19.09675244
 30.41114679 31.83274885 53.96775322 56.16395787 40.34617184 14.4332222
 17.79381032  7.4317546  51.63863122 49.80374594 24.73840514 38.80745008
 42.03713134 31.81888963 35.40416507 34.99163308 21.14086782 41.30441228
 29.92240756 22.44653286 53.95849633 21.4010221  49.83813986 32.69989213
 45.07523272 17.63393788 42.63067026 15.36617597 12.1641411  12.97285258
 15.36054201 39.18828568 10.36623489  6.67686832 38.26159373 21.08790518
 17.87193711 28.12302444 58.73176105 44.10183436 44.22687805 51.36200249
 21.61298721 19.65060003 11.05227303 35.06174484 28.96907245  7.64403733
 48.38225973 34.12646395 46.87246014 19.08437982 42.13098228 55.37220107
 46.52483824 14.88573063 36.49402716 14.34232097 30.2168304  56.17286913
 20.74405791 24.08491535 57.22496927 36.55908413  8.20992041 56.58866315
 28.9059889  16.10811368 17.5106829  49.31613512 17.99460611 23.06415299
 53.91529336 29.98325617 26.2901519   9.544908   28.94206166 55.63419688
 14.81317886 13.70030931  7.68041261 10.94858138 10.37330421 18.09621871
 15.4675575  30.00430844 10.94198304 47.73375632 48.53463418 52.10975317
 58.21488856 51.83580983 30.81662583 54.07735424 12.43070962 58.01007394
 35.28493688 40.90180292 18.47844846 10.71794815 53.53590418 55.35847673
 17.39198792 50.74931721 41.1825926  12.21445413 54.56459087 52.91635993
 32.12406594 12.82324757 16.94961971 25.76575238 55.51405562 13.66770228
 33.39983099 26.61445272 51.75215429 47.42864619 30.41609321 29.68517568
 51.06267211 55.01365801 27.23656703 38.99510783 46.37592298 15.64969991
 23.96950753 25.50662184 37.33368481 33.25247012 33.96056615 16.83229263
 56.60062138 51.35200208 50.57561605 53.40885493 30.41314874 24.92987105
 20.91503968 57.18720296 20.98164716 35.91006645 53.21625172 34.01170752
  6.36851365 25.33469952 39.2247546  42.73236733  8.53669589 16.36864515
 19.37894805  5.71492059 40.28395571 24.89980479 10.62407752 39.76689264
 56.47113619 12.6771153  18.03159385  9.9091143  37.16881062 52.19933306
 29.02606905 34.44004043 56.18698811 29.40048075 15.72910018 20.57600057
 18.77751911 38.45739793 54.62414681 34.00353932  9.43987343 31.03709534
 13.54314819 39.26253241 51.57767146 45.22405608 21.68935465 55.58643202
 43.78710379 16.83223355 21.94153713 54.99653692 57.65579766 40.64298285
 45.22060737 14.93937769 17.92091418 26.09777752 49.46043851 14.4323625
 25.687229   18.07797812 16.06499298 14.98439654 21.20293335 55.20696309
 21.92601894 26.21307301 27.81293318 38.44259152 38.04460025 26.58671823
  9.20570887 23.59609669 38.38862832  8.79303021 39.4313602  16.09372887
  9.7715794  50.51113454 41.47819453 10.64550096 50.86963308 35.90175844
 43.29765633 53.41214811 15.78575483 42.72716359 23.35784067 19.62918805
 30.55817841 55.00227676 32.73698697  9.15882056 12.55076321 28.97974926
 15.03695953 30.11571758 16.23798451 37.54947533 27.19837523 36.57610836
 50.86898875 21.46521129 53.55420594 12.77843899 48.1755611  51.65854646
 53.59202991 11.22508673 43.26888219 36.05911902 22.5115615  32.56556691
 36.08858714 21.86349303 20.85972653 42.28006953 13.9806059  35.27495188
 13.54611087 23.69882924 12.91119278 43.83599466 17.00893881 25.51752606
 25.77072653 17.24704407 40.04992027 47.91934895 35.34369293 49.83722156
 20.56578047 35.1053315  20.79837564 28.73676615 59.68739537 34.3964611
 21.54462717 43.99681334 14.6259238  43.74518323 24.66270842 52.25119788]