Ave_waitingTime : 
 [59386 57054 56470 55860 55457 54889 54887 54197 54166 53871 53692 53874
 53739 53593 53076 52831 52812 52680 52207 52293 51908 51744 51644 51617
 51250 51250 51053 51053 51196 51196 51223 51205 51182 51182 51124 50906
 50906 50906 50938 50938 50952 50952 50988 50988 50853 50733 50576 50576
 50576 50400 50419 50419 50330 50330 50413 50413 50281 50259 50293 50103
 50103 50103 50104 50104 50104 50104 50104 50104 50089 50057 50057 50057
 50057 50101 50101 49962 49861 49861 49861 49861 49861 49813 49813 49790
 49790 49790 49790 49790 49790 49461 49461 49304 49304 49304 49328 49330
 49330 49330 49330 49330 49330 49330 49330 49330 49330 49330 49215 49215
 49215 49215 49132 49132 49132 49132 49132 49132 49132 49132 49132 48970
 48970 48970 48970 48970 48970 48912 48912 48912 48912 48732 48757 48757
 48717 48791 48751 48751 48812 48562 48562 48517 48517 48487 48487 48487
 48487 48487 48487 48487 48487 48487 48294 48294 48294 48304 48319 48319
 48319 48319 48218 48218 48038 48038 48077 48077 48077 48077 48077 47962
 47962 47962 47768 47768 47768 47768 47768 47768 47623 47711 47711 47711
 47711 47711 47711 47729 47729 47729 47729 47729 47729 47739 47739 47739
 47739 47757 47757 47567 47567 47567 47601 47601 47601 47601 47601 47601
 47642 47610 47610 47610 47610 47610 47610 47610 47610 47610 47610 47610
 47610 47610 47610 47653 47653 47653 47653 47595 47593 47593 47593 47593
 47593 47477 47477 47477 47359 47319 47319 47303 47415 47347 47347 47347
 47276 47276 47276 47276 47083 46945 46945 46945 46945 46965 46860 46860
 46860 46860 46860 46860 46860 46860 46860 46860 46712 46672 46672 46517
 46517 46508 46508 46508 46520 46520 46520 46520 46520 46512 46512 46512
 46512 46512 46512 46512 46512 46591 46591 46499 46499 46499 46499 46448
 46448 46295 46295 46295 46280 46280 46280 46280 46280 46280 46280 46280
 46280 46280 46280 46280 46280 46280 46280 46280 46280 46119 46001 45777
 45732 45732 45732 45641 45615 45615 45615 45588 45546 45387 45387 45287
 45261 45261 45176 45176 45176 45176 45176 45176 45176 45032 45032 45138
 45138 45138 45138 45138 45138 44923 44964 44964 44964 44964 44964 44793
 44793 44793 44793 44812 44893 44893 44893 44893 44893 44893 44893 45006
 45009 44855 44698 44529 44529 44529 44529 44553 44569 44569 44569 44653
 44653 44576 44496 44478 44478 44478 44368 44368 44368 44368 44370 44370
 44370 44370 44402 44341 44341 44341 44341 44002 44002 44002 44002 43760
 43760 43760 43641 43567 43342 43320 43302 43171 43132 43132 43132 43132
 43075 43075 43075 42904 42904 42904 42904 42904 43023 43023 43023 43050
 42709 42709 42709 42709 42709 42709 42709 42709 42709 42709 42709 42602
 42667 42667 42667 42591 42623 42623 42749 42749 42749 42685 42685 42523
 42380 42199 42152 42152 42152 42152 42200 42186 42186 42159 42159 42119
 42008 41915 41743 41546 41444 41444 41255 41255 41255 41175 41175 41175
 41175 41175 41214 41040 41040 41040 41040 41040 41058 41058 40924 40924
 40924 40574 40532 40532 40512 40512 40512 40293 40293 40293 40293 40118
 40118 40156 40156 40186 40181 40163 40251 40314 40282 40282 40282 40156
 40156 40129 40129 40152 40152 40152 40152 40215 40189 40260 40260 40212
 40188 40038 40038 40067 40129 40129 40047 39935 39957 39957 39957 39996
 39996 39996 39951 39898 39954 39800 39778 39713 39630 39630 39630 39496
 39496 39507 39507 39507 39507 39426 39299 39319 39319 39319 39228 39228
 39053 39053 38883 38924 38786 38786 38533 38533 38414 38452 38452 38001
 37862 37787 37709 37572 37380 37368 37408 37092 36927 36714 36715 36705
 36722 36508 36508 36533 36533 36533 36473 36473 36434 36353 36235 36181
 36029 35955 35876 35913 35916 35852 35925 35873 35873 35691 35691 35691
 35706 35780 35695 35724 35643 35643 35590 35514 35514 35514 35488 35510
 35473 35509 35514 35652 35652 35695 35666 35628 35630 35530 35530 35576
 35519 35467 35375 35243 35181 35111 35038 35038 34948 34898 34885 34806
 34771 34783 34671 34636 34591 34591 34676 34677 34542 34523 34523 34466
 34466 34444 34442 34386 34334 34333 34307 34204 34204 34141 34123 34123
 34057 34101 34101 34085 34085 34082 33993 33993 34074 33982 34005 33948
 33858 33861 33761 33729 33729 33586 33586 33581 33610 33610 33455 33364
 33360 33361 33342 33295 33284 33239 33259 33190 33110 33078 33122 33048
 33024 33024 33024 33073 33073 33066 33043 33043 33043 33018 32990 32990
 33016 32990 32993 32993 33028 33028 33017 33017 33004 33025 33001 33001
 32967 32970 32970 32946 32946 32946 32991 32991 32969 32974 32984 32998
 32998 32998 32998 32998 32998 32982 32982 32982 32982 32947 32947 32947
 32947 32947 32947 32947 32947 32947]