Ave_complete_duration : 
 [40167.6        41534.1        43173.43333333 43925.63333333
 43983.8        44499.73333333 44633.23333333 44844.06666667
 44697.1        44611.83333333 44641.1        44808.9
 44637.13333333 44976.56666667 45171.9        45128.3
 45178.43333333 45293.9        45691.5        45786.93333333
 46043.43333333 45968.36666667 45982.9        46009.1
 45951.8        45951.8        45937.76666667 45937.76666667
 46394.1        46394.1        46521.26666667 46532.93333333
 46673.8        46673.8        46740.8        46861.03333333
 46861.03333333 46861.03333333 46894.         46894.
 46773.46666667 46773.46666667 47158.03333333 47158.03333333
 47029.86666667 46912.26666667 46707.96666667 46707.96666667
 46707.96666667 46758.4        46842.8        46842.8
 46700.63333333 46700.63333333 46743.5        46743.5
 46762.13333333 46906.46666667 46965.53333333 46781.66666667
 46781.66666667 46781.66666667 46893.46666667 46893.46666667
 46893.46666667 46893.46666667 46893.46666667 46893.46666667
 46842.16666667 47186.43333333 47186.43333333 47186.43333333
 47186.43333333 47294.66666667 47294.66666667 47178.33333333
 47092.43333333 47092.43333333 47092.43333333 47092.43333333
 47092.43333333 47094.         47094.         47217.3
 47217.3        47217.3        47217.3        47217.3
 47217.3        47376.13333333 47376.13333333 47344.2
 47344.2        47344.2        47418.5        47500.03333333
 47500.03333333 47500.03333333 47500.03333333 47500.03333333
 47500.03333333 47500.03333333 47500.03333333 47500.03333333
 47500.03333333 47500.03333333 47687.5        47687.5
 47687.5        47687.5        47740.66666667 47740.66666667
 47740.66666667 47740.66666667 47740.66666667 47740.66666667
 47740.66666667 47740.66666667 47740.66666667 47839.4
 47839.4        47839.4        47839.4        47839.4
 47839.4        47834.13333333 47834.13333333 47834.13333333
 47834.13333333 47868.06666667 47860.8        47860.8
 47746.76666667 47893.36666667 47776.7        47776.7
 47889.46666667 47713.63333333 47713.63333333 47811.93333333
 47811.93333333 47737.76666667 47737.76666667 47737.76666667
 47737.76666667 47737.76666667 47737.76666667 47737.76666667
 47737.76666667 47737.76666667 47666.36666667 47666.36666667
 47666.36666667 47620.46666667 47649.66666667 47649.66666667
 47649.66666667 47649.66666667 47677.76666667 47677.76666667
 47614.43333333 47614.43333333 47658.63333333 47658.63333333
 47658.63333333 47658.63333333 47658.63333333 47629.56666667
 47629.56666667 47629.56666667 47453.93333333 47453.93333333
 47453.93333333 47453.93333333 47453.93333333 47453.93333333
 47347.16666667 47524.7        47524.7        47524.7
 47524.7        47524.7        47524.7        47452.
 47452.         47452.         47452.         47452.
 47452.         47595.83333333 47595.83333333 47595.83333333
 47595.83333333 47677.96666667 47677.96666667 47795.9
 47795.9        47795.9        47825.93333333 47825.93333333
 47825.93333333 47825.93333333 47825.93333333 47825.93333333
 48071.03333333 48140.73333333 48140.73333333 48140.73333333
 48140.73333333 48140.73333333 48140.73333333 48140.73333333
 48140.73333333 48140.73333333 48140.73333333 48140.73333333
 48140.73333333 48140.73333333 48140.73333333 48335.1
 48335.1        48335.1        48335.1        48350.33333333
 48317.7        48317.7        48317.7        48317.7
 48317.7        48171.63333333 48171.63333333 48171.63333333
 48187.26666667 48182.86666667 48182.86666667 48388.43333333
 48653.23333333 48741.23333333 48741.23333333 48741.23333333
 48888.33333333 48888.33333333 48888.33333333 48888.33333333
 48706.63333333 48702.93333333 48702.93333333 48702.93333333
 48702.93333333 48854.66666667 48814.83333333 48814.83333333
 48814.83333333 48814.83333333 48814.83333333 48814.83333333
 48814.83333333 48814.83333333 48814.83333333 48814.83333333
 48871.4        48776.76666667 48776.76666667 48588.2
 48588.2        48855.36666667 48855.36666667 48855.36666667
 48823.56666667 48823.56666667 48823.56666667 48823.56666667
 48823.56666667 48909.33333333 48909.33333333 48909.33333333
 48909.33333333 48909.33333333 48909.33333333 48909.33333333
 48909.33333333 48994.2        48994.2        49203.23333333
 49203.23333333 49203.23333333 49203.23333333 49148.96666667
 49148.96666667 49026.6        49026.6        49026.6
 48967.46666667 48967.46666667 48967.46666667 48967.46666667
 48967.46666667 48967.46666667 48967.46666667 48967.46666667
 48967.46666667 48967.46666667 48967.46666667 48967.46666667
 48967.46666667 48967.46666667 48967.46666667 48967.46666667
 48967.46666667 48860.36666667 48709.4        48957.26666667
 48794.8        48794.8        48862.96666667 48833.43333333
 48877.33333333 48877.33333333 48877.33333333 48983.26666667
 49004.13333333 48915.4        48915.4        49151.5
 49138.43333333 49138.43333333 49044.46666667 49044.46666667
 49044.46666667 49044.46666667 49044.46666667 49044.46666667
 49044.46666667 49165.06666667 49165.06666667 49402.23333333
 49402.23333333 49402.23333333 49402.23333333 49402.23333333
 49402.23333333 49326.7        49537.43333333 49537.43333333
 49537.43333333 49537.43333333 49537.43333333 49561.6
 49561.6        49561.6        49561.6        49637.1
 49817.36666667 49817.36666667 49817.36666667 49817.36666667
 49817.36666667 49817.36666667 49817.36666667 49995.16666667
 50064.46666667 49800.53333333 49740.6        49567.96666667
 49567.96666667 49567.96666667 49567.96666667 49576.76666667
 49608.5        49608.5        49608.5        49740.86666667
 49740.86666667 49827.03333333 49947.3        49807.5
 49807.5        49807.5        50089.53333333 50089.53333333
 50089.53333333 50089.53333333 50400.8        50400.8
 50400.8        50400.8        50566.83333333 50529.06666667
 50529.06666667 50529.06666667 50529.06666667 50527.63333333
 50527.63333333 50527.63333333 50527.63333333 50387.86666667
 50387.86666667 50387.86666667 50396.5        50564.3
 50602.8        50624.1        50599.83333333 50473.7
 50517.7        50517.7        50517.7        50517.7
 50421.56666667 50421.56666667 50421.56666667 50358.53333333
 50358.53333333 50358.53333333 50358.53333333 50242.56666667
 50451.43333333 50451.43333333 50451.43333333 50577.96666667
 50652.3        50652.3        50652.3        50652.3
 50652.3        50652.3        50652.3        50652.3
 50652.3        50652.3        50652.3        50566.7
 50729.96666667 50729.96666667 50729.96666667 50855.96666667
 50858.06666667 50858.06666667 51010.13333333 51010.13333333
 51010.13333333 51022.63333333 51022.63333333 50617.2
 50610.56666667 50664.66666667 50642.36666667 50642.36666667
 50642.36666667 50642.36666667 50753.8        50816.03333333
 50816.03333333 50769.8        50769.8        50741.46666667
 50711.46666667 50901.63333333 50908.8        50870.63333333
 51348.5        51348.5        51229.63333333 51229.63333333
 51229.63333333 51231.16666667 51231.16666667 51231.16666667
 51231.16666667 51231.16666667 51369.76666667 51334.66666667
 51334.66666667 51334.66666667 51334.66666667 51334.66666667
 51387.23333333 51387.23333333 51424.7        51424.7
 51424.7        51211.63333333 51267.26666667 51267.26666667
 51192.23333333 51192.23333333 51192.23333333 50963.6
 50963.6        50963.6        50963.6        50925.03333333
 50925.03333333 51028.33333333 51028.33333333 51109.93333333
 51034.86666667 50870.5        51079.43333333 51144.93333333
 51050.83333333 51050.83333333 51050.83333333 50959.7
 50959.7        50854.83333333 50854.83333333 50907.36666667
 50907.36666667 50907.36666667 50907.36666667 51330.6
 51428.86666667 51565.5        51565.5        51568.83333333
 51636.3        51826.03333333 51826.03333333 51891.1
 52038.53333333 52038.53333333 52172.03333333 51977.96666667
 52034.03333333 52034.03333333 52034.03333333 51936.16666667
 51936.16666667 51936.16666667 51748.86666667 51584.6
 51751.4        51720.43333333 51693.2        51582.4
 51509.63333333 51509.63333333 51509.63333333 51395.03333333
 51395.03333333 51395.6        51395.6        51395.6
 51395.6        51337.36666667 51520.4        51651.46666667
 51651.46666667 51651.46666667 51637.73333333 51637.73333333
 51852.43333333 51852.43333333 51796.8        52036.8
 51948.1        51948.1        51812.56666667 51812.56666667
 51823.6        51949.06666667 51949.06666667 51853.7
 51747.4        52148.56666667 52160.06666667 52347.2
 52433.36666667 52517.         52774.5        52848.
 52827.66666667 52759.56666667 53185.76666667 53224.53333333
 53382.1        53268.83333333 53268.83333333 53309.
 53309.         53309.         53242.2        53242.2
 53301.26666667 53372.23333333 53186.26666667 53181.8
 53149.56666667 52996.4        52873.5        52802.1
 52830.33333333 52747.43333333 52837.9        52786.6
 52786.6        52581.53333333 52581.53333333 52581.53333333
 52665.1        52776.         52744.26666667 52712.03333333
 52683.4        52683.4        52663.16666667 52653.1
 52653.1        52653.1        52721.6        52759.43333333
 52749.93333333 52805.         52793.33333333 53036.56666667
 53036.56666667 53105.3        53074.26666667 52988.
 53010.1        52917.03333333 52917.03333333 52978.16666667
 53006.43333333 52964.1        52874.36666667 52889.56666667
 52870.76666667 52724.16666667 52714.83333333 52714.83333333
 52768.         52736.7        52718.46666667 52710.43333333
 52710.13333333 52648.46666667 52686.7        52747.66666667
 52713.4        52713.4        52884.2        52955.36666667
 52830.76666667 52774.13333333 52774.13333333 52761.06666667
 52761.06666667 52814.6        52834.06666667 52811.66666667
 52859.5        52922.56666667 52962.23333333 52867.3
 52867.3        52778.7        52810.56666667 52810.56666667
 52819.46666667 52857.76666667 52857.76666667 52792.83333333
 52792.83333333 52993.2        52943.33333333 52943.33333333
 52981.1        52892.36666667 52985.93333333 52914.06666667
 52764.96666667 52806.96666667 52722.06666667 52768.8
 52768.8        52638.6        52638.6        52724.4
 52821.43333333 52821.43333333 52675.53333333 52596.3
 52653.76666667 52649.9        52619.66666667 52665.56666667
 52662.33333333 52693.9        52702.8        52712.7
 52608.83333333 52581.93333333 52673.7        52656.6
 52665.8        52665.8        52665.8        52770.2
 52770.2        52844.36666667 52821.63333333 52821.63333333
 52821.63333333 52819.5        52818.06666667 52818.06666667
 52856.8        52896.56666667 52914.2        52914.2
 52953.16666667 52953.16666667 52907.03333333 52907.03333333
 52895.4        52889.53333333 52855.56666667 52855.56666667
 52901.4        52951.63333333 52951.63333333 52969.
 52969.         52969.         52997.03333333 52997.03333333
 53070.93333333 53103.9        53170.36666667 53193.66666667
 53193.66666667 53193.66666667 53193.66666667 53193.66666667
 53193.66666667 53171.76666667 53171.76666667 53171.76666667
 53171.76666667 53142.1        53142.1        53142.1
 53142.1        53142.1        53142.1        53142.1
 53142.1        53142.1       ]