Ave_incomplete_Veh_num : 
 [238 229 223 219 218 215 214 211 211 210 210 209 209 208 207 206 206 205
 203 202 200 200 200 200 199 199 199 199 198 198 198 198 197 197 197 196
 196 196 196 196 196 196 195 195 195 194 194 194 194 194 193 193 193 193
 193 193 192 192 192 192 192 192 191 191 191 191 191 191 191 191 191 191
 191 191 191 190 190 190 190 190 190 190 190 189 189 189 189 189 189 189
 189 188 188 188 188 188 188 188 188 188 188 188 188 188 188 188 186 186
 186 186 186 186 186 186 186 186 186 186 186 185 185 185 185 185 185 185
 185 185 185 184 184 184 184 184 183 183 183 183 183 183 183 183 183 183
 183 183 183 183 183 183 182 182 182 182 182 182 182 182 181 181 181 181
 181 181 181 181 181 181 181 181 181 181 181 181 181 181 181 181 181 181
 181 181 181 181 181 181 181 181 181 180 180 180 180 180 180 180 180 180
 180 180 180 180 180 180 179 179 179 179 179 179 179 179 179 179 179 179
 179 179 179 178 178 178 178 178 178 178 178 178 178 178 178 178 178 178
 178 177 177 177 177 177 176 176 176 176 175 175 175 175 175 175 175 175
 175 175 175 175 175 175 175 175 174 174 174 174 174 173 173 173 173 173
 173 173 173 173 173 173 173 173 173 173 173 173 173 172 172 172 172 172
 172 172 172 172 172 172 172 172 172 172 172 172 172 172 172 172 172 172
 172 172 172 172 172 171 171 171 170 170 170 170 170 170 170 169 169 169
 169 169 169 169 169 169 169 169 169 167 167 167 167 167 167 167 167 167
 166 166 166 166 166 165 165 165 165 165 164 164 164 164 164 164 164 164
 164 163 163 164 164 164 164 163 163 163 163 163 163 163 163 163 163 163
 162 162 162 162 161 161 161 161 161 161 161 161 161 160 160 160 160 160
 160 160 160 159 158 158 158 158 158 158 158 158 158 158 158 158 158 158
 158 157 157 157 157 156 155 155 155 155 155 155 155 155 155 155 155 155
 155 155 155 154 154 154 154 154 154 154 154 154 154 154 154 154 154 154
 154 153 153 153 153 153 153 152 152 152 150 150 150 150 150 150 150 150
 150 150 150 150 150 150 150 150 150 150 149 149 149 149 148 148 148 148
 148 149 149 149 149 149 149 148 148 148 148 148 147 147 147 147 147 147
 147 147 147 147 147 147 147 146 146 145 145 145 145 144 144 144 143 143
 142 142 142 142 142 142 142 142 142 142 142 142 141 142 142 142 142 142
 142 141 141 141 141 141 140 140 140 140 140 140 139 139 139 139 138 138
 138 138 138 137 137 135 135 133 133 132 131 131 130 129 128 128 126 126
 125 125 125 125 125 125 125 125 124 124 124 124 123 123 123 123 123 123
 123 123 123 123 123 123 122 122 122 122 122 122 122 121 121 121 121 121
 121 121 121 121 121 121 120 120 120 120 120 120 120 120 120 119 119 119
 119 119 119 119 119 118 118 118 118 118 118 118 117 117 117 117 117 117
 117 116 116 116 116 116 115 115 115 115 115 115 115 115 115 115 115 115
 115 115 114 114 114 114 114 114 114 114 114 113 113 113 113 113 113 113
 113 113 113 112 112 112 112 112 111 111 111 111 111 111 111 111 111 111
 110 110 110 110 110 110 110 109 109 109 109 109 109 109 109 109 109 109
 109 109 109 108 108 108 108 108 108 108 108 108 108 108 108 108 108 108
 108 108 108 108 108 108 108 108 108 108 108 108]