ave_convergence : 
 [3.1324571  2.85682487 2.70215944 2.60764545 2.57292286 2.50176441
 2.49280307 2.40286282 2.40032207 2.38221772 2.37003786 2.36666003
 2.35702096 2.34263075 2.30849621 2.29358394 2.28659853 2.26524176
 2.21816641 2.20588978 2.17067027 2.16856917 2.1641696  2.15869671
 2.13352908 2.13352908 2.13051006 2.13051006 2.12043355 2.12043355
 2.11538329 2.11515492 2.11150716 2.11150716 2.09928992 2.08703685
 2.08703685 2.08703685 2.08231111 2.08231111 2.0784242  2.0784242
 2.06462611 2.06462611 2.06076133 2.05422649 2.05065054 2.05065054
 2.05065054 2.03259748 2.0269515  2.0269515  2.02685    2.02685
 2.01237717 2.01237717 2.00763965 2.0018877  2.00124747 1.98893282
 1.98893282 1.98893282 1.98197777 1.98197777 1.98197777 1.98197777
 1.98197777 1.98197777 1.97929562 1.97808724 1.97808724 1.97808724
 1.97808724 1.97639644 1.97639644 1.96892852 1.96187292 1.96187292
 1.96187292 1.96187292 1.96187292 1.96154288 1.96154288 1.95161939
 1.95161939 1.95161939 1.95161939 1.95161939 1.95161939 1.93648367
 1.93648367 1.92786281 1.92786281 1.92786281 1.92112893 1.92018084
 1.92018084 1.92018084 1.92018084 1.92018084 1.92018084 1.92018084
 1.92018084 1.92018084 1.92018084 1.92018084 1.90218086 1.90218086
 1.90218086 1.90218086 1.89559466 1.89559466 1.89559466 1.89559466
 1.89559466 1.89559466 1.89559466 1.89559466 1.89559466 1.88174189
 1.88174189 1.88174189 1.88174189 1.88174189 1.88174189 1.86940077
 1.86940077 1.86940077 1.86940077 1.85975435 1.85934241 1.85934241
 1.8557323  1.85380437 1.84965359 1.84965359 1.84888665 1.83961129
 1.83961129 1.83269152 1.83269152 1.83186318 1.83186318 1.83186318
 1.83186318 1.83186318 1.83186318 1.83186318 1.83186318 1.83186318
 1.8235163  1.8235163  1.8235163  1.82056726 1.81558263 1.81558263
 1.81558263 1.81558263 1.80884188 1.80884188 1.80521164 1.80521164
 1.80381257 1.80381257 1.80381257 1.80381257 1.80381257 1.79841128
 1.79841128 1.79841128 1.79801381 1.79801381 1.79801381 1.79801381
 1.79801381 1.79801381 1.7950711  1.79479576 1.79479576 1.79479576
 1.79479576 1.79479576 1.79479576 1.79323585 1.79323585 1.79323585
 1.79323585 1.79323585 1.79323585 1.789694   1.789694   1.789694
 1.789694   1.78866435 1.78866435 1.77978449 1.77978449 1.77978449
 1.77707462 1.77707462 1.77707462 1.77707462 1.77707462 1.77707462
 1.77500403 1.76987868 1.76987868 1.76987868 1.76987868 1.76987868
 1.76987868 1.76987868 1.76987868 1.76987868 1.76987868 1.76987868
 1.76987868 1.76987868 1.76987868 1.76297158 1.76297158 1.76297158
 1.76297158 1.75836467 1.75655228 1.75655228 1.75655228 1.75655228
 1.75655228 1.75358322 1.75358322 1.75358322 1.74800496 1.74481192
 1.74481192 1.74139914 1.73943827 1.73537565 1.73537565 1.73537565
 1.72474684 1.72474684 1.72474684 1.72474684 1.71214981 1.70807118
 1.70807118 1.70807118 1.70807118 1.70600676 1.7031719  1.7031719
 1.7031719  1.7031719  1.7031719  1.7031719  1.7031719  1.7031719
 1.7031719  1.7031719  1.69173145 1.68932149 1.68932149 1.6867083
 1.6867083  1.68233508 1.68233508 1.68233508 1.68225311 1.68225311
 1.68225311 1.68225311 1.68225311 1.67967528 1.67967528 1.67967528
 1.67967528 1.67967528 1.67967528 1.67967528 1.67967528 1.67906804
 1.67906804 1.6705029  1.6705029  1.6705029  1.6705029  1.66744985
 1.66744985 1.66631427 1.66631427 1.66631427 1.66572136 1.66572136
 1.66572136 1.66572136 1.66572136 1.66572136 1.66572136 1.66572136
 1.66572136 1.66572136 1.66572136 1.66572136 1.66572136 1.66572136
 1.66572136 1.66572136 1.66572136 1.66189308 1.65956734 1.63974231
 1.63340529 1.63340529 1.63301782 1.62970894 1.62842513 1.62842513
 1.62842513 1.6248871  1.61962228 1.61691841 1.61691841 1.60592402
 1.60371243 1.60371243 1.60224697 1.60224697 1.60224697 1.60224697
 1.60224697 1.60224697 1.60224697 1.58423113 1.58423113 1.57922058
 1.57922058 1.57922058 1.57922058 1.57922058 1.57922058 1.57517817
 1.56708494 1.56708494 1.56708494 1.56708494 1.56708494 1.55153897
 1.55153897 1.55153897 1.55153897 1.55125982 1.55007547 1.55007547
 1.55007547 1.55007547 1.55007547 1.55007547 1.55007547 1.54571371
 1.54494116 1.53589398 1.53393279 1.5325209  1.5325209  1.5325209
 1.5325209  1.52993847 1.52818883 1.52818883 1.52818883 1.52813563
 1.52813563 1.52591855 1.5243158  1.52334993 1.52334993 1.52334993
 1.51019529 1.51019529 1.51019529 1.51019529 1.50737405 1.50737405
 1.50737405 1.50737405 1.50518819 1.50443458 1.50443458 1.50443458
 1.50443458 1.48903661 1.48903661 1.48903661 1.48903661 1.48624646
 1.48624646 1.48624646 1.48224189 1.4786787  1.46318823 1.46300884
 1.46123494 1.46099401 1.45698623 1.45698623 1.45698623 1.45698623
 1.45674301 1.45674301 1.45674301 1.45125405 1.45125405 1.45125405
 1.45125405 1.44726813 1.44211953 1.44211953 1.44211953 1.43947722
 1.42096111 1.42096111 1.42096111 1.42096111 1.42096111 1.42096111
 1.42096111 1.42096111 1.42096111 1.42096111 1.42096111 1.41900045
 1.41452198 1.41452198 1.41452198 1.41348098 1.41225788 1.41225788
 1.41140072 1.41140072 1.41140072 1.40974997 1.40974997 1.40489815
 1.40320041 1.40040504 1.40030368 1.40030368 1.40030368 1.40030368
 1.39952941 1.39685285 1.39685285 1.39676652 1.39676652 1.39498395
 1.38734343 1.38101714 1.37665699 1.37222613 1.35986734 1.35986734
 1.35651175 1.35651175 1.35651175 1.352214   1.352214   1.352214
 1.352214   1.352214   1.35185328 1.34924098 1.34924098 1.34924098
 1.34924098 1.34924098 1.34835209 1.34835209 1.34012275 1.34012275
 1.34012275 1.33190375 1.32892873 1.32892873 1.32731604 1.32731604
 1.32731604 1.3259821  1.3259821  1.3259821  1.3259821  1.32434559
 1.32434559 1.32174763 1.32174763 1.32077335 1.31861309 1.31446947
 1.31124169 1.31112476 1.30677079 1.30677079 1.30677079 1.30537797
 1.30537797 1.30376836 1.30376836 1.30225621 1.30225621 1.30225621
 1.30225621 1.29784878 1.29614829 1.29300953 1.29300953 1.29270219
 1.28939189 1.27926049 1.27926049 1.2760266  1.2742126  1.2742126
 1.26649301 1.26385486 1.26052195 1.26052195 1.26052195 1.25917616
 1.25917616 1.25917616 1.25887331 1.25837131 1.25463206 1.25234242
 1.25085133 1.25070147 1.24925538 1.24925538 1.24925538 1.24700032
 1.24700032 1.24628341 1.24628341 1.24628341 1.24628341 1.2410418
 1.23344902 1.2315861  1.2315861  1.2315861  1.22990721 1.22990721
 1.22188424 1.22188424 1.21800128 1.21545874 1.21101803 1.21101803
 1.20212068 1.20212068 1.20038379 1.19870672 1.19870672 1.17677571
 1.16984062 1.15646691 1.15563985 1.14617397 1.14012132 1.13842522
 1.13086891 1.1152026  1.10860318 1.10420193 1.09228631 1.08866682
 1.08574077 1.08145114 1.08145114 1.08037461 1.08037461 1.08037461
 1.07753264 1.07753264 1.0746311  1.06780388 1.06664636 1.06417294
 1.05802698 1.05734815 1.05589239 1.05564129 1.05521739 1.05514068
 1.05403855 1.05218137 1.05218137 1.0471967  1.0471967  1.0471967
 1.04693712 1.04631675 1.04311639 1.04162274 1.04151362 1.04151362
 1.04069301 1.03662142 1.03662142 1.03662142 1.03548988 1.03499223
 1.03495871 1.03455187 1.03451466 1.03373574 1.03373574 1.03306812
 1.03059511 1.03005917 1.02965785 1.02812116 1.02812116 1.0259288
 1.02516239 1.02349723 1.02074708 1.0179836  1.01656006 1.01622302
 1.01500263 1.01500263 1.01296766 1.0115721  1.01044382 1.00557806
 1.00437839 1.00432228 1.00215961 1.00077254 0.99933318 0.99933318
 0.9960802  0.99334134 0.99195389 0.99173064 0.99173064 0.99094813
 0.99094813 0.98693868 0.98674542 0.98540379 0.98190019 0.98055587
 0.97898126 0.976198   0.976198   0.97517088 0.97472225 0.97472225
 0.9731058  0.97287614 0.97287614 0.97233543 0.97233543 0.9710631
 0.97070281 0.97070281 0.9673527  0.96730156 0.96685818 0.96540082
 0.96462791 0.96390719 0.96157153 0.9591383  0.9591383  0.95623218
 0.95623218 0.95438512 0.95366462 0.95366462 0.95152861 0.95039351
 0.95024347 0.95023248 0.94990572 0.94672479 0.94661905 0.94257938
 0.94250799 0.93960096 0.93714283 0.9360169  0.93510525 0.93430669
 0.93374795 0.93374795 0.93374795 0.93263125 0.93263125 0.93153259
 0.9299069  0.9299069  0.9299069  0.92864664 0.92688309 0.92688309
 0.92589611 0.92301759 0.9222414  0.9222414  0.92169114 0.92169114
 0.92107553 0.92107553 0.92091817 0.92052305 0.92040819 0.92040819
 0.91771561 0.91719813 0.91719813 0.91550518 0.91550518 0.91550518
 0.9154661  0.9154661  0.91427356 0.91358691 0.91241686 0.91133416
 0.91133416 0.91133416 0.91133416 0.91133416 0.91133416 0.91109906
 0.91109906 0.91109906 0.91109906 0.91072615 0.91072615 0.91072615
 0.91072615 0.91072615 0.91072615 0.91072615 0.91072615 0.91072615]