[42.22556911 15.28853184 27.20774411 23.12577359 53.72812213 25.90804206
 18.61887315 30.7281995  20.66898274 24.42892388  8.31713433 34.03702018
 31.34064604 28.37314916 20.63265309 22.71116682 49.33531087 31.48384789
 10.44685902 31.14472234 33.70538066 47.16224483 40.81510713 50.72229216
 54.99330464 28.20069961 38.20926536 17.68932105 18.28154916 42.04331267
 36.29029287 35.88594351 29.29350484 23.73439619 18.70453444 38.93612204
 59.79047253 46.27332896 37.86477513 36.22548842 17.44906997 26.95441764
 15.94417721 40.76735175 31.5044062  28.65329817 41.43616516 15.63950165
 13.0665415  14.53153406 16.27928033 44.22552799  6.16222605 43.62630481
 28.67645179 54.28290754  9.46499429  7.92556941 23.54925793 32.41375828
 15.24357846 28.19305535 15.05493154 26.42579689  8.06264481 18.84726453
 13.93698409 18.21767877 38.23898447 30.34039217 48.76590991 56.51015816
 29.50414734 19.82934461 17.64462604 21.30085222 46.00934984 27.99456262
 55.92192541 46.49635883 20.55487307 58.38731857 19.24542657 51.89474572
 18.06908868 53.03742457 31.64909568 42.21848138 12.25418507 36.00064786
 21.56850224 37.25065655 24.72147921 20.2071878  40.07457658 40.99333259
 19.22238587 11.48165958 50.32223811 28.50475264 31.54479111 17.22851064
 51.16774083 41.75992822 41.90152181 50.36058644 14.487268   14.70703008
 17.77497544 35.01158747 52.34655084 29.59156964 22.08049476 37.59861374
 35.61538149 23.61684676 33.814801    5.12328816 43.31183672 30.90011315
 20.54386162 11.74937602 37.85020136  9.13215055 41.33353951 20.12614449
 23.33059113 25.46916646 43.43902471 35.29815435  6.08788649 53.94705864
 59.69574015 16.30268806 16.24979949  9.80285265 45.24134734 28.03942159
 53.85921388  7.447753   34.77298114 25.35648808 23.93297703 45.41076108
  7.37819425 43.6230535  27.51800582 18.07108384 19.17210802 15.26064161
 27.35846678 40.78835111 18.37680587 10.62030416 36.80677289 27.98030773
 48.57312736 30.24860249 11.98015222 13.10501141 47.75950569  7.18678157
 39.72838476 33.02785332 33.36268422 45.19490519  8.33089232 18.73092448
 19.88892962 36.65569889 30.91328169 35.96195506 34.45400286 17.50273761
 32.34516831 21.10426143 18.90806669  5.92903263 14.04561168 37.43496887
 16.93701007 26.28230459 17.2663817  32.88230543 37.43620655 11.98630651
 38.98715283 24.91581392 43.23776695 51.59705716 41.69003531 26.873235
 43.28482806 37.94767105 28.33448207 40.0783501  44.54234331 26.18196072
 33.14787571 25.76406952 17.48571341  8.73850703 16.21849028 12.66968044
 45.96858261 12.71590305  9.94800014 27.65566398 36.46934377 26.72077364
 56.00408408 11.54069325 57.43537424 32.38561052 29.0271114  18.51703885
 27.81925086 29.57587837 41.60637148 43.23893666 17.97892905 14.16024402
 17.49541966  5.67215909  7.48316636 22.78174424 31.72461227 33.39287049
  9.6775906  13.51127236 16.88519714 21.86088749 21.79149765 35.43485475
 39.57207977 39.21362567 16.76551788 48.98775874 46.18420291 26.70829975
 24.41250556 11.63513736  8.93973277 23.94910379 24.89640943 31.31575011
 49.12252372 20.64552876 14.22444176 29.03887244 15.98188421 33.19636592
 31.80527999 28.46270188 25.3858327  47.42094142 12.54105824 35.54096299
 56.8877502  21.3872837  21.32288981 19.33000965 12.72627845 24.3692195
 55.40238374 58.89462455 39.16723256 45.39665473 31.01537703 10.15444916
 40.09474989 46.61917988 32.65716246 22.65700076 56.83509288 26.93971736
 20.67069068 13.94003024 22.38955944 32.58953319 19.58995078 42.6287798
 43.61314804 47.11638607 48.61887215 26.56897026 15.91468875 34.77226787
 26.3032243   7.02998796 19.40636109 10.71693312 22.65408073 44.31245855
 54.45841078 43.67260528 41.01567481 36.71298526 30.41322551 47.54110187
 21.00511629 56.60998973 42.27355901 29.31420858  8.70544875 45.97208245
 37.69917994 18.76138334 20.89289834 43.57789947 36.59558489 21.73645613
 13.87704731 58.36438499 20.57975264 16.59422399 31.01164242 37.26804864
 44.04473027 51.63039912 13.0317706  46.01385323  7.52783278 59.95964073
 34.67604493 30.64118211 38.7442246  48.55493923 16.2976044  15.63885464
 47.52850001 49.79248904 33.43824015  7.89169482 31.01827741 33.46587453
 32.22047412 27.36980706  8.92410485 47.29450913 45.0420286  18.76568434
 18.04172225 52.5274604  11.84552489 26.79946684 12.12783405 24.23654457
 54.25263026 39.27880623 36.69800468 30.72235309 19.36493058  8.30404843
 57.31989235  8.21517581 39.75680505 17.38576142 13.18807481 31.10417138
 50.14750941 33.26691199 21.01555658 14.04039454 52.34499862 33.02052148
 18.33512366 55.87461718 35.67372057 17.01886345 53.41180688 27.45079934
 30.2641042  11.33793233 36.03526786 59.0383245  51.76025942 22.09024808
  8.59059985 58.98502534 46.57958743 22.20393167 10.61898634 36.7877783
 50.44557734 42.52616523 18.28164532  5.12218218 13.32676713 30.20693637
 12.27558892 35.87541714 32.27891344 27.21203404 45.65478455 59.33864521
 15.76475889 46.83796599 35.99738538 45.86891994  6.49784903 33.59965966
 26.1599172  10.87698032  7.2216708  18.83280143 43.12545733 18.16216828
 20.06499144 12.19499135 56.99129542 13.81245413 39.50209208 49.31257254
 27.16384778 29.38027644 28.32948082 45.720676   45.58302171 30.70877227
 42.63599141 39.16197054 42.01892085 37.60849494 39.46637896 21.72583712
 40.6538268  39.16393451 39.26036496 45.76791246 10.01169947 21.86034615
 43.50140078 22.76161404 37.31316089 29.5254893  32.79591991 26.22798545
  9.90776459 20.43729046 26.48992075 43.53336912 35.79519794 14.31003142
 22.97473223 41.61423633 12.73696533 20.58409939 24.56967836 11.88642871
 28.66196286 19.33190512 24.25153772 29.09905763 31.56668494 19.8498739
 29.71572767 48.55690228 48.82836167 16.64394451 36.38673148 36.63368901
 25.88686812 49.51990976 37.72002725 26.22623188 30.68298176 29.69388182
 33.89665802 49.04681249 26.20916592 43.65852518 21.8483131  10.60297384
 13.36953432 25.72500859 27.25738764  7.30086926 27.92054255 53.13150911
 24.18593628 39.80374112 50.31202153 53.64651048 47.10655416 12.79561044
 27.00072521 27.45518922  9.70196735 21.59982539 45.7987368  13.22045377
 34.27951889 48.62844336 33.74503637  8.6461732  48.36481757 47.85571271
  7.50316244 10.04550833 42.86952905 53.64291257 57.04239625 19.28816435
 38.10419657 39.62342683 25.68750053 28.08983043 59.20996523 53.34939568
 48.18449034 21.32249327 11.32475985 12.94964502 51.78368282 51.9083228
  9.07632825 12.61884119 49.02853193 21.67794828 25.19698189 11.51103898
 37.20833485 52.88899341 37.72539514  6.23702024 11.82397299 45.45670965
 29.8293886  19.56982533  7.58146103 39.4379534  17.0133755  35.73085453
 20.17409798 25.23976678 11.36122995 10.0666785   9.07501205 42.6800418
 12.9797745  26.54871541 27.51537055 40.08298115 24.47149072 45.06057376
 37.94495385  5.42203293 47.17816516 14.22368273 42.10685781 38.56883164
 52.91348356 40.18837355 24.94453081 20.67748047 50.11328875 27.49733831
 14.73552294 12.33299226 35.61740423 13.03586565 29.31105562 26.86291327
 41.3940083  58.21914205 32.09230308 10.26379741 19.82954979 46.33104229
  5.90148681 27.99946491 54.09934907 36.59329276 23.39604053 31.49859799
 49.27646543 36.51700876 19.47138111 27.55809197 33.86380754 34.62648245
 29.64511335 11.95388795 41.29386117 40.54160494 23.1237528  35.38473554
 11.70356302 28.73525931  5.26417223 33.53162541 23.00992698 39.78918348
 20.58818596 11.12557784  9.70623675 38.84869499 13.17187697 43.62425662
 27.76434845 43.8194261  59.62523758  9.29685276 55.42391251 21.26224508
 28.28014863 57.63970179  8.17828294 29.73017002 24.58766267 17.14026362
 53.86399857 23.08219234 20.3778281  15.11104066 15.26008945 25.70177826
 13.78318853 22.41928051 21.24496611 17.83401277 22.83271503 24.93412741
 28.35489451 17.30464174 21.08141207 55.73775504 25.89019753 40.97995208
 53.81142967 17.27205058 48.76941334 49.45616933 10.14204453 15.13190285
 12.1290963  24.71884555  8.01375692 53.90720815 45.87771305 12.47586708
 38.60570198 22.87192493 37.40672613 28.41836974 57.40185528 32.88640048
 48.72855136 28.05276768 29.0702488   8.82919993 54.01755194 29.70382366
  7.16709676 40.50519373  9.91263168 25.94770469 23.35195633 18.52958786
  6.60751938 20.6655245   6.6992434   7.12600557 48.95060455 14.80692561
 10.34886015 55.45536951 20.42259603 18.84103373 21.91183473 26.22458835
 50.1056302  18.40695815 21.78037969 12.11202053 37.11748542 24.84311383
  8.82668175 40.00242498 40.49858666 31.30940956 17.45004756 29.35183156
 29.94544984 40.35580159 55.07163425 35.14238909 20.60074712 20.82820972
 58.79969133 39.09366901 34.50446902 35.98309296 13.2015967  29.63416193
 48.35448602 19.99619242 22.69748195 23.92074684 37.55892902 31.28628203
 32.55855854 16.17261226 16.15909812 12.94581653 17.33978296 50.40171863
 27.1051236  20.27292655 24.92655674 36.89100564  5.71996999 42.04966352
 35.14992172 31.57036005  7.9973428  17.38489839 20.96088797 13.85057771
 37.89156067 31.97958754 23.44335031 26.61466436  8.19831666 25.20606859
  8.51834899 15.73760684 13.47111706  7.04770807 18.40553401 36.20701473
 28.74157041 51.91773098  7.74402724 18.05075265 17.00774506 58.16450391
 24.97980588  9.19680122 20.39901034 11.31174138 20.13273043 40.37482955
 16.716234   53.16654956 16.49150406 25.80441033 52.03479604 28.69381284
 34.49443018 45.43709477 50.31099833 50.24898497 33.54233954 16.85214773
 29.54034634 42.7442585  43.07429669 23.91967237 10.96980718 39.58765387
 13.10219673 52.39628078 16.41259273 42.8818152  23.51699755 35.37037838
 19.94872392 49.12564191 23.42228757 34.4979425  28.75607414 15.64603893
 38.11997101 17.94161568 31.5952083  57.37866952 20.69781685 27.32197001
 35.92292442 42.8058046  32.07416262 10.50958451 29.06925316 35.8253705
 22.67436762 26.17222818 58.55377106 16.22968161 13.10716818 38.08370006
 32.01541717  9.48719032 18.93317791 46.67871516 18.85105014 30.64190684
 31.86758668 17.2520549  13.57250064  5.55811464 46.68312187 28.52000082
 23.37307392 13.79818592 40.77617815 45.68020353 36.14245978 41.51938604
 42.697088   31.41090654 11.64658603 51.43289711 55.16428835  6.65311468
 44.58157386 23.36674336 11.98504711 13.62438492 30.64228243 50.59094647
 56.31941208 20.446598   45.64778667 30.87832041 14.39440182 18.64393836
 23.4607468  35.64856184 13.71152872 21.66491192 48.85586954 51.61705893
 24.39007456  5.52137579 26.63707401 50.08043779 23.69949909 43.82677017
 25.07829442 35.52813726 34.5768004  44.99419926 40.37666859 21.83031664
 20.08404362 20.50091926 27.04327135 41.79952146 35.75683735 28.02601036
 46.76321004 38.69603388 31.51254701 44.28037288  5.39114482 29.57356956
 27.28190504 39.21057217 13.95555408 16.06450269 25.39819779  5.1961253
 15.7210484  24.46025272 32.14008624 24.44682101 42.17981356 15.38445139
 52.351845   36.91954168 55.16941563 22.49903029 30.26303395 24.78362792
 29.19029465 30.23088443  7.49359363 23.2386739  19.0211452  23.47303406
 30.71905223 11.80697363 47.48194726  5.51589027  8.23107275 59.27933464
 26.45599502  5.58579564 54.83874338 40.24353763 37.10651977 23.27884848
 52.43440723 28.81845485 57.60313814 14.43611515 27.02761452 13.79116808
 38.06050784 39.82559532  6.54002684 28.79558545 39.916867   57.04581596
 35.11060021 37.51953271 29.70410288  9.93915604 53.80928675 24.65988541
 49.13909781 29.34204901 41.71533966 31.235262   50.10578902 20.69136979
 24.91756893 36.38337673 50.86654208 34.95730441 36.94661463 36.23892135
 43.72806877 35.60138308 47.97605284 22.58979804 39.06370395  8.34193728
 26.66623344  8.42139882 28.25063199 53.83687796 15.96358116 45.51676797
 28.82375274 13.30947046 29.99111811 41.95605959  6.15583758 24.16592628
 45.89140296 23.52042052 15.19352733 31.11129689 24.15060727 20.23612633
  8.85752777 27.66521327 33.08500071 20.07052973 43.94306102 46.2724432
 17.52874525 20.73050615 27.20840225 37.03583816 42.08219128 30.70347328
 10.06784328 28.60132068 12.73912105 26.31620834 56.74234605 26.7430719
 23.5593629   8.04905131 50.39911046 31.17038003 19.87425984 42.53489857
 12.51409734 11.48644427 42.97783731  9.72355048 49.27243356 30.32424451
 24.65920652 36.57399103 18.15922875 59.50777233 20.2260703  10.75397855
 45.77586633 38.2613164  49.65203305 38.04556413 14.32313394 26.37980342
 14.35951051 50.87292267 17.6902346  18.92393831 23.87755949 48.18108879
 59.65813485 39.71056844  8.77243027 10.0484921  17.55107204 23.81137071
 13.96193802 22.83437391  9.51751151 12.05077949 32.33792073 12.39404086
 48.15957998 59.73396637 30.20926357 25.83548862 35.05942809 27.13330329
 55.39852023 37.79016805 41.85771883 21.34361628 32.59257629 13.03039385
 58.32187931 53.39865252  8.78447668 44.27809489 51.88823056 41.46651514
 19.9717484  24.26166592 15.68648276 15.22249081 10.3818608  16.56279669
 18.05662984 18.65558454  8.44548756 16.44887482 26.39126149 51.06972992
 40.43288461 20.45562515 20.70527544  5.90713493 41.27517242 28.03485618
 11.5242371 ]