[27.10546559 16.74883018 16.56267465 40.54095817 26.72293679 29.86384618
 14.30814487 12.46814492 18.6437297  11.30697642  9.75446543  9.38807265
 41.30615459 24.99927762 19.38752984 11.90197871 12.72848641 28.77601233
 34.19451895 13.9307487  25.5111878  13.20936298  8.7982522  20.49946472
 19.30092543 15.20482864 25.27146709 26.59134757 18.81290089 23.67788059
 14.02640344 29.4315424  11.7095883  33.59814429 22.80502696 23.67470329
 51.94499574 15.61503543 25.33378049 11.93567479 13.14185972 21.91269218
 19.30951329 17.66628407 22.2100859  29.81240628 11.58015078 11.93571984
 19.13837318 21.51827215 40.21516522 13.32561957 30.79828176 23.16908046
 24.35541826 25.14364458 39.50239262 14.37549467 29.38869573 18.90544465
 20.45859819 28.15205552 16.45143973 19.05891608 14.82229695 16.19930445
  6.29822261 14.89827433 27.17944473 23.78949242 11.31436269 24.52361898
 25.7428079  25.3268536  12.64904987 14.96040095 11.40573416  5.19303018
 13.99927224 19.96674384 30.48303235 12.27364915 14.47553917 26.36526174
 18.48568282 43.20479979 18.88885579 13.98543488 10.0947015  21.4645478
 30.74493955 36.54090034 22.18183687 12.48740703 32.19145047 23.34928492
  9.59726791 35.71005956 31.80522565 32.47299973 22.83841191 27.51252935
 17.68439277 32.65302284 22.88846382  9.89970007 14.62682918 15.38267705
 30.91782434 21.76151627 19.90279079 25.90745405 28.29102042 24.11903225
 24.10429287  9.07982949 30.95738015 41.27544823 13.22197538 11.51625268
 46.90817802]