0
[27.52688855 17.50728561 14.73294952 29.13091575 21.81259911 27.76577924
 20.40466634  8.69876598 23.43637521 11.46729488 20.59128731 15.8871262
 25.87219958 21.55201245 24.49890862 23.53708335 11.15856067 16.68466618
 15.22315985 18.21059879 21.61628345 28.19620743  7.45583312 26.75177023
 26.8368782  21.45094032 25.61643459 31.74404125 22.34214774 29.89056659
 15.78812505 23.94677128 12.36129352 27.29132063 39.29384302 35.41039417
 18.60653502 37.06156973 15.48048836 28.90380813 18.18479911 22.95583119
 22.57059    18.94085899 35.27584625 31.14140218 24.93708044  7.96492761
 18.86660248  8.27027374 31.90318802 16.99273393 21.51778163 15.59008697
 21.85040841 23.92720934 39.16455573 21.80683301 30.03776911 16.27555268
 18.03641488 26.20349985 19.13046178 32.96982368 15.64755627 17.55646831
  7.78295173 22.96347784 25.44030747 27.5793546   9.22321415 12.45910525
 15.85080103 22.79092683 16.30790849 22.3002319  25.26662061 20.42968476
 21.7066481  14.0431221  24.80180324 26.89830696 16.61519527 19.2650952
 22.67730127 26.43448904 26.63396538 21.46389018 15.44406848 32.78997999
 20.16484613 18.69178918 19.35537383 16.31866496 14.14321676  9.82961371
  9.45084866 23.20349451 13.12435851 21.40325009 27.38969398 17.37085149
 28.02180519 29.75022464 20.18275419 10.76040473  7.57470144 27.77384319
 37.78689235 18.24163536 25.59151103 14.45473592 23.49197186 28.1693659
 18.3271354  22.14894453 18.09852253 39.41706206 21.62393161 21.07019583
 20.66684009]
1
[28.19762942 15.61796024 12.9133467  26.03009159 35.13664162 26.49210295
 18.25022202 17.98964285 27.73062155 14.32425516 29.03809523 12.16176076
 16.36862874 24.05313872 25.18489992 22.99317772 10.00315503 20.83078492
 21.48092331 45.91904984 23.31501494 10.10256947 10.59594186 28.40537034
 34.62144927 28.56672099 20.64640774 29.28637883 32.37946523 24.84182397
  5.71909858 26.23115042  9.41962056 25.76016373 16.99581165 21.31990577
 19.24531486 11.76999836 21.73714306 22.86355573 15.63499213 21.45673024
 16.48795068 17.44441283 22.26475414 34.75349448 18.64261294 25.31841409
 34.59677853 17.53314318 21.61083447 18.42772839 22.59644968 18.00656484
 18.85040505 19.43297775 29.59593361  7.86482616 33.7121115  13.86814208
 18.8839205  30.52487132 34.4914732  22.95421755 40.90717622 26.90466979
 18.35129666 20.71515406 26.30302842 30.94889656  9.99349816 23.48420593
 15.47232173 13.76423337 19.62473906 10.90497906 26.08064322 25.26730034
 21.52220641 29.05939604 25.31917477 17.58102331 18.47009187 33.61443836
 31.45117571 11.99541439 14.07264969 22.23016181  6.85055222 16.49367591
 11.55298042 18.76604519 36.4889151  29.08083039 24.7557578  21.94713617
 40.03274227 15.88605036 18.47183564 37.90052357 32.3670637  25.40637186
 24.10442336 29.45642352 15.70292761 14.03721494 23.58584285 28.24848838
 22.11013261 12.50550153 39.16545648 28.17205667 26.44230615 32.51238385
 32.12181733 26.13505973 32.34954487 28.819799    9.40468119 40.33636787
 13.56160676]
2
[26.20580753 13.1488951  18.94299802  8.7893015  24.45723609 13.38225153
 11.60010598  6.01070845 22.67415859 15.7936229  25.15275239 31.82897627
 20.32889925 11.42027023 24.8007323  21.8130015  13.84566984 30.72626342
 18.48181581 29.40620774 23.55107621 17.9238031  10.32309682 35.11593751
  7.37074733 13.18187112 23.71056569 35.54375762 22.8096802  35.28614272
 21.19056303 19.40035386 13.89747758 14.30497359 16.29255678 20.74800105
 27.55119917 13.21026755 42.42295793 21.57248865 19.37729753 19.2625639
 29.11921911 30.82042037 29.94937969 29.28057693 14.32853861 32.19185302
 14.68891493 28.7509449  22.15830337 22.03550933 20.32777445 16.08311713
 22.896378   23.98630653 29.95584559  9.40455621 23.97339105 14.25526883
 15.43631632 23.12031193 22.429508   14.5677961  14.42422537 22.82565284
  8.45228838 27.04734575 22.1071043  26.78720103  5.99652515 38.7506665
 30.00313295 18.73069113  8.19602008 16.58890417 13.6329484  15.80896363
 15.3189321  24.52487103 37.99058894 30.32008701 23.32865642 15.32425761
 21.07500169 15.2499491  19.61325113 24.89335275 26.35742802 22.38999002
 22.8624364  15.45613952 19.76506523 38.21981181 15.51397504 14.44473144
 25.9684264  25.55015105 13.62423626 16.50092012 23.4060988   9.6967899
 13.10151665 27.98197502 20.05063073 13.1918145  25.069081   15.39186461
 14.6199412  16.87045336 38.41613668 21.83618379 41.13155502 20.38372192
 26.02686299 20.45194227 17.28403504 27.82263788 10.98515613 16.90879792
 25.65478762]
3
[25.2746967  16.26458541 20.28816783 19.86265214  9.31605751 29.34674224
 23.80171401 28.1495465  26.47514171 20.10761013 17.93011713 23.03907821
 26.33828203 22.03328511 17.05835952 26.67762967 20.98775858 35.40974601
 35.02459649 20.99079529 15.93805062  8.40533158 14.64141199 28.40056149
 12.33247961 14.43408226 25.58437742 19.16638556 20.30816818 26.18622245
 19.46378381 19.5313046  14.02591687 14.94328221 15.81609533 19.93878992
 17.77479823 17.921671   20.46324623 23.6199571  16.80242496 21.97369129
 15.02183267 16.81608076 11.12314129 18.4712506  28.05120353 14.14517765
 20.09468296 20.7105431  19.23458454 24.05233083 20.64593096 17.5866889
 18.11209033 18.34237028 32.70945824  7.02912392 26.44798385 13.72723477
 16.70908754 22.54491382 22.42843959 17.27280322 12.95621158 16.95343947
 10.8126975  11.06950138 25.27051584 18.18070433  7.04425517 14.71250268
 19.55225453 26.84119289  8.48577136 28.46303519 19.6774084  20.79084016
 22.04938171 20.74593971 25.82080056 16.83706219 28.95524435 15.04130928
 24.34563326 13.26840385 14.29975506 25.2868069  17.62523483 16.01803784
 16.88616345 26.69375195 16.88071699 22.43647889 24.95001461 24.52470883
 16.72130967 37.07815298 19.77929546 20.19605623 27.73466156 33.46483857
 23.74772906 26.04492409 27.26014841 22.52815149 18.45028503 25.73414402
 29.16967469 20.37604264 14.37747709 12.60639835 23.1276344  26.33107846
 32.19862958 16.96528656 22.69580651 30.6194253   8.30535368  8.99704968
 13.8051657 ]
4
[23.1083343  13.62070339 12.03487633 21.72209159 30.02959783 30.4010867
 15.26813064 19.97378615 23.12953035 10.52786079 34.33342241 12.14865884
  6.94689045 17.29756964 17.49271029 20.599755    8.62187961 12.84954466
 28.47744085 26.85290198 24.4981065  12.09598952 11.8051311  34.02786861
 16.77231845 20.10578225 19.50007242 23.8243448  18.57627354 13.33104425
 12.96945485 24.92320503 11.16152723 19.48051712 12.55524214 14.65080967
 26.13944762 22.81544916 32.09793924 32.39723072 31.57318779 28.3751721
 37.27755416 26.24364775 16.09723271 39.0027451  13.2254744  13.00434068
  7.33681278 11.88397264 21.00217785 30.88659023 22.10558467 17.29061662
 21.85413381 24.77709211 44.68157835 10.12175509 21.23802759 12.63162169
 13.80157574 20.29928935 13.19161104 20.3953466  16.85593216 26.34628821
  7.3479065  14.91038692 17.5841992  24.93821963 13.70973525 13.83480812
 17.46576548 10.97982276 10.10193541  9.66780993 12.0027635  19.83880768
 12.90965999  8.5797553  13.34375329 19.95972054 12.59646449 10.30224062
 30.95909268 14.91316701 29.83297274 25.0752691  27.00434383 11.56466822
 12.13575511  6.48436994 33.95617542 29.84456834 20.45865807 26.08177001
 12.36830689  6.55872762 19.32009109 14.50464312  9.65035178 19.38880373
 41.01981729 16.83830616 17.10066004 11.56488843 23.36984988  9.26358869
 16.61144934 28.1954578  24.66942961 25.73642062 38.32298447 29.92077098
 18.38184912  9.5639222  21.26997118 34.59355724 18.92275323 11.88312205
 19.03509071]
5
[41.4387655  22.9660426  36.51385289 19.80845486 35.67014736 28.87444693
 14.67015338  9.21183531 30.9182297  19.49686881 28.01376179 17.85173991
 17.72371884 15.87594432 42.98999584 35.82740222 12.53490221 35.50729419
 27.73136294 31.41954472 19.10125106 17.91159889 17.08811385 32.32333892
 20.34970362 34.52692164 36.39538147 35.08208802 17.99095177 31.62917979
 11.20030767 31.71339758 10.31215978 22.35942789 16.79183897 18.72687276
 25.36435774 21.42601572 20.02633251 20.73383727 10.69031917 27.94377934
 30.40058451 24.0848604  34.77479714 34.86680328 30.4996368  15.4517104
 21.11056999 10.79494488 41.26502205 47.9376906  26.61744794 17.79076234
 19.55777185 21.29159543 50.06323727 11.05390308 32.86527999 17.34755577
 16.84202298 23.58683371 19.75991826 34.14974391 33.0021277  23.68516058
 10.62999622 17.40251738 30.26259527 27.3094117  15.24995253 22.50852843
 24.19809157 22.9513849  31.16616572 12.30468049 11.18053264  8.70512155
 29.38917662 27.07071399 25.96639907 35.29819492 18.44601765 22.50274814
 28.00726708 11.56562608 10.48758511 16.1842129  11.79854342 31.88753774
 22.09127625 16.75130308 19.16591024 17.94112598 24.61221593 14.28439363
 18.92478405 33.03014161 21.54590818 12.29627665 18.01989738 48.16709048
 21.98005373 24.94574464 14.46887432 22.54330332 23.84001863  8.99394826
 36.9407679  14.90798533 25.96871632 41.08631697 23.42960027 28.96456628
 15.35796858 15.63828119 22.33646211 42.03895928 21.26064544 19.04129464
 21.78550949]
6
[23.19165277 15.58407293 21.35242135 16.04386206  9.79813206 50.0832229
 43.81913822 13.12952956 26.78307313 14.91211113 41.46449245 24.82892836
 26.68278207 13.41767663 23.15851163 22.7829728   7.77597796 19.94578061
 34.37343163 20.44970434 46.26693463 11.33641243 11.22385715 24.28888644
 49.09185522 12.00019321 15.57903212 27.88345256 11.25390787 12.05275163
 13.20623434 31.24992204 30.82116193 31.01249979 24.08384535 47.34564929
 28.42230197 22.11345127 12.37309131 18.97351022 17.16278877 35.35094357
 24.92053393 26.72746331 33.25773907 13.09241941 21.43122928 27.18363244
 23.97706473 27.27299311 29.76057943 26.98243406 28.70469886 20.50181421
 23.33382357 20.11358675 50.03124599 14.10209112 29.81969437 11.95531737
 22.27367106 28.61322376 14.57050221 18.92889697 12.87954778 16.764414
  5.91052747 28.33459429 32.55603435 20.39230489  6.46227771 40.83864292
 34.57489394 33.55690699 15.07105488 15.35644396 17.95079499 19.62255404
 25.9668854  24.00074177 23.56083758 31.87398058 12.4846022  36.21061191
 34.19520467 18.02218866 25.35048166 13.03403831 21.54398209 24.64933585
 12.39758906 45.23201903 30.13724851 15.09335347 23.97485934 35.5833347
 36.2500672  26.1107751  13.20771441 31.12653548 23.97855745 30.12080497
 20.79743373 36.94543129 16.34202206 38.5425629  15.76746453 33.91307306
 21.25873933 20.05181117 25.98708432 15.51369959 20.82985642 13.5248644
 22.85482884 20.3219013  28.603155   31.14489221  8.10955525 27.65141148
 25.74215601]
7
[22.99453856 13.49762399 21.05052407 19.1374566  11.1210934  28.4273885
 26.13339344 29.66124841 32.15646812 17.23220281 11.18379127 28.65918938
 11.26766292 13.72210616 15.89887253 10.5012713  15.20772388 16.10781312
 20.09938091 17.40963953 16.5460655  23.99243359 15.30683051 32.1402827
 34.09060407 14.11497343 12.97309615 25.41333143 24.06469295 16.92794522
 24.6915292  17.77702826  8.98355465 18.59326509  8.0551842  29.02501792
 30.04021561 27.57894909 23.92807239 14.5541158  13.52236163 22.71113237
 19.95512557 18.31345519 30.70924068 10.74276728 19.31331152 25.4964957
 30.81601035 10.69054031 18.26834243 23.56270053 19.74424041 18.07423802
 19.76966878 24.40778079 29.15754517  5.9094324  32.57003526 16.3592375
 18.62119061 28.99753455 23.10839936 25.87076063 14.9987387  17.0510433
  7.32533132 25.64429292 32.11938429 25.14133185 10.56249345 21.58451479
 24.21742462 24.136341   18.19718793 16.4761321  11.71033686  5.87691619
 12.30785386 15.27076303 21.09229882 27.41551463 19.75898746 19.76419828
 23.96842419 27.3844833  18.95380933 21.99433754 33.35542928 40.93916425
 23.71664321 12.81575755 26.81075872 12.39702405 25.43961647 20.24194865
 27.02354602 30.12973543 27.23065264 20.35707705 22.40302196  9.48813486
 15.94156395 23.25573781 17.05919261 13.42632131 12.79198206 14.94273177
 16.15362431 18.93919372 22.7578212  20.07223284 36.17040234 21.9327262
 15.33754538 19.66817326 37.45516243 46.46202227  8.53532556 25.79869802
 11.21171843]
8
[23.54425874 11.60332793 28.33766691 33.00717489 28.62900184 22.37781779
 24.1056459  28.63557081 26.80888289 16.26896698 18.37474055 29.99712125
 22.91398966 14.88550683 17.58986471 28.33839976  8.56085266 21.56077165
 11.93302882 25.42470613 23.08620203  7.89578648 13.65354487 29.83342279
 35.35282584  6.43654348 13.76194222 18.50802519 18.37892689 14.66598823
 17.59546935 28.63108865 14.52997349 22.14273078  6.04624451 34.64637079
 17.9074784  30.19603771 17.59126819  9.23785338 16.97004078 18.88762184
 17.46422583 21.91110491 22.09644667 17.72140246 20.68943611 19.16580092
 24.94212314 15.65432345 13.31197476 28.96766541 16.9651011  13.7366298
 23.54166822 26.48467412 32.02161425  9.16156697 26.29537143 16.9943768
 17.54078237 31.68072844  8.97697864 26.88648799 11.83216084 24.12470566
  6.08168923 27.2519323  33.53968773 16.95595605  5.95164333 23.19578321
 23.02799301 10.58983188  7.26803699 10.81283524 30.51067171 17.69518005
 13.96543223 25.16763716 18.01164129 22.57507937 25.4463574  18.22153795
 32.61524422 13.18336113 20.43140325 15.00435569 18.0097712  17.71691605
 20.44811558 11.93827188 23.01698006 31.71295706 21.02138755 28.20242572
 20.17278267 22.69970829 26.53863181 35.94582781 21.58612908 17.25811007
 12.75867775 24.35222049 19.56531214 15.99318761 15.49962737 19.62418546
 22.31011196 12.5981787  17.50929574 11.25096779 25.69336681 14.82801515
 29.80903481 30.1702172  20.71315709 33.08019366  7.22314916 18.49295521
 20.71109887]
9
[24.74187139 15.37839111 26.75187615 15.6508814  13.20857921 40.2875407
 29.5171432  20.86728198 21.92005643 12.73004602 19.75613614 16.35541848
 27.45862219 16.54411604 17.39485972  8.01205839  9.0381391  12.89545743
 14.38615435 25.06303728 26.58621665  8.44852775 17.87838284 29.58095838
 10.58716011 12.73916171 12.81898776 37.48887483 19.59818354 23.81439313
 18.81568162 33.121008    7.10725289 25.3497428  20.98292915 18.13398456
 18.56891757  8.56737667 14.45400853 14.855891   15.63225569 27.42246968
 25.57602189 18.18179564 12.86933697 22.96364732 24.46694829 32.95468177
 11.81551929  7.22385234 17.93320688  7.36373506 21.57121007 22.55011274
 22.61553165 21.3470002  31.93227505  8.19867031 30.96729274 21.01205655
 14.3825655  20.86138551 14.21793465 13.43683817 29.56729315 17.54433279
 19.10513391 20.7574653  16.67013273 22.85830891 11.20686798 16.76648388
  6.94422168 20.67248341  6.7580938  25.17500723 17.25253144 20.66826849
 13.30444883 17.73516575 14.21607945 12.04322352 19.48444073 22.98680289
 10.77153596 14.94829736 14.07702796 27.5384483  10.86199182 17.84860953
 13.38108226 21.90106984 20.79625941 15.35378606 14.92628257 25.97518323
 17.80218047 25.07739637 21.66793222 22.48317723 20.90909834 16.58565775
 12.79425751 17.97124388  8.99901569 13.64557913 25.36057407 22.8524942
 19.42479007 22.81057822 14.58909187 18.43111464 31.18023526 30.04321579
 24.7399208  14.4734493  20.86478142 27.29475032 12.53065419 10.65221606
 29.95422952]
10
[39.5097109  19.99784215 19.57315931 31.0044216  12.04983624 25.32521111
 15.76891476 10.4517081  27.02680581 17.93779672 18.1381696  17.15659873
  9.85385962 18.37956399 45.6796348  14.89728268 13.91780625 16.74773172
 50.22852904 28.81300459 22.91624973 29.9968068  11.67350895 30.02143295
 23.8901161  23.1295077  20.86660394 25.70762583 16.55691587 16.54146964
 14.82000286 29.55256308 15.84703267 29.83127666 28.85262502 17.37855182
 18.64430182 27.05885515 12.90708807  9.94913731 11.03870557 14.45157694
 28.08788653 33.96915344 10.80339889 24.65823182 25.66625352 22.65189211
 24.21355783 19.73692274 26.42824801 30.51482192 29.51413541 22.7636836
 24.31626017 29.85051024 32.67076528 14.03104704 28.9831174  14.60509057
 17.16178875 27.75253667 28.87330338 15.09942572 12.25314582 27.00386942
  7.76315792 25.62410862 20.98910282 38.79630451  9.77562117 28.01452691
 22.13188247 30.5155559  27.02101976 13.28164298  7.14673043 22.13767724
 14.99956896 12.50238096 12.1899331  23.18080831 19.55992847 21.17908392
 19.19072219 32.92039931 18.56630093 19.50305016  8.66217611 34.72443544
 32.93426936 27.42975403 28.5037198  18.22440195 29.3107457  16.97352716
 25.23267465 26.13648009 24.15558082 23.75505787 13.43106749 28.10185428
 27.81416595 21.29079138 10.90010995 44.70759025 33.6657942  16.37410443
 21.12791064 39.94182511 24.81654582 12.60897322 11.12820628 10.02132654
 14.07013438 20.18417248 23.3343353  33.66135205 13.58055169 17.12236724
 28.13601703]
11
[26.03209026 13.7159392  15.14348849 25.70347993 25.14133089 17.8037034
 26.46628602 20.16553797 25.94058071 17.18860727 23.39652954 21.88899362
 24.47503459 19.61291104 29.40345576 16.13000523  6.13009567 10.17722751
 27.2661993  26.95087931 12.87118323 12.12332467  9.8689126  31.99246428
 17.17053655 11.9816649   9.82989868  7.82637602 24.86179645 19.24883969
 11.30013096 22.80925271 14.1052753  15.63947757 31.65678746 26.79581349
 25.35504526 27.67932095 24.96500221 22.60830768 22.65965537 20.83850071
 21.94210212 22.22450009 19.39922866  8.20961857 26.0793785  28.60645154
 16.70128476 11.32875842 17.34047541 26.12045996 22.66579276 21.40209242
 16.74847325 15.74504412 36.36936119 10.13194473 26.1127862  14.8778264
 20.32476169 27.76188382 25.3215603  21.01448097 13.6381551  22.35601493
 10.22722969 10.89726605 18.13684988 24.26647521 12.40600017 13.58601817
 11.10540391 26.29250061 29.15953975 14.39855431  8.0761177  17.28054393
 13.63348629 12.02070074 11.71279288 23.61495069 28.52053755  6.27104701
 12.50262794  8.40620591 16.52192724 23.80945398 20.502399   15.87570471
 15.89004332 28.39725331 29.79111737 20.52625653 15.88164607 32.56705613
 17.45047962 24.51880006 18.90161872 18.35667791 20.01075359 10.85876906
 17.29705654 39.85436605 17.12723602  9.59344213 11.37935638 21.64439209
 15.80049539 26.92355053 16.51967825 12.26158373 30.01724032 14.82812277
 21.09848119 32.22853939 21.42340893 39.34484235  8.15845357 15.34582686
 31.29003678]
12
[29.99923084 22.14654251 30.23709121 17.06313213 11.88407603 13.87500135
 20.62831399  7.8324655  30.43991306 10.72713894 17.81699114 12.28230369
 15.11673958 18.97214724 13.03507631 22.04908791  6.27806862 12.36927113
 16.09168796 19.15575551 33.66171898 29.01044013  8.93736978 29.91917107
 21.1630153  13.39982405 42.07859409 23.24183562 25.82987072 23.38230592
  8.74084266 40.85103033  8.05288049 26.01804878 22.0999624  25.30929838
 24.65477563 10.29675107 27.65402288 16.79315382 22.57541131 22.78354363
 27.05427211 28.07393914 19.32006892 34.13523248 15.13039232 22.99413397
 21.94380022 29.09151969 10.27727327 15.91770386 14.76185779  9.65005924
 19.81702233 24.18603259 38.5144465   6.96147566 26.29530323 14.54687036
 18.15625837 23.27593787 12.14271506 13.57543653 14.51484023 16.01627912
  7.22488061 11.20753217 19.09827199 25.70736235  6.78832336 15.30588538
 41.7746673  22.74900291  9.33435794 12.71113738 15.5863932  14.59201358
  9.37626907 15.73199637  9.91527128 15.05423116 12.49935929 10.29892304
 24.50077975 27.11911051 25.26540348 24.22883801  8.18161414 24.57850371
 17.83503393 18.40481927 14.00244899 26.12334945 43.51471794 32.39300074
 11.71414133 37.64675445 19.27758753 22.47841882 33.83754863 15.91213221
 16.67897381 18.44381103 11.85830938 23.32480482 15.6476836  23.68105978
 21.06663179 10.36325079 10.78849636 16.90162271 23.16760796 28.52031102
 27.88525434 12.25317569 25.67081304 34.99292665 11.03141541 23.11478002
 22.88993248]
13
[27.05659697 15.93904629 29.22528753 18.34463853  6.79982443 25.6874284
 25.09336379 16.22340558 29.91405624 12.15669712 33.41593323 18.63413387
 23.15159691 23.98100561 24.65827369 26.20850206 14.81147737 24.77873525
 13.67109075 24.38377084 23.91332247 29.497609    7.33340707 28.06341844
 16.47240916 11.79086102 27.73865027 20.96023813 15.22215276 12.70539046
 17.39610723 19.61324087  7.81751206 18.18356039 20.87857182 23.75140399
 14.15331453 19.3037441  17.78886906 14.78865178  9.92090136 17.65060037
 17.19321913 21.67095732 21.61584898 12.33918945 23.39706976 31.91854751
 19.95410536  9.94562014 28.53071974 13.3370626  26.41627003 16.51394457
 15.31667234 13.84398375 24.01348679  8.12754546 22.06378872 11.58146814
 13.76207091 19.09767391 14.83259108 38.71293024 17.95203067 17.14278917
 34.35652597 24.84682412 15.49879773 24.1056556  12.11001554 17.21017156
 16.79926032 16.75304048 17.4564804  17.21795318 14.90986253 19.58180061
 29.86963343 13.26592779 25.57086758 16.24798658 12.99644034 15.61576062
 19.94861436 12.11498786 23.38255638 17.61895319 29.52638607 16.72435084
 11.58928368 12.54565245 38.12646774 24.98572702 36.0684203  19.3916089
 17.91538432 11.26013576 19.02307019 15.47692905 22.32346603  9.34347896
 15.84919594 13.79091819 11.66488776 21.38550785  6.95245823 13.35160389
 28.82363553 20.7626278  18.85853495 19.76944251 15.87267932 13.68046602
 16.94980102 30.69287338 11.48680881 24.37156736  8.02720698 23.35824579
 11.58596865]
14
[25.28271073 17.82337421 15.11151718 18.75151684 23.22157152 26.72522769
 24.52857339 17.37913911 17.88701642 11.29806286 41.57843283 23.1392278
 16.58284587 13.90568952 22.07218134  8.58589942  8.03075232 12.15790743
 20.04720077 30.2620415  18.20965188 23.39857413 13.46064827 31.34023666
 18.29201301 14.25395416 16.20113389 20.58133707 35.97091992 27.91475335
 21.02233836 19.6436934  18.82991377 23.39518801 19.50484137 26.55285225
 26.17434403 22.52632848 20.46619742 19.77704303  9.39711684 13.55917507
 12.05965532 11.41006214 16.67573405 18.95331083 12.15744786 10.70823029
 16.75544406  9.21719738 18.87934699 22.29470761 21.81790072 14.64975029
 21.21854566 22.15172848 27.03045598  5.81393521 18.28785211 10.25220499
 14.39627651 21.15241627 15.53666772 17.45542928 12.58599476 12.19700466
 11.01913652 22.65102979 18.56921263 18.16554076  7.70383434  8.7387992
 13.34751968 24.10951785  8.22601063 17.52060426 26.4112004  24.73700194
  9.8758087  18.75486393 35.79291969  6.80773694  8.44955246 32.38430988
 38.70152112 21.71421068 22.95083622 25.57562183 25.04170792 38.61537559
 13.57450965 16.30193642 22.86158744 14.60576382  8.45438158 22.83534206
 30.941448   12.95416874 33.37011124 27.23287156 13.30304984 18.06604639
 14.55568097 30.79099007 10.78318865 17.94853032 23.45867245 44.0360142
 24.90616918 16.6300401  19.44160605 20.52629764 16.16122216 31.16056774
  9.69724057 24.21037312 29.22566379 23.15132354  9.9684519  14.17287881
 18.42875646]
15
[22.0990302  13.06773091 20.16331024 11.40102047 29.92202914 24.28888652
 13.05882821  9.30785464 39.58946783 19.06823936 17.74699227 19.4294142
  8.37713081 15.45402025 21.31573904 22.22205129 18.34638852 19.81325685
 36.46838225 29.29324399 29.8202964   8.01770028 22.17024938 33.21605426
 14.64015396 15.00960725 12.34001032 25.58370151 15.64143854 18.2570635
 11.59232724 23.04427749 32.96587467 18.39290246  7.32697775 25.03203241
 18.00281331 23.89790712 23.53587236 17.96609885 14.35427661 23.08007404
 19.06259027 17.38284322 25.13088452 21.69038878 11.70752237  9.84682051
 27.6741739  18.67369633 16.67275576  8.38415255 20.40089389 16.24227685
 18.68473879 24.63255437 30.46890043  7.34825599 22.06985776 13.32156304
 21.19823471 27.65945741 11.28141319 15.19411208 22.80292137 18.18093139
  8.98039224  6.22778769 10.08143792 21.81651617  6.23384739 14.96662326
 14.7750344  15.60245227  6.90517272 16.10776434 21.01921328  6.565635
 33.59380063 30.03323264 16.78349258 25.35891794 13.9285448  29.36683878
 14.57532313 12.94988701 42.19429804 29.23031947 26.54098254 30.98779947
 16.09232577 13.23086033 27.52945978 28.00913768 21.21338166 25.23414474
 13.00131058 19.75738389 18.54733628 25.37093031 14.49640372 18.28316498
 14.53342815 27.15428201  8.86739935 14.38682567 19.40552218 25.35084377
 29.26983005 28.26570673 27.94494983  9.38237842 19.65742307 28.27864799
 41.50593998 16.15035197 36.73028386 42.37480594  8.45327432 16.48569103
 25.09019947]
16
[38.24829402 21.4868985  30.65398859 13.59299438 23.5487642  11.68672407
 20.87670595 22.0471952  23.12488189 13.17230413 21.89639071 23.02932712
 38.37091039 38.70846252 11.21777967 10.75681515 19.20999058 17.22396498
 22.49296677 12.64216869 23.90746742  8.04056481  6.18426357 20.53935773
 12.20996181 14.37264384 12.78151304 18.3969669  29.0310632  41.01431023
 12.06007779 25.53803125 22.14582823 34.71644101 31.7360762  30.62478226
 26.66419499 18.26993516 21.5854204  15.25566829 13.67521476 21.41518266
 20.1930268  14.55419748 21.14629896 23.77954596 16.33390251 14.88548127
 29.84045637 21.87088993 18.39747373 22.45486934 29.11046015 18.60003877
 20.80611186 23.2699253  25.59921608  6.48505405 30.1947181  21.91665331
 14.996106   22.96645934 16.84937187 17.03678019 14.93558068 25.68605482
  6.24102949 22.37706714 22.36455188 48.46090315 16.77929446 27.72218328
  9.63965286 21.90076935 18.15856726 15.30439299 13.0078741  13.37035432
 14.3171095   9.04764096 35.20287769 22.18994163 14.07043936 14.59625617
 33.62792039 16.15400401 18.93313325 13.89230623 17.45932354 18.02654448
 38.93972549 11.79773318 12.27968851 18.32315899  8.97196565 13.3304406
 28.08838584 17.05994322 15.86112399 34.92589247 26.0824538  18.89513139
 15.03801763 30.21447728 12.25992742 22.9878705  16.50436514 25.73083499
 28.31043973 15.53203074 19.78481862 18.14569757 28.58055573 23.15244733
 28.12919075  8.41995348 31.80463439 25.45762126  8.14032001 21.11730997
 36.72254196]
17
[45.21096328 30.19235665 18.42829984 15.22625456 26.55455674 11.50201771
 29.24711347 17.63009864 17.68622307 11.36533394 15.00036047  9.02337243
 26.29958813 30.4105559  38.19920702 12.09721536 13.4293603  18.99117374
 15.12584181  8.90648425 18.65085219 28.35167075 15.473253   28.49740752
 12.88700694 16.55617862 23.92629753 17.79848441 24.12549662 24.24087466
 33.50565487 37.03603854 10.93206016 34.00175811  8.2379558  18.78637363
 14.58520175 13.23109535 43.72328369 28.1968943  15.29841491 16.93823199
 20.60449646 19.76018146 32.68381393 20.79930918 23.35890914 20.42294395
 20.39203811 13.6275689  14.66459344 23.08303092 26.50224258 19.22501815
 16.73074988 16.94842874 28.17571919 10.041769   17.83607315 10.04087399
 16.99969114 25.63181006 24.05439436 18.32848753 32.06728371 20.22628092
  5.91597863 26.72269501 17.24798323 37.31171624 15.81159849 10.9779816
 15.0775623  13.79854297  6.76504004 18.2886606  27.26100901 16.05227093
 18.30998257 21.4652632  11.44494279 27.04096048 25.97388465 18.14855793
 15.78227531 21.3230803  12.3634122  15.47604261 14.73389201 33.01446286
 19.76876413 28.12860381 25.94113361 20.87365557 15.6605531  29.11725193
 21.48183347 39.82234998  8.3648766  29.33844264 34.80725578 11.51680494
 26.57882461 36.34213989 12.38722635 25.07286864 15.70903808 24.93245114
 38.02851553 16.87827624 23.59852885 27.28504309 13.7842801   7.27515853
 14.220682   23.03047409 28.62990949 26.84705163 11.43779608 13.96629455
 23.99207102]
18
[31.78619975 21.06381532 35.91710464 17.291163   26.84654033 11.04116667
 28.34984199 19.59520278 22.52275302 10.87502902 12.05652409 28.91165054
 14.09204434 18.89553391 21.47813137 35.33428478  9.12591964 32.84978549
 28.31199719 26.636413   38.48863592  5.31210377 11.19351167 29.52289526
 35.11660619 22.16487482  9.02673204 31.77347248 16.13822244 20.07485504
 23.64815698 45.06319775 29.38614786 36.42761495 31.40583848 31.32458891
 13.52667395 37.45898013 14.11960626  9.12001478  9.80214804 15.00647625
 21.1012896  16.96549671 36.95727575 15.59086166 18.26494245 20.18996778
 16.06958814 26.89389626 13.84145595 30.33762298 18.61004507 12.61188037
 24.96847524 24.17383057 30.44899131 14.12657815 37.3941463  18.42891599
 19.43937858 30.84332189 13.7163087  13.95264328 12.79624257 14.90602209
  9.21318742 14.0267833  40.40245061 39.00845622 14.79969652 25.24249416
 23.01952068 10.89955834  8.82061864  9.04499795 25.53166015 15.2812307
 26.39749902 25.87982964  9.53474399 28.67234161 27.83523034 46.5101749
 28.59527612 44.09759813 33.62366264 37.03547805 24.66001391 33.39418071
 14.33418222 17.10538099 10.66611209 34.12284957 20.32199344 39.8088383
 11.33255244 30.70522458  6.09950894 14.3076947  26.21796652 12.65773094
 15.73620626 27.4315811  18.95647949 11.96809107 11.05554265 21.11664067
 24.27222581 18.91411092 34.05147021 27.70983428 15.91113674 12.01388661
 35.81177928 27.47723006 24.48215434 30.20021348 13.89663127 25.82049637
 25.10906677]
19
[25.31436345 13.55936247 20.39879918 22.40640198  8.64807505 21.75773243
 21.22001778 26.17907375 20.85842321 13.46577056 27.99459291 29.12623512
 13.16828806 15.65563883 18.39273634 10.94121845 13.45232338 17.79991506
 29.74135654 30.46186097 23.70934199 17.7409894  17.38443287 35.63491798
 15.69605057 24.07230373 16.64646705 32.31450273 28.43624769 41.12233226
  9.76491918 27.63752084 28.83139103 28.89185241 18.18608221 21.33508647
 13.99643637 16.4873207  23.44130757 17.34227435 22.80299963 37.11457612
 27.20170448 30.88985433 18.1773542  17.01987708 17.8062321  11.60194129
 11.97265862 19.14243707 21.44386681 23.35394453 22.37066451 12.50965045
 28.27194095 26.60640231 31.20765142  5.5120988  33.23213198 11.74791436
 16.84238876 24.78371168 37.79876124 26.17372217 13.61554564 17.75643977
  9.24783232 20.09558876 42.57603879 17.80650051  5.76567479 26.67037547
 25.60407478 18.68232858 21.58828027 19.17331629  9.60317927 20.50528639
 21.83823614 14.70526354 17.47539836 14.46844355 28.16919859 30.52251015
 11.6734776  26.0364901  16.00951869  8.50452839 11.70906229 17.60724428
 13.19033911 24.37662058 21.33899753 31.39050168 13.96654271 37.70611162
 15.96404806 45.10226996 31.21581913 17.56355576 26.15090251 17.12083936
 22.23833238 28.86686404 14.29668839 23.6774851  12.40899197 13.79355379
 18.76525485 29.12026667 35.71249951 22.34644949 11.98897641 14.04981515
 12.4838096  22.50001058 25.16136557 31.82122817  5.0977156  14.7151488
 27.04369195]
20
[24.31761495 12.87627173 31.41607855 26.69846605 10.81147972 23.24650736
 27.75556661  9.25960529 27.04307489 16.1041511  19.68039985 26.2996668
 20.40763823 23.10891277 21.65723302 13.24811933  9.32811038 22.31458526
 10.55037574 24.29997633 36.89921382 12.48282027  9.16227579 27.92471961
 13.7968441  35.77559172 23.53515554 15.90140236 17.78635929 13.05674393
 20.93682372 27.69079248 14.80641991 21.27428003 22.63966987 22.84957616
 16.3223955  21.75156467 10.58767608  8.95912629 18.99931216 28.97064969
 22.29493709 26.13347765 37.85745286 20.62177387 27.93340514 34.08715355
 41.86158278 24.87888313 15.81565336 12.9975395  29.74915055 19.86716617
 19.86218443 23.74198662 28.16876913 10.32665178 33.94508469 18.61499391
 15.74408172 23.31327113 11.82681555 20.97421932  9.08356958 23.06995649
  6.23159073 13.35242605 36.76283211 18.65911585  6.52595809 24.85962094
 20.584939   21.72395738 15.85174667 25.92705664 30.123559   11.03373911
 18.29809947 33.70157881 32.31517495 34.43281836 23.16689712 10.37742359
 28.08177482 23.79700124 25.95949031 35.75646516 23.50169643 14.58598177
 17.84173801 16.22294308 24.78693593 16.69472026 20.92076126 19.4295665
 25.06664734 11.1649117  22.00146433 17.56766737 11.27826004 39.00267108
 33.67762021 27.85185728 12.67335623 42.44361439 25.86887662 22.51515117
 21.72459132 20.80449051 23.0468087   9.4172675  26.13868403 14.32633307
 13.36506393 14.92813711 38.77456403 24.94872537 12.96483335 32.33925412
 35.42221112]
21
[33.11478305 16.38506679 25.45659283 28.13297344 27.42349184 10.57594061
 15.7866011  32.00183749 23.16327427 13.2702497  27.9399718  10.23281041
 15.37081305 24.76872205 20.79506491 24.06939643  8.88652733 10.92755895
 31.10232804 29.10568822 17.91527201 13.01472406 11.57592619 22.56371643
 32.0796837  27.68860792 11.95732917 16.96440162 22.80610089 22.36777949
 16.94318654 27.91628661 15.17602835 24.55755336 19.20540231 22.95510666
 18.76734734 37.2787782  20.9890662  27.21934656 18.80145282 26.75895896
 26.60051058 22.87470393 29.95065762 21.84860214 29.03244421 38.74507452
 11.83545395 24.36132878 47.91563076 20.31435039 23.46591044 17.0834652
 32.51324401 26.28229001 42.49400305 17.40092156 21.14279824  9.57206326
 16.80986302 29.31725226  9.37592073 10.00515927 12.26239357 22.89570177
  8.45598699 13.50978115 15.07215751 25.54117425  8.1785101  25.45368003
 18.41404376 22.23480162 21.88166318 18.43335869 15.20714828 10.10758218
 23.88740728 28.11344943 12.3442276  23.96911578 15.56998793 26.44741386
 17.77650996 29.77911106 12.17182689 21.803022   21.2608356  16.14666528
 19.42254045 21.08786511 31.5113495  16.49116468 28.67296079 37.40659758
 24.21601358 12.07275923 16.82015884 33.77836476 31.72354934 16.30689944
 26.36781305 28.04537201 29.0316388  18.29017487 37.626289   37.00419719
 36.24958295 35.19707042 55.00603382 10.02664426 16.05082628 22.8999875
 38.46681643 12.39296608 27.90513665 37.74264692 21.8063287  21.25401404
 27.22882402]
22
[45.28528996 26.08555813 24.4302333  28.63170025 29.26845368 21.28510309
 27.39446779 26.61423737 25.56382168 15.94978986 35.57387484 27.24989345
 13.58629117 16.9981767  27.72846714 21.03938956 17.22396101 12.78699323
 38.76171232 13.25108616 36.45733358 10.90600102  7.90638294 28.62972448
 21.25929499 17.76797471 18.28857226 22.03544902 17.37103552 22.02818312
 16.28704791 35.59142782  9.54451701 36.56560563 26.1196638  32.79968198
 19.24909415 25.50452885 18.04210038 13.18588527 19.37689547 29.05310758
 30.51643917 21.02175123 13.25207774 17.05131916 19.81363751 17.89267599
 11.20485629 15.88465653 24.10689327 18.87786865 21.62380141 22.11132101
 20.69386802 21.57965297 41.35014332 12.53460914 25.69752781 14.91976797
 17.13981883 23.97499031 12.62234554 18.53310232 13.62872478 17.30409479
  7.45893669 14.93130328 35.88099025 24.20321264  9.93025707  7.62084709
 12.34498881 21.53391675  8.12135655 13.21534735 30.7393427   7.41538613
 21.78056155 19.23611124 13.91906343 15.5079886  20.26520714 32.54443703
 13.70568159 13.69280626 33.57594614 35.88517949 12.33727392 14.62141879
 18.25391894 37.37423511 14.88123682 15.19570246  9.06604806 15.48034743
 26.17599373 22.71526099 25.98593326 13.48241945 21.184784   20.5250188
 23.84741151 28.88717327 13.84077013 17.56890208 14.39453464 14.43230256
 11.05755936 27.65036805 32.74584977 32.57255029 19.46429594 38.14992166
 19.54623609 21.08092599 37.65298691 44.07095909  8.80277968 21.93505026
 23.83466788]
23
[31.75680848 17.33666094 12.78393842 10.36515818 21.09246036 13.99839116
 19.1370195  14.991469   18.25576143  9.67933925 12.71755049 19.54040711
 17.00688904 32.75761431 13.67574432 30.40721961  6.99094835 12.44928258
 12.56671942 20.4431001  27.8301422  23.41375846 10.16862999 36.19251888
 50.7711551  12.86968362 27.46902949 17.17747903 25.06329513 27.39057064
  9.48236727 24.91309563 21.82502284 35.05697169 16.73797003 34.24933277
 19.63890975 22.09530997 21.3393099  14.69104621 22.52968676 30.54411293
 22.39819466 15.61209017 13.79540387 14.69044198 37.44104116 17.26764186
 23.56939722 14.09702855 42.43865528 25.11468497 30.78729386 19.7515448
 20.69571081 26.23627378 41.3680094   9.84541239 30.51814267 14.86678274
 20.49791924 26.28397794 19.90837547 21.38553245 36.92194059 21.90732385
 25.35435964 26.16068844 19.0138123  21.5667395  15.11900984 43.78469118
 19.73373538 23.92773162 10.74530474 23.53949293 35.08383032  7.83445258
 13.87734426 28.13044758 16.82674609 22.94970101 31.14789648 17.52802115
 46.1105296  20.84509467 13.75750066 15.58674518 10.14107417 11.54065142
 14.30949867 14.21618278 23.61433847 35.62588142 28.49083348 13.0649541
 44.38138775 31.86393924 14.41926085 14.31922793 13.15115469 11.33882432
 24.06463115 34.72421009 11.39898564 11.21433332  8.79431141 18.11591746
 31.35035801 14.04686504 20.71705285 26.94063769 17.21677299  8.23038671
 17.38500685 11.26029676 36.24569602 38.33159529 12.36533248 19.75061271
 10.62766579]
24
[32.38927792 18.79560704 28.58434361 30.11941671 33.98577094 37.30158503
 20.24811403 34.23719704 30.27750757 11.45967497 12.71791688 33.32427385
 38.59720663 29.54227706 33.11454957 13.86189712 14.79487404 16.4083777
 18.76896974 13.76212335 40.29288347 14.88646362  8.79345422 20.15034765
  8.97622027 17.42449578 31.18994992 28.19123079 13.33327203 10.45338198
 17.3698838  34.41226147 26.83850569 26.21102876 16.09082868 54.86317059
 18.58732849 16.92940281 15.33887922 12.71049512 16.50623208 22.91803995
 27.53233957 23.52478441 23.00354559 36.99468385 19.94987649 12.85790973
 16.58229418 24.31367831 20.29088968 31.9561242  26.96291687 17.30115614
 25.87306836 28.81751249 44.75629197 17.4775578  39.26300982 18.06287961
 15.98711152 26.94887949 22.43775623 20.10793857 37.74852803 29.79235783
 18.40402774 24.71209138 32.66641008 28.93129893 17.38350218 41.20175768
 22.362174   46.22375811 15.86123261 18.66259516 28.43914488  9.45959261
 28.74838184 36.5607578  20.95709118  6.80786118 25.20613606 26.94563882
 22.89189192 11.25344763 18.51593882 22.6168451  42.63357229 20.76509332
 22.47901168 11.3726274  41.66139291  9.89764601 38.59639117 29.89691653
 15.42746582 39.94533893  6.73681499 17.61874757 32.74538447 28.27961757
 28.54171962 31.28330412 16.91133942 21.93280626 14.77438689 21.25272061
 22.39802594 22.64081045 28.69671863 19.20894951 32.63613904 15.50881692
 33.09183216 30.94008868 27.29499711 30.68730182  9.00202564 41.57506477
 11.25609782]
25
[27.10546559 16.74883018 16.56267465 40.54095817 26.72293679 29.86384618
 14.30814487 12.46814492 18.6437297  11.30697642  9.75446543  9.38807265
 41.30615459 24.99927762 19.38752984 11.90197871 12.72848641 28.77601233
 34.19451895 13.9307487  25.5111878  13.20936298  8.7982522  20.49946472
 19.30092543 15.20482864 25.27146709 26.59134757 18.81290089 23.67788059
 14.02640344 29.4315424  11.7095883  33.59814429 22.80502696 23.67470329
 51.94499574 15.61503543 25.33378049 11.93567479 13.14185972 21.91269218
 19.30951329 17.66628407 22.2100859  29.81240628 11.58015078 11.93571984
 19.13837318 21.51827215 40.21516522 13.32561957 30.79828176 23.16908046
 24.35541826 25.14364458 39.50239262 14.37549467 29.38869573 18.90544465
 20.45859819 28.15205552 16.45143973 19.05891608 14.82229695 16.19930445
  6.29822261 14.89827433 27.17944473 23.78949242 11.31436269 24.52361898
 25.7428079  25.3268536  12.64904987 14.96040095 11.40573416  5.19303018
 13.99927224 19.96674384 30.48303235 12.27364915 14.47553917 26.36526174
 18.48568282 43.20479979 18.88885579 13.98543488 10.0947015  21.4645478
 30.74493955 36.54090034 22.18183687 12.48740703 32.19145047 23.34928492
  9.59726791 35.71005956 31.80522565 32.47299973 22.83841191 27.51252935
 17.68439277 32.65302284 22.88846382  9.89970007 14.62682918 15.38267705
 30.91782434 21.76151627 19.90279079 25.90745405 28.29102042 24.11903225
 24.10429287  9.07982949 30.95738015 41.27544823 13.22197538 11.51625268
 46.90817802]
26
[33.23838238 21.35813401 19.37411016 14.30530758 13.53333698 15.39640381
 36.67679591 17.56409435 22.22988031 18.95811381 24.04362124  8.24605393
 16.86067384 39.90013299 29.74812423 16.69592927  7.60032811 16.69568762
 20.5688194  31.34738805 12.48514838  6.87163055 21.58288535 37.90763102
 18.62443872 27.51928256 40.96756714 23.68144575 20.23683742 29.93435879
 10.02388332 32.56472276 10.66695708 37.49135464 13.38441129 15.36194543
 17.99663671 30.41356051 21.0259877  32.38256604 10.3455801  20.43100924
 20.61807967 21.18581239  9.27195868 12.84294037 29.33131277 13.72040894
 11.02649755 14.104582   13.76825492 28.69981623 27.31340743 15.45048129
 19.04886606 19.29509084 36.00405814 12.22202313 16.633564    8.71680167
 16.28273103 23.9591423  15.04138503 14.33276637 14.2062902  17.01993115
  6.76745569 30.99035437 27.30295517 37.37401292  8.41321616 15.06333346
 32.3885608  16.97495538 13.15599416 28.3815098  31.51926791 12.37339167
 21.50757828 29.24826402 27.94849148 14.87728628 19.64939079 21.75328976
  8.03276152 23.29317655 15.17584151 25.50769174 12.30869168 13.31302065
 33.04917714 17.75652151 34.90268458 29.35381308 46.0818936  19.77832376
 30.96654272 32.37088972 33.15095649 33.40364694  8.65997827 18.05822001
 18.99813535 28.70723871 15.22275466 20.80802082 10.58770949 39.34200073
 21.22005893 32.3261635  36.03082109 24.20198642 29.19349646 50.29069556
 20.90022798 27.94952849 23.44314447 36.13561986 11.49323361 28.79648332
  9.36913586]
27
[26.4157072  13.93466214 14.67605713 20.08885573 17.92973506 23.85296243
 17.7211709  18.43662948 21.46240716 13.47372823 16.39620543 21.94386894
 16.04439842 10.8136739  20.85830516 19.41780837  7.45086138 15.63824941
 16.30616289 12.53789215 22.91639877 28.91534907  6.39223552 26.41228822
 23.61686994 12.06917523  7.5302188  13.02007235 19.26668388 17.94596425
 23.40314443 28.8008861  14.68612406 31.72222052 11.69678947 11.09037432
 14.87190539 10.42940925 20.08525037 16.70952956 15.22252459 22.45650218
 17.84976154 22.03300311 21.60630446 25.04526915 11.75441571 21.21280515
 31.99050007 10.07471735 16.60855473 22.44724243 22.64250742 16.21117179
 22.0188419  19.31849942 21.69660453  6.03794201 27.23242158 14.9617411
 16.80041992 24.5991716  15.96530514 17.84887826 10.32295408 16.55249338
 10.79079724 10.71006863 28.16754833 23.1514064   7.34772411 13.72177514
 21.76035957 22.13396929 29.50168284 20.08682322 16.89304553  8.43680085
 27.04248118 28.83929797 22.2447741   7.72495905 12.4434183  32.51342125
 19.68002423 37.6802062  26.28420975 28.41043919 32.01673522 11.77062273
 17.30957288 11.46720193 17.30631695 28.4517142  26.26771944 27.63222262
 14.42805872 36.06599511 20.14108136  8.1917164   8.04169566 14.35769504
 11.77477074 23.74115938 13.96251324 14.21008892 21.24688393 17.91169673
 13.48226804 28.41738608 29.42759823 12.76391388 13.12972147 20.99627616
  8.42728083 10.29705139 24.61765667 22.46025485  6.03680918 20.61774154
 18.99938287]
28
[28.80035711 22.2332494  24.27743627 22.17764928 20.51599556 33.01650776
 27.9854226  25.06174591 30.65060047 12.20064711 10.30876987 22.91760337
 19.15689606 20.93765221 24.75084394 19.13207892 11.24050329 19.63217062
 27.08741566 19.66119391 37.39897735 10.82390395  7.33349269 23.83449853
 42.84241884 22.66297216 25.58739914 16.57179314 15.03147522 21.3043749
  9.70954123 15.07153081 26.25028052 14.81955767 10.93251968 22.57291699
 26.44984977 13.3998133  32.101878   35.65705351 11.38717891 26.67637237
 25.70800696 19.76627755 13.44024608 41.14006105 14.18315383 18.65424026
 26.98902987 11.61688197 32.70388571 16.60026679 28.24334622 19.35886281
 19.29189906 21.82190147 37.57816125 13.20210891 50.38274726 21.76400403
 16.66653555 23.67249019 16.16358181 17.36340326 33.79576706 24.54968898
 17.10666933 14.35464082 16.64033149 30.09208744 12.64247119 25.22944675
 36.75384594 25.1907458  11.73058298 21.56312263 16.9546691   7.93550146
 12.64184048 16.50494388 15.94614048 28.53684407 15.68810299  9.83719107
 26.25566546 17.54394907 29.80540978 34.04687629 27.38209807 18.60169499
 20.95095191 24.00763052 12.91959795 14.9393947  29.28166104 13.54151266
 14.31452548 20.706352   23.01634815 17.04241522 23.16644373  9.63479664
 12.11467854 21.08049426 17.1063632  26.4333465  25.10852092 27.4345856
 20.41157145 21.81091303 28.88195473 23.63822105 24.96884849 10.65147364
 42.14767949 32.93427111  9.61870112 33.84054248 15.75268082 16.5670176
 42.10271437]
29
[29.53906775 16.1220798  16.74807359 14.75617168 27.79666838 10.09916288
 24.28425091 16.54347362 23.3865601  19.86677463 20.1926078  30.13492179
 28.70720979 12.70294234 11.24069944 10.41038338 10.84297991 13.04005905
 17.4802334  23.57675985 10.78264083 12.07702162 10.00363766 31.8088229
 20.38291197 16.55729762 16.23168331 37.9042243  12.35588094  7.96010118
 16.80965879 26.84341417  7.00144266 34.53754146 22.19852574 13.41574564
 14.10839805 23.86309784 17.53039436 14.23054603 19.04441813 23.00037762
 14.16260374 15.99736364 28.3372038  25.99470696 19.89610943 23.86074811
 21.36139938 22.09688556 13.37746728  7.656805   15.99819761 13.56040022
 19.64068446 22.26460505 46.09245248  8.18620455 30.13582681 11.55294307
 16.67008223 25.11513861 23.51670886 17.7551246  17.01853151 15.69824743
  8.74151214  7.87181754  9.37870856 25.23862539  8.13434877 17.72844389
  7.02979374 13.81387007 15.17740952 13.29246225 22.62725648 16.08292488
 14.3521214  17.49872883  8.0957371  28.01902452 28.40008137  8.28340384
  8.26559381 14.39401174 18.50975287 11.99180576 18.90297633 23.21618513
 41.29691306 17.21209409 28.52451232 18.42810596 22.91170445 19.34545951
 25.03976539 28.7761305  31.21736087 24.95035402  8.99845243 23.14688855
 31.70859512 25.12537349 19.36080384 21.93564518 20.91850509 16.5015324
 42.78261113 14.50878983 36.30598229 10.47510368 20.65710416 31.45716004
 19.42366504 11.68622437 14.45027661 34.38804214  8.68752836 17.38387476
 30.12306063]
