[10.25262283 10.41279822 11.85772136 36.74732801 22.22795224 26.97359759
 28.9780051  25.56390668 16.23778805  7.38977503 23.91319075 36.87870763
 13.80645931 16.02723587 21.30110287  6.14910951 40.56542884 23.92723984
 23.47317987 20.58703924 28.12039374 37.04024092 10.66601835  8.55309869
 14.16258345 16.04262839 36.99065934 21.65506187 20.87216298 11.17845381
 20.84993096  8.37317501  5.07367282  8.50681404 14.87630171 19.9101897
 16.80446485 16.84525777 25.25159643  7.67256555 34.23318294 21.81196187
 15.96682772  8.93149226  5.87489266 35.92252963 28.12311473  8.8906629
 23.4581425  16.33863827 21.64225256 46.342591   26.952932   13.02478339
  7.41695851 18.82989421 10.52004568 33.56580198 18.04905706 21.76411699
 43.20826957 12.23021525 29.65101692 16.06712172 22.43952085 23.86205439
 13.52088614 18.08829421 32.38838226 31.8596923  15.55940622 19.84252442
 22.51493182 19.78725401]