[ 7.81168082 50.92407649 53.93300973 41.19653599 24.19888624 46.55899625
 48.25559446 34.26166035 32.43364157 58.17806578 52.79475483 21.93965555
 48.99388216 34.64609844 29.23214393  6.75656737 42.17515376 26.03809459
 21.63380802 46.41275832 29.54658391 50.06384819 32.11816754 37.31818054
 33.15976277 34.67038988 50.32093671 43.50061504 42.45205527 37.1086234
 39.54697237 28.75224542 16.58606805 12.71027575 37.17283756 54.44644118
 50.5629357  18.73162455 46.41600215 15.46440326 49.30690192 33.89287821
 15.07132254 29.93188773 53.90204382 30.56781484 14.49513807 15.34025089
 42.29939991  8.67657475 25.65931749 15.89071785 46.82622626 52.48702975
 22.00335546  7.20171144 19.05094629 34.7220569  36.95887692 33.87497536
 48.66571472 24.53989255 30.12148983 37.3106662  37.02084779 52.10477805
 21.99073052 59.22357094 12.33363387  8.1040988   9.72883353 37.41783595
 26.91332181 55.48647563]