0
[ 6.99815322 16.70339005 57.69550397 32.00679311 17.53528492 50.52649565
 39.39959646 49.42681865 20.056842   35.77028039 19.15186351 49.67360115
 51.1694205  23.25045044 42.1260793   7.38637521 28.81426146 35.2550173
 32.68445326  9.52193707 49.78386676 55.37393217 48.27007155 10.51225726
 28.91900619 50.080269   44.64822885 52.26814468  9.24109169 19.93777184
 14.75986532 25.76774863 18.72266594  8.95155646 42.89165998 40.19405634
 28.64326871 57.53842211 17.52065624 13.07397141 44.502289   58.73319696
 39.56915457 48.26757521  6.84446203 45.23706019 23.51785131 40.18003759
 21.2319371  34.17117532 47.58114706 18.7611826  51.31496766 39.66049516
 37.78886779 47.39891971 45.589037   16.04733251 15.72343563 40.62715544
 56.10608148 35.75767158 37.0615373  12.21258263 13.59867341 36.54232854
 57.83868198 43.48139302 17.25852353 57.91517991 37.23425005 57.05301083
 26.80641295 57.15414894]
1
[25.66904713 48.3884744   7.04447567 48.02492509 40.45086044 25.8672609
 44.25831538 46.95572561 37.06425111 42.37179997 51.27491389 21.59343218
 45.17686308 13.04214409 10.58247682 33.27411199 36.94878137  9.73915776
 36.07948203 11.07225259 30.74016502 30.101681   21.35041616 17.43669235
 29.49519638 36.84425299 58.99618821 54.56723369 37.27710055 29.8008709
 40.96309435  8.8013396   5.70634722  9.21369415 13.38624467 24.34079283
 36.11795486 51.82470601 25.98270758 38.78653136 35.97665557 25.23003733
 38.12072328 47.83953791 14.85443722 29.80569255 52.72640429 46.40902098
 27.32973017 48.98615632 38.15254806 57.50639104 41.41914252 29.52149603
 53.86468163 41.39678325 44.13926848 14.58076061 35.43805721 33.20121484
 30.85066702 46.71843191 43.11345241 23.19066316 27.55231124 15.81698007
 40.62109953 27.32672052 52.77078015 51.31768056 41.12756428 40.19461417
 19.28295091 12.20609534]
2
[ 7.81168082 50.92407649 53.93300973 41.19653599 24.19888624 46.55899625
 48.25559446 34.26166035 32.43364157 58.17806578 52.79475483 21.93965555
 48.99388216 34.64609844 29.23214393  6.75656737 42.17515376 26.03809459
 21.63380802 46.41275832 29.54658391 50.06384819 32.11816754 37.31818054
 33.15976277 34.67038988 50.32093671 43.50061504 42.45205527 37.1086234
 39.54697237 28.75224542 16.58606805 12.71027575 37.17283756 54.44644118
 50.5629357  18.73162455 46.41600215 15.46440326 49.30690192 33.89287821
 15.07132254 29.93188773 53.90204382 30.56781484 14.49513807 15.34025089
 42.29939991  8.67657475 25.65931749 15.89071785 46.82622626 52.48702975
 22.00335546  7.20171144 19.05094629 34.7220569  36.95887692 33.87497536
 48.66571472 24.53989255 30.12148983 37.3106662  37.02084779 52.10477805
 21.99073052 59.22357094 12.33363387  8.1040988   9.72883353 37.41783595
 26.91332181 55.48647563]
3
[37.68877144 45.94454331 44.23650752 46.94354162 52.15023672 51.79258384
 19.51961559 29.09499146 39.66674143 51.8016656  28.61615815 25.04970134
  5.90357424 24.24792397 47.65478813 37.58598381 57.70211735 17.71325348
 40.43804164 50.77223227 17.46702323 32.30377747 57.00179752 40.59046549
 40.99466904 23.24350337 41.04547122 25.91603399 22.10758608 29.34927543
 29.08306842  8.44086878 45.80538333 43.19338022 31.92026336 18.6965774
 24.34896012 36.57579466 28.70822436 40.03737018 25.19300222 49.21802182
 49.38465691 47.06385321 13.2310113  19.97380464 45.72766334 21.54297406
 18.83635763 25.39119906 37.51999795 21.04607575  7.05871778 50.445777
  9.57168589 31.16307273 52.67850627 35.32534834 44.96957686 24.73631309
 33.6523209  19.38827119 30.71256206 59.25429735 14.38991233 48.02609475
 21.45496094  8.41493061 25.47145683 50.01777023 54.57638724 11.68308278
 35.24009422 25.05487821]
4
[57.07294533 45.74757488 47.89371727 12.34130132 40.79702784 11.27690347
 12.91185529 29.84118017 46.85646234 48.51982668 28.76537637 32.14646217
 27.29143927 53.76740627 51.52766928 43.09802596 27.26061454 14.93702334
 18.05485348 48.49095668 58.04012416 57.78058894 13.33801828 42.2226817
 39.99796288 53.63107949 33.82260282 40.9442483  31.90673255 32.79536184
 44.33422849 54.64601301 19.28635623 15.86944425 35.81610719  9.02616371
 23.0720487  18.60668406 27.89158269 50.37159278 16.4109106  40.20138651
 46.33113942 34.58946604 20.30622838 48.90429741 46.57959585 33.78876978
 53.40938695 40.51219789 22.27652901 49.6188301  11.59179812 25.42742359
 10.18652831 39.40671005 36.35623033 30.13856478 55.87809214 25.11114727
 37.12372049 38.24824715 50.30798437 24.60449955 42.14924816 18.21700699
 22.75208523 36.91608551 21.84718747 51.39380539 59.10941056 16.47988234
 14.0388392  16.21587332]
5
[ 7.54557645 35.46211039 20.63055965  6.51215952 18.84438745 26.25591111
 21.93147908 14.59047432 25.26852763 30.72249135 25.51624554 28.51734351
 47.93098037 19.97412632 32.01850984  9.42431958 26.7440582   7.3557378
 15.79161855 56.4472902  29.52424024 46.61441365 27.05791993 11.46271315
 37.53316914  8.85964024 51.13373938 55.89015123 22.46188592  9.58721708
 35.8246448  41.35183921 52.5963195  23.60830768 13.30586554 15.83436617
 49.0846634  54.61092156 49.32607631 39.0056785  11.08682281 53.32153
  6.93062115 38.42555818 29.54615112 52.24530249 16.5164594  57.56258092
 42.98905605 19.45556965 13.33796208 11.79345114  8.93039581 15.95499379
 23.18645585 41.21567092 35.45745735 18.04504358 38.0292977  46.98865517
 48.62928035 54.67518118 25.95966271 55.94772231 28.66234266 52.75891167
 53.67206975 41.04652054 10.59830545 46.68449342 52.48906987 12.92758807
  9.41782    49.8323093 ]
6
[46.57757391 45.79356733 50.65781154 28.10850682 15.78356349 50.48612273
 48.672341   35.54776062 27.06478514 11.98037392 43.49446385 16.59791182
 23.1693898  41.61318514 16.4915867   9.60094674 32.16114908 50.08308674
 15.16990881 45.63689363 45.2636293  48.92186876 53.46345085 58.55921288
  8.1507706  44.00713179 44.84695574 24.8903113  46.5820361  50.28502347
 18.57987879  8.42655497 40.83485432 33.4715208  53.06547854 52.83376797
 29.11833855 31.65142185 10.63057269  9.802636   25.77407214 22.73553123
 56.49952891 22.85236124 24.20713827 11.30483989 49.99911667 14.56439811
 11.69658417 56.98714342 45.09769171 34.8285239  34.22494753 38.0353819
 21.64755329 19.57864591 39.5591535  21.17123898 52.80239994 30.20178765
 30.55257734 41.09655061 35.07931689  9.5639317  30.0532556  10.83077585
 49.78483237 10.45497916 53.93379238 16.8435234  47.22888795 44.49388935
 55.10234088 29.44934184]
7
[ 7.85017686 44.76312192 32.91759282 40.15488438 41.13792198 29.9771319
 18.6466946  54.39685452 35.51265428 32.28195819 50.7001622  31.06058535
 50.44383115 24.99008546 30.37662097 54.74099624 57.83912653  5.24985804
 57.20180917 37.53079774 24.04509328 15.24127481 10.3754692  13.26803232
 28.67073044 23.40805047 15.61525541 11.2597149  14.5033997  30.52151335
 11.31831141 27.70604982 39.12547534 28.45348727 13.62951937 56.28191364
 19.9666506   8.67530917 27.57698397 32.21583489  7.53495036 10.15268782
 35.96577012 12.94869812 18.83282881 41.57367466 37.50917745 24.45191019
 25.39637181 12.9552396  21.47859489 19.9034768  36.52347536 40.78494449
 19.09399936 15.29383632 48.52046583 51.00243221 29.698336   35.85622516
 32.72649117 45.59735673 34.80566173 53.17512064 53.9903186  24.29649243
 32.29872402 37.11301932 52.5407902  15.06041421 12.27516032 15.44619977
 16.2510484  36.38877441]
8
[29.95963446 42.46064454 40.90575444 25.91453411 12.04742032  8.41783177
 27.27763686 22.50086587 30.15959048  8.25275997 56.46288776 21.46770399
 25.01166288  7.97117513 44.56644453 21.12112082 34.52090513 44.83108809
 53.15621347 15.55188208 12.94350109 46.47781927 18.26195075 26.99947071
 59.59181676 20.2083642  33.7688695  40.09428261 20.89618062 46.99570846
 24.98794507 32.19228285 43.06337136 13.72788456 27.3241914   9.24253976
 17.4709799  33.77817031 33.55167874 36.65421838 11.30667558 42.75064475
 18.3416001  10.35586365 38.0547598  26.94408075  6.7192057  28.85959795
 13.11255205 55.18786256 51.75762675 16.20318241 31.76158736 26.76255432
 35.20231798 29.25577047 32.59305928 45.59612189  5.13983251 37.58603555
 47.84532054 56.48906867  6.65956678 42.47514154 55.25488759 51.78277805
 50.96513772 51.64905382 37.72086445 48.93129954 35.70689296 11.20650644
 42.00224766 18.31269095]
9
[18.62739041 19.12013224 43.7522618  46.14441503 39.04534016 35.26698342
 16.3614096  55.38508816 24.20638522 56.07010191 32.53335891 31.06352146
 37.14405875 20.6145597  11.28213935 58.07948708 43.56278594 46.04681473
  9.02522192 48.45168508 37.13788826 41.53901901 29.32471716 43.38785561
 16.7287261  28.69056223 16.21432116 24.09666609  6.81545505 39.25614883
 27.10387788 31.24392003 17.27216327 50.06574641 26.06009855 11.85081076
 21.61957169 11.56951165 11.50771174 25.41688624 11.40454634 20.17042448
 43.57480382 27.83044677 52.54411857 38.69814934 27.66786398 14.32972134
 41.45202232 10.18336397 39.13213214 17.76904817 23.82739786  9.43032142
 14.12470957 19.33284662 19.25186531 13.12194389  8.75088168 39.46814214
 47.64391263 41.34679748 28.56563659 40.40946223 39.7409809  25.11284737
 50.3648124  34.06900351 27.16111409 22.09478504 50.57745476 54.51659661
  8.23471735 10.11282826]
10
[16.07700855 19.365551   17.0574351  17.28917297 18.82764355 15.82164499
 11.38901672 48.90827468 40.47234944 44.71929754 40.94258253  5.762527
 25.8902256  57.26342244 42.50157976 44.06660787 18.90187096 16.02267063
 17.16178235 18.57739131 19.63292091 25.11253753 33.99171988 30.79990714
 25.20776437 52.08235194 51.63310588 55.66417256  5.21709851 57.60215908
 44.42977383 27.11844425 15.70832045 54.37097624 35.8262277  42.91554796
 28.80819249 57.3604858  35.97762475 31.05962968 22.68378033 37.17782208
 27.20770713 51.64538216 48.81072613 10.43905224 56.0728572  38.01869609
 25.65765076 53.9085987   7.27615906  8.1809762  44.21941613 20.74548722
 28.12135572 41.14956626 41.14295724 55.80612974 51.00827116 54.99845778
 12.11669685 21.12936423 44.59271055 14.8200614  21.95463258 55.94058822
 21.06931069 10.23858122 47.89197652 41.91534832 35.64866884 39.56161294
 35.9315034  42.30770405]
11
[33.99757453 32.81204647 40.80022613 34.84820719 12.3483511  43.67811623
 39.30856586 30.10434889 24.75301949 54.90791788 24.16425886  8.7758544
 27.13374423 31.48374146 40.80635033  9.6155554  36.27639299  9.27466726
 30.25873898  9.22160584 28.6210419  59.6696007  43.68660296 49.19742813
 25.86144305 35.36251701 53.30998601 34.71225055 58.98875792 19.35051323
 42.76434451 49.03663119 39.54082448 50.77324465 38.29290581 22.77434114
 46.29685368 49.7313193  53.76942533 52.6800258  53.54538161 12.08814447
 24.01347589 16.6650633  12.87340022 51.10101627 23.97558677 55.74262121
 28.70332781 15.66937211 46.93523235 45.89139662 38.67726276 15.22179789
 33.04498492 20.0971215  22.53878183 37.56746903 33.77405804 34.60964563
  9.87682567  8.3712621   7.19883207 45.94197771 12.32852491 47.17287066
 48.77793579 38.00396075 19.84533419 23.30463227 14.94374667 45.37595926
 29.81380987 47.88801179]
12
[49.10066089 16.92560338 21.59713204 28.49306916 19.9779696  27.16532883
  7.95941718  7.1287721  17.86154811 43.03825491 50.99246807 34.74216062
 25.34971602 36.22283688 11.71682839  5.90287635 36.45799666  9.26132136
 44.20296861 52.38957716 19.64195343 17.53844649 53.68851747  7.28816623
 39.45709497 16.55462525 56.50119357 49.60542887 55.82010062 17.9118437
  6.24919131 43.09009876 55.02571497 12.47094276  8.70227882  7.20205028
 13.83443567 39.30239391 19.19454816 43.45735397 42.25764015 37.30499562
 52.50156249 41.51022531 43.28579256 19.27000225  9.6178273  48.59234712
 56.27671871  8.93547138 48.54148936 25.12866074 18.7851707  36.62729794
 30.26793332 29.87099263 51.9674671  38.59212142 45.86083524 11.70103132
  9.48604982  9.29767163 44.05016714 28.14694196 52.6113395  59.50747733
 13.26518212 50.0513341  26.13413625 25.69834309 19.28652768 54.158126
 16.01086876 55.21943272]
13
[53.80001891 59.38735435 30.04475205 14.50379439 53.45636622 43.07381388
  9.83664751 21.58569004 31.98716835 34.60465304  9.00851379 19.11127759
 57.26411404 35.38499261 52.53863722 12.02372682 24.05345076 26.4893721
 28.94950837  6.93712394 24.67247722 58.88783669 49.90071436 12.75554027
 31.15400251 51.53317846 46.09263917 20.58541678 52.11484183 38.89495163
  5.96833036 20.42875954 57.39962471 15.86876096 11.12052775 50.16663834
  6.22709499 10.90497175 24.32339655 25.79329012 11.26523875 14.0779662
 49.68405898 34.31329821 53.62459271 41.04998466 23.49882942 13.29297408
 54.8902503  21.76244823 22.11623002 32.01222097 33.4929873  34.93807575
 10.42120068  6.07592054 16.34453816 25.18766522 23.51544191 50.12748766
 13.43545573  9.86872871 12.59814625 44.65726146  7.40140413 24.06178984
 23.05239415 40.99044914 35.29880458 54.04191918 36.22550262 25.56895686
  8.81053569 22.07303718]
14
[12.30808397 36.00056968 44.21207909 15.86322665 26.18386495 44.90899117
 40.2213495  30.80952302 14.84144118 42.55109305 49.01685186 26.24887858
 36.6811532  38.13388234 17.8541903  28.88295411 54.05360659 15.36603422
 26.58898912 41.8409378  56.53448758 15.66328774 49.16556548 48.95844987
 58.46938697 43.0096307  24.34524949 28.67103694 24.45200037 43.44469722
 56.50145641 56.85932887 11.87956351 22.60881459 36.25823041 10.74779308
 25.85815652 34.1611565  27.07722462 43.25340854 23.1307032  40.57178167
 18.66222276 26.52152996 30.48387539 22.56670146 11.45711197 43.97498452
 33.69838982 47.921689   55.21551776 50.71889521 25.12310701 15.97108285
 43.45792305 53.35215944  9.45423073 32.57102917 52.7601484  41.92239217
 49.2653476  57.67868164 13.08603336 27.77758702 51.775908   21.47191007
 34.88040102 22.80771516 22.05844104 40.57014522 23.59585193 40.93367307
 22.60190159 38.34571528]
15
[54.97129445 50.39925903 37.61954696 41.34838259  6.41028373  6.92971641
 31.17641937 37.59823157 47.36408082 27.66807359 15.62784005 32.15682391
  5.9051448  26.56118906  6.93065863 44.98808576 45.41202123 33.94585259
 25.01298882 52.02856576 56.52065111 45.18540115 10.29500605 30.66756415
 51.38166474  8.35890506 51.67960639 30.8309769  30.69449368  8.48355679
 10.62535246 32.04719971 12.81422646 18.30067807 23.9463558  12.75335728
 16.04818311 40.25039031 18.83818557 50.62353949 26.79181452 14.19694092
 19.838613    6.20435441 31.46591341 34.96594374 19.0954668  19.15123771
 26.08976544 23.97910022 39.71956461  8.62248848 53.9404986  16.40012582
 17.19422917  9.74664812 25.80737422 54.52828222 32.8323115  52.70002683
 22.25089146 41.69351155 49.70812971 56.15430943 48.69623744 28.06046023
 46.57242059  7.09906431 50.3040146  36.5444381   6.54977086 39.65194152
 40.89868148 50.70949519]
16
[13.27813572 20.60079325 11.56375681 42.25961603 27.0863272  42.87495806
 41.64271707 33.29563107 35.40107491 23.41730899 24.32304685 46.80284357
 49.24140685 25.55244062 25.15933058 16.08854088 14.9623876  20.07394505
 47.43998769 17.82095078 35.64709009 47.83286548 26.29943266 44.4795623
 22.76233863 40.06329698 31.77972164 41.78452446 44.10949038 47.454153
 40.99703747 40.50292482 52.99526449 54.00037962 10.91468384 51.37484267
 18.89194457 57.13632295 38.79718641 28.28921032 51.12199398 28.22618691
 25.18257386 18.78307879 39.29951788 45.7555626  55.35026564 10.71229322
 15.03630426 29.1540016  13.6896889  23.50007744 30.58202651 49.25687116
 14.32986313 40.83962733 27.06679284 21.12956683 53.92901228 27.42398606
 41.10286678  7.18072372  9.34456894 40.98063995 54.98274493 50.27828895
 17.52642804 52.2771529   9.48187316 12.7847315  36.88607798 11.70407812
 21.93771335 28.46777188]
17
[43.41124109 50.15867157 58.35618635 48.23320072 56.34416602 36.2518756
 19.48540255 30.41620072 42.07863615 54.44582379 30.06536681 17.46855422
 30.13399331 18.29476523 54.17824795 33.27117342 40.99579298 34.56850948
 40.11906306 16.04258617 10.6406013  37.64452954 25.67282899 47.44390404
 15.15983554 28.80655354 55.92196535 39.6529755  29.62185606 56.39384589
 21.97086549 31.93288985 43.07150106 25.08699493  7.73671929 17.79874181
 11.37895447 53.74995395 54.70186218 54.02837385 18.01969601 52.27389153
 28.11856302 16.95196722 45.99804542 51.93380704 26.83866141 17.90890837
 30.08867037 38.13984648 59.33289834 19.25631704 57.45327812 26.53469674
 58.38708089 40.75586256 25.49337506 13.12341483  6.18728756 29.60124988
 55.7242385  13.84815184 21.3517343  26.78521587 25.25447903 43.54916217
 30.2270992  13.69730227 37.67563125 21.41161107 38.78289954 51.49625089
 44.11095445  9.47086435]
18
[46.57964186 28.42955615 11.48195716 30.94785964 10.55337385 43.13036882
 34.30403179 22.14574987 40.6666162  42.16264165 57.72864901 22.61142792
 46.94169378 54.53507573 11.36952494 23.50754121 47.58983089 44.94193224
 29.62621627 12.10364056 47.86258376 27.906849   22.29971925  8.18033366
 40.84840974 44.36765542 13.78678059 19.47703068 51.29188626 46.50560964
 37.37689466 27.9994817  52.50411061 34.71433884 33.88161243 23.44058296
 10.38883939 51.74067912 22.18228099 30.22799657 20.83282399 30.08996937
 36.78072804 50.08826265 26.87344436 33.66146042 16.65575555 24.75069048
 38.08283795 21.29871576 17.03768106 18.22651641 33.12971636 42.2224268
 48.94656828 48.09144662 16.00295952 17.75432054 14.49039127  9.50957547
 40.64047937 38.51779037 13.78213508 11.68245361 29.86333486 48.05873771
  7.22616612  8.43085748 26.09157291 47.3417297  22.88158092 44.23019778
 30.66235762 10.84467926]
19
[ 7.07104791 54.75977739 11.0834855  21.10872381 24.43052854 55.25693232
 19.59678629 17.56570726 23.56852575 29.21652355 27.78233323 23.33045519
 55.97015693 41.63524835 24.27563638 31.13274292 38.80292945 51.6212956
 16.91573029 41.8059642  10.22554824 54.25630741  6.99627444 49.83274066
 55.21448309 42.5430847  32.95169141 45.23419724  6.82203221 43.89592711
 22.12567762 49.73804886 40.6806358  21.78153782  9.01859567 32.51781045
 48.47594258 39.83606612 59.51755362 36.78447355 22.6318833   9.51990477
 49.55430764 22.40986436  7.34009362 18.45878786 15.90608088 25.99718241
 28.69371402 30.37110448 51.88411931 22.93130019 36.46318429 46.36044841
 47.11332503 29.22336526 29.96805768 40.57911479 46.80196948 57.07030931
 36.27659436 43.44218323  8.11428072 46.04479523  7.37807757 25.51026367
 29.55883665 39.1303365  12.79481771 12.04677375  9.5567211  36.65499807
 24.46842882 45.03934272]
20
[44.98353748 53.50874338  5.65714597 19.330332   17.42414972 56.60820123
  7.15171656  9.45947541 18.83547043 13.58170891 24.75723193 12.45821136
 22.6141522  16.540843   27.9413158  35.14098055 21.6500111  52.97234575
 39.68801136 24.6588922  18.78985001 17.50043931 31.45059901 47.27030658
 14.25300128 36.49368447 34.52098024  7.02218591 47.48215084 35.12409648
 41.97361229 34.04286714 43.31773581  6.45490459 15.67570678  8.61917023
 12.30191997 42.75146969 18.80856786 19.78941116 55.30047318 56.79058399
 53.83560566 49.87918689 26.25742227 30.62425537  8.84694976 20.25209879
 48.89128123 34.41119258 36.28249568 53.18113341 40.12680451 50.15930122
 32.24212238 27.13241667 54.50647229 52.0974891  25.44578664 20.70210247
 46.43693072 57.82752763 51.56545027 43.11254838 27.3864731  43.50635775
 30.64076358 21.40264964 49.99779757 46.25713623  6.40731328 18.00358568
 41.59413665 20.1237493 ]
21
[57.13586758 53.93860412 44.36295181 52.41591572 35.69862605 31.42250081
 11.42933215 47.97748046 10.41570299 13.91430428 34.33570131 41.95623417
 45.40091557 29.60185143  9.79239715 19.86993468 51.38823057 23.98952377
 54.73310861 21.49681505 46.10776011 48.38884429 21.23759372  7.55613056
 23.22338551 46.82652705 43.75926367 55.55809482 29.6577261  33.17447137
 42.38516442 22.71384697 30.97551781 38.54642235 39.96031994 49.37763059
 16.66268815 37.77501989 32.33604687 40.8423868  49.7528693  46.45990477
 18.23627987  9.71545888 38.38238445  7.51035742 47.27771913 51.25933148
 49.48353972 17.79554136  8.31189389 23.50094156 20.97026892 18.37408993
 27.04979887 48.43677012 27.30946697 35.5552727  54.59657997  7.31547348
 56.05177928 16.5992543  48.31828867 28.90865608 48.24401485  7.69773453
  7.7959015  11.03611259 22.46310754  9.49274294 40.63311008 28.99487126
 39.78631144 17.2989526 ]
22
[16.70622069 22.42614609 29.29846767 27.83166164 33.97096823 57.339043
 41.4557674  45.89431651 15.06902488 33.50300796 20.32156372 37.3134278
 33.68496173 26.59426434 55.39429369 38.94059276 34.58883431 51.14003748
 35.54297037  9.54539521 32.64569665 39.76194479 47.70391622 47.65198462
 49.12567077 32.82461344  5.20076784 30.6353104  38.7060445  17.50508223
 40.62195837 29.22915075 53.76570788 53.41865069 15.48716584 37.48443855
 21.64614648  8.42694872 38.84750282 47.56104592 39.20613056 33.55802289
 32.85714099 34.68025475 58.84342173 42.46614427 16.58637193 21.45046366
 43.78897444 22.66175869 10.18712748 42.53386284 41.44053947  9.08763632
 24.38790508 50.17935244 30.2985557  47.30609708 45.10942349 14.99635034
 49.17298173 34.00322265 46.43030356 34.20502948 55.28170132 42.40693101
 10.4329619  34.1063059  54.87951825 11.10914996 13.47638861 38.82207824
 33.03412492  9.48872353]
23
[33.89239154 23.12435658 17.23627017 33.97010511  9.08070715 47.53264954
 56.66083552 31.73030912 38.11054131 36.11992375 52.15622243 18.55666778
 44.03568511 46.44408544 23.55412361 27.17592519 21.8824784  26.06190873
 22.77292916 10.23279593 47.41341694 12.03516989  7.54187459 40.74610886
 39.11619527 31.85727903 45.76592376 35.06529945 26.3729182  10.37494594
 15.43692744  7.45825811 20.30171498 29.14302282 45.94854805 41.34895907
 23.61899546 40.59019216 31.05876468 31.61396743 40.72971665 55.95908731
 52.54148138 18.18519275 57.36439881 13.71658784 47.03394723  6.44777672
  6.10150807 36.41222682 27.21124237 55.04539879 27.40439677 35.46370967
 15.89720716 51.99468071 59.02838445 49.04683371 31.00492074  6.80921721
 47.36337389  9.40280823 14.36151497 20.30648099 50.09089832 11.54792404
 25.35139068 53.53925495 22.98888223 48.76515725 55.16325796 18.29484871
 19.41560712 38.3617726 ]
24
[19.24403993 16.51424926 49.08230186 22.57661822 33.10540092 18.67062313
 17.75401824 23.67530279 53.75661139  8.44545466 14.19551203 12.61729642
 20.57628663 14.40423842 53.61118397 21.87235505 14.24095718 24.53573477
 16.45126414 23.33645382 42.95310156 12.31858502  6.67001234 20.03025143
 49.35891118 24.27412759 44.41795893 13.97509844 11.73303139  7.30640214
 23.77716324 50.5515846  40.44285641 47.44534506 46.32036117 12.52417649
 25.56479553 56.3715263  33.65724873 24.30277603 12.2544642   9.11704295
 44.39936611 33.23269904 45.53135016 37.68252008 44.70206023 13.72103701
 42.01229025 26.37697046 38.44744463 24.34852584 19.62625867 35.15234398
 39.9532292  37.10147091 41.4348528  34.42062084 20.10101902 48.45934411
 48.3403695   7.16197895 20.26789729 56.48844253 25.28558257 19.55609268
 35.5178551  41.79945466 25.6576381  17.5017034  46.94017132 20.20154356
 31.19456078 56.18131889]
25
[ 9.56969389 28.50275383 11.7423788  33.67304376 30.45274573 22.46576418
 12.40297095 12.95523398 15.14161663 13.48611451 53.04139864 59.45360071
 25.15012214 43.43196361 55.27740192 33.79797273 16.49031952 15.7695964
 18.60649569 31.51926678 18.90650209 28.82021051  9.32714587 55.27489691
 35.19179697 27.06941261 28.15038549 34.0857165  41.91609162 44.56925409
 25.9573364  25.74832466 32.90975519 24.54462926 16.63607408 40.49697058
 15.34672269 56.60084626 25.96837082 21.1392814  11.68094917 11.35865475
 53.58188494 24.74661375  9.32260798 54.56958826 39.10629764 50.98130007
 12.39211805  7.23471053 47.22434364 33.12280637 23.27559584 48.54818974
 42.39754363 52.4922219  27.38186743 35.7239687  12.28742667 31.15156338
 30.97210304 38.11959916 58.51119176 36.56484251 33.21516844 53.76820291
 46.09718763 53.05192068 41.13126478 21.00028127 15.60628091 44.53671304
 29.01117899 20.58562689]
26
[34.1985796   6.75554859  8.83123569 43.29215514 47.14063276 48.82212162
 16.32970136 50.46357956 31.0699129  22.15718906 39.94942369  5.72731577
 52.67809066 24.51705089 35.69728407 46.51271852 53.72030647 13.73841513
 17.52185745 42.49363932 53.33644488 49.60103245 22.69629542 21.58345517
 36.01284079 57.6665796  34.70195089 29.42278287 12.85929889 28.02687611
 49.90197618  5.94319994 24.32780256 18.04125876 41.9182007  12.20329617
  9.57522601 35.157395   45.7915276  35.1573232  35.05816058 59.96008229
 43.92173454 30.76474112 38.70566926 34.1571574  41.01777769 51.09694548
 42.20691389 17.84805979 45.59634324 52.59428855 47.79244422 45.55977614
 36.75393141 49.16210765 56.78383024 17.35494441  9.51082769 51.20524676
 55.18772036 47.01544007 51.52291957 12.01387357 33.27925928 18.61090041
 22.41146502 14.71971215 27.33878375 53.66229827 20.79648465 52.23805367
 34.06954246 28.69416927]
27
[18.5401256  56.04894362 34.75572469 51.55796073 19.081482   43.67082454
 36.24693803 24.16816199 45.35417464 47.71436527 46.30715538 37.19898101
 46.55150891 25.99878387 21.4925363  34.05369746 35.21696595 44.27244824
 16.52571387  6.13644063 22.82647803 28.52339592  6.83608298 26.62882207
 10.21693652 24.20489956 28.4078781  47.15656096 29.06348729 49.29366806
 11.06936979 56.20195986 49.33290145 43.63964911 42.54587365 56.77646515
 34.99247591 48.53143288 16.79003306 55.41707698 43.99692478 51.93939974
 33.59407562 12.30720318 46.67692137 58.61872807 45.42164396 39.28408863
 40.08860833 31.40728179 22.4003733  16.13162053 47.45430413 59.19357862
 17.7770176  20.61627739 19.53914995 23.0109913  43.96193595 18.18459087
 43.57242856 32.88363498 56.21272041 59.27560669 36.94715163 13.5587633
 42.61152525 21.69201421 29.84456998 24.41757344 13.9574942  47.64465574
 40.33411588  7.81370087]
28
[15.79845577 34.50629495 45.33033428 15.20110291 28.19188744 41.76187941
 55.03369321 12.77668715 12.93950997 24.88658865 31.17370578 58.28665431
 49.04168758  8.37071248 21.76450174 39.08772328 19.17258972 26.93903234
 21.05967905  6.80532117 59.65328606 37.33709391 17.43331226 27.63190715
 34.35394646  7.58523791 36.79578091 50.33456722 32.7686774  53.81652835
 23.59797188 58.04754688 33.22613339 13.82650148 18.56849071 45.16024999
 29.86907148  7.10977338  7.24695577 11.32227746 28.69007176 15.65294001
 24.38093006 58.77405686 20.08042957 42.84665476 40.90619048 37.41631429
 15.40548305 17.17032482 30.10320232 44.04815932 29.96576577 32.44191583
 14.23009145 26.22049674 17.96565016 50.54260092 56.63545312 13.29381991
  5.06817944  9.40887734 35.60705756 20.99676724 24.69531878 59.1910514
 56.46953851 23.35716004 49.44369094 42.81264678 49.07354509  7.07341553
  9.57527183 38.29056154]
29
[15.9341189  29.12272461 47.04759941 17.79402094 47.35403794 17.51343951
  9.06800479 44.98585291 36.10537993 22.47530512 56.31364187 22.09854222
 21.4161449  56.58133986 52.35320873 17.18828577 57.38330572 24.64191899
 43.51129572 20.98776629  6.73087635 26.89289278 38.50561973 46.05052439
 36.35247046 39.11999689 44.39052365 14.62441449 13.03263062  7.01941507
 35.14492777 33.93500105 43.55426055 51.36676956 29.43405583  7.91930235
 15.45585171 57.49745536  7.44113692 10.92160954 32.91379503 12.63252446
 34.32271183 57.46015961 27.85644422 17.14020605  6.87438294 37.86241532
 18.97243002 12.93104772 17.40268731 57.84964162 48.44717272 44.79020959
  8.93192087 35.81498668 56.33783806 30.97806684  7.6375587  38.01105313
 43.54831719 39.3346121  10.77372232 57.29004568 36.39333032 25.40881008
 46.70873237 45.43134038 38.91421042 32.5707955  15.45992938 46.11157353
 42.84706424 12.08346402]
