[31.05401855 11.50847012 20.18779897 27.43781073 28.18296989 10.27947409
 19.36605456 18.94402469 22.02999708  9.03278104 24.11072124 18.15220869
 12.97095992 15.12143382 23.00725644 11.3081812  11.23598369 17.46357643
 15.01337519 10.38126959 15.22565708  9.54552931  9.76116701 19.90433874
 15.42619386  5.98621185 15.03007171 24.09213801 16.35588873 12.44073187
 17.10947597 46.88207014 12.20570647  9.65178857 13.36655215  9.722727
 16.14465154 21.70109375 20.00197586 21.83346567 14.72109948 22.58395184
 14.65504315 19.742189   25.88807341  7.62880027 17.83105289 32.19168079
 30.68417546 26.14933781 26.90625173 18.56130885 19.79996543 17.11956063
 16.31746357 21.26100852 32.91615701  6.96415938 19.83588393  9.91582564
 16.15854701 14.06227311 35.77351358 15.03255569 12.30905548 17.7224227
  6.19924515  8.3247623  19.49656809 30.11095148 17.30919691 19.01566101
 22.59974737 25.53468305  5.79745081  9.37464815 10.20737971 12.16824477
 13.89341448 26.20020784 36.92808526 15.0496422  21.99850814  6.49715835
 35.72080456 11.92010148 15.5177342  15.20868691 20.07404043 13.1667478
 22.16283133  9.66226971 31.45069982 18.88536046 23.95204064 32.0928964
  6.93477306 10.0598814  26.90001377 14.70033369 13.04199521 26.44131186
 18.91248141 31.00506364 11.09893639 18.53574527 14.37030875 18.79818977
 21.45970572 14.90461768 16.72303173 16.81009265 10.21827125  8.26625732
 14.07153542 11.13486845 22.62355504 25.90536856  7.80888628 10.7123235
 21.35656783]