[37.92045977 37.21517876 36.63193912 42.26940772 27.24329721 46.94675844
 36.5065423  33.48929041 44.06222679 40.89981179 43.74373672 29.45049542
 28.21565245 20.55149534 21.85084448 42.13417997 16.37014035 19.43899952
 56.69059331 40.544398   13.71997091 39.45200723 22.47352199 35.56411681
 21.86696175 21.56323366 45.46707422 34.52211904 16.94796262 14.60532065
 14.21170985 29.01602452 45.03814338 40.22205567 31.66104765 27.64626931
 10.70877477 43.31136581 27.00679927 12.60440332 45.32612567 20.85308264
 11.26140784 41.5500018  22.2831131  16.43311998 48.39910661  8.19446966
 25.32077093 32.62918898 31.68497174  9.04659477  8.1437836  22.01463761
 42.37867078 18.74384899  6.24007969 24.9563236  13.8374264  24.12097729
 37.16961498 26.34700618 24.77536393 40.75753654 32.96885213 16.4147688
  6.65636191 35.88413514 27.30221748 32.84436348 41.93841162 37.2171507
 16.40552664 29.47223719 17.79200733 47.50032205 13.00671629 41.34559907
 22.88747429 25.59827378 19.69435993 43.45884139 16.02098008 32.86976596
 15.15198303 27.28057085 32.35777103 14.5855304  11.95100638  7.24339215
 20.67190246 19.75709964 34.84963116 26.94711356 13.37797483 37.00285726
 20.50823094 25.40364857 33.84965139 45.11880404  9.9166716  26.05914067
 10.07710388 23.82511796 18.28347216 53.88588871 31.03933705 39.57360893
 35.18803842 14.22356891 23.47134003 24.14615842 44.62323375 12.94989682
 14.60185889 18.84098813 13.39403488 24.95088606 42.62443013 21.72983998
 41.76965225 12.81775688 18.3292777  16.22278285 30.24054577 22.16511731
 26.85331243 32.82466249 30.03239227 13.56467276 44.06576174 31.1608271
  8.51063321 35.54784509 29.86067405 18.97262311 17.33361907 37.65489212
 32.01272147 11.10337541 24.74192605 38.08999395 22.56837062 25.50290365
 23.77367401 30.34004307 36.98641632 25.76668444 22.32922307 34.58441493
 41.4497618  43.14680771 13.72855793 16.76774205 32.69836186 50.30328761
 28.67052098 18.41409379 13.31597623 13.78800287 14.09090375 39.34261283
 22.56975382 37.30537163 38.83317414 30.34158352 21.10333249 14.79649129
 11.88283328 23.44434967 13.34357269 39.5787376  41.82711632 49.46807853
 35.03192948 15.22836521 41.90939761 19.18598157  8.55201716 15.65399134
 20.90845738 18.95951904 16.78453749 27.34381466 40.5081167  27.23773633
 22.56824475 39.1930644  29.26557075 11.51348532 38.78157509 51.51074951
 51.06164201 32.03836563 13.15339266 19.56422377 14.52995581 43.93600423
 18.02743842 19.57877919 39.07289299 25.99848711 22.81108959 41.87856441
 29.61007644 47.44890326 20.40580686 11.81465042 28.88545453 28.94695312
 35.41116187 28.54857747 35.28575832 20.40608742 30.33989627 26.8083059
 31.33236429 10.65623605 18.16644041 30.47748676 23.89641488  9.63692921
 22.9085643  44.76708985 36.27785361 10.7437732  14.82382645 14.76191536
 11.30548904 15.33758805 31.36314977 24.97546191 10.48115718 18.55803166
 22.08225772 39.15466562  7.44872668 12.35922831 35.65467036 27.79278766
 13.61599741  6.93756451 30.60253584 15.88653976  8.12611192 32.77457697
 22.96920194 38.25792176 15.08814776 26.75918265 36.43432664 35.42299585
 49.81248139 28.2692427  19.52122376 40.01176128 42.11179064 41.07981708
 12.28707442 31.54202283 21.13148357 44.44275665 24.02601712 28.84044941
 10.26129304 33.02847547  9.4905694  23.14816527 46.72436857 19.11605865
 25.46791552 33.35356523 16.30828303 43.56725784 53.4651744  38.3303936
 19.7362975  15.70566451 39.21689717 18.84959625 26.19743173 31.35555158
 39.86395209 24.88353649 31.45983436 19.81828549 37.42350534 19.01995984
 27.13130447 23.94050235 18.3751728  18.14899662 15.5636636  49.93807928
 20.89824285 19.52309093 19.639109   32.01451539 26.06411547 35.64232504
 12.9631841  25.49101122 21.18609875 51.58615917  9.13638675 20.39414657
 10.70159803 26.94520969 15.74904407 39.0050252  20.31424817 43.95549445
 11.06437393 23.14469155 24.87736375 21.23164791 24.89737785 32.3364471
 35.84081257 22.06854156 46.74943076 51.16638708 40.64593516 23.97130542
 18.85129253 17.74488118  7.65235191 42.87235535 23.21755179  9.19267239
 31.58006626 18.78436493 29.47130557 27.14753971 30.81046096 21.22114651
 20.05622015 25.73141438 22.5316133  29.81459972 37.80554309 42.44223938
 29.42923995 52.28916499 20.49389827 17.24226754 41.01668046 31.54174732
 45.64121352 29.36013291 28.0637221  26.47472921 15.84056759 31.38886218
 47.63731999 14.40821028 15.45503274 35.97855923 10.2461847  17.56913826
 15.28454699 30.85922907  8.5200608  39.44256217 18.17114658 20.482477
 18.48449287 24.07322024 44.23475136 41.13915034 38.02465292 40.05698957
 29.91477062 32.62122464 12.02430572 16.27388295 10.83849772 28.03880654
 34.36392945 16.66412469  7.30982052 22.9205571   6.15006272 24.76451726
 15.80641483 22.74554215 18.60165516 36.53881334 39.19049221 19.12167532
 29.57582726 18.01062338  9.6260759  30.9086885  39.28249911 48.50038798
 22.77744133 45.89627581 22.30704113 20.09225338 20.67833239 45.48041016
 22.31931351 12.53076465 21.57545349 31.69020211 11.32493643  7.56036521
 36.00056517 35.14547545 35.67697505 21.52541973 24.04288226 38.1568725
 24.56387044 19.74998268 18.16187027 21.75797384 10.89156009 34.40545153
 32.33481616 33.43256064 41.61805366 10.95485932 25.57661183 45.81612788
 19.09737565 24.2411996  35.90568858 31.72664575 36.95736637 23.03470636
 35.13198026 27.20047236 25.02890765 20.81170704 35.34967464 12.34235631
 49.40637484 20.59718832 31.24642362 49.5512051  34.48968664 40.59985883
 22.59147118 27.62777997 27.8256182  34.80362285 22.98885784 25.67402259
 28.87431109 22.66097937 25.33630595 19.24342264 10.29048683 42.77650626
 39.92769239 20.0857669  14.08923598 11.72963041 23.90805886 31.32464329
 38.605963   26.46662073 26.28686666 35.39785409 23.7503508  38.17183497
 31.78533663 29.53553212 45.00257101 57.18163219 19.65458592 15.96422636
 36.30871929 28.56310652 40.28276451 14.90250818 51.79924708 16.77736707]