[30.58192996 20.74502459 11.06975788 22.70030833 23.84560826 18.08780356
 15.20524037 28.49019432 27.98299057 12.01238478 14.27617002 27.74236796
 26.21063757 30.87456762 15.98072491 12.25805462  5.93397828 12.33227862
 21.72965686 26.74359791 12.78027781 14.08256949  9.88391943 23.7512328
  8.8755965  11.73118632 38.49693611 23.46700096 12.40462738 23.96877991
  9.22433067 18.46049428 12.36022622 30.62004378 14.39603873 16.92235969
 19.8284794   8.77739148 28.18470874 20.96850578 21.47048696 16.65804028
 12.75471389 13.04693978 10.23873027 15.20897538 25.98633863 13.34010254
 15.22618064 10.00863069 11.86965784 29.65942397 15.51461742 10.31459274
 20.87011673 29.20529358 30.97987557  9.1502314  18.45208881  8.57197083
 16.8999429  13.48504508 14.95216918 14.42453653 11.37895775 15.98966335
  6.72914514 15.31178552  9.68548877 36.76258529  7.17037332 19.17450589
 29.16348172 19.37389817  5.2929267  12.56846946 15.05185405 13.29077012
 22.36130274 11.67261535  9.26824907  5.58523461 19.75288472 31.70192818
 30.92884802 16.50715651 27.03259417 15.57721628 10.58423574 13.93871303
 10.77772418 13.23174495 15.95407782 11.44558222 10.06932584 31.82761073
  9.26611434 14.38270403 15.51160665 21.07985064 31.22693146 13.46779861
 11.49543609 15.21853375 12.80166022 18.28970465 24.84632142 11.07304169
 11.57041959 17.83788564 10.47266962 31.93751857 15.47322052 13.252191
 26.1710304  20.24794078 13.84004267 30.0970181  10.98894998 22.00689725
 19.23356924]