[37.40000181 54.24018752 52.74828658 48.81879711 50.87209702 38.63201287
 50.88163157 48.01501312 56.8344026  44.44372098 40.23420659 25.52266662
 55.21094843 54.07432032 45.86858877 40.43643355 56.74751503 54.55425514
 38.10994882 42.2065346  20.82534201 40.8694913  57.87761507 51.58969821
 53.57890487 45.27668634 25.82803906 48.8767095  51.87459954 54.88043181
 51.21801855 54.36497236 48.27301619 38.43137244 53.46643763 50.9259473
 53.26978579 39.14589665 57.53302454 55.30113614 51.72947075 50.47163775
 51.14011287 27.19628418 52.47577563 49.32219479 42.4824264  53.44137536
 49.72547697 57.9176369  31.63986447 50.775189   51.179424   33.5493036
 50.86684874 49.15169028 46.02151129 57.36346012 45.83417854 44.6976923
 53.77269069 46.20188333 43.8080469  57.24561281 55.85517675 50.80658587
 54.19182529 53.26891878 47.87712965 52.04904691 48.05304286 55.75859631
 34.69175546 54.45671918 43.70653694 42.95942418 52.05506088 33.13889762
 53.56138034 44.92999584 56.86420975 52.47701284 45.86468487 51.68994433
 20.21098456 55.89818413 54.43821984 51.78302517 48.48581879 56.83209292
 55.08543118 58.24050748 56.28425229 51.56340075 56.91425742 50.19663956
 52.3950994  42.22298684 49.94469408 51.37947171 33.2916141  52.16704451
 45.53244499 40.18812225 54.49307122 44.54785208 58.04002964 57.86405902
 39.66699684 51.87497986 57.13303188 55.42026632 56.02979396 49.58308558
 50.67486714 30.62473196 50.66696933 54.89389201 51.281484   31.92950363
 54.78896465 26.49037611 40.17816653 53.10267021 43.74613589 58.60667036
 54.01868761 42.71696454 54.34806037 55.95260619 52.01688306 56.04489511
 53.06225397 48.48837772 54.23063118 45.12036169 55.80340955 46.17919057
 33.95198786 44.67077829 51.12879213 29.40159019 51.00726784 48.87218796
 12.64609181 50.90592072 55.98951528 41.61435073 41.92139175 51.53048775
 57.13531453 55.26264056 41.89402498 52.96080857 51.27961149 52.60958925
 46.2326167  43.18487086 49.45928861 42.38646056 34.51660002 56.93403425
 51.51270736 48.90640444 44.27811619 50.86347146 39.11064183 49.36718553
 56.65123005 55.93629211 47.7846115  49.44545178 50.83947024 49.53623858
 45.42814409 50.34383595 37.75747268 58.21936771 50.45172272 53.2088321
 48.9612325  44.30602157 43.54158763 49.37445075 15.75303738 54.89346206
 46.37782622 52.51733307 53.59200461 53.73962902 32.83751844 44.37655752
 49.82427581 54.20645383 55.83029699 58.04910516 55.40918573 53.09179291
 41.63564329 49.38800826 52.8589259  52.77477551 24.97514544 52.7626858
 51.56101037 53.03492929 50.05746497 50.90983433 43.84401752 55.28353832
 54.43552603 56.77988426 49.74724228 57.26716143 54.67616865 46.76291589
 54.66123748 48.80045723 45.7681329  56.99889216 35.99509509 52.05778779
 45.4930368  55.45398017 40.90514927 39.51057624 55.17449874 29.44963368
 51.27361327 54.31411284 41.48548938 54.04822967 56.00767044 45.87385638
 52.66621534 57.2864707  46.75261816 25.74111319 50.47487205 54.92931563
 51.63206654 57.81727082 39.90591235 38.46870254 54.18572421 49.23528935
 29.8320802  44.28856608 48.52987251 47.20670498 36.79525662 53.92934518
 45.15349933 51.40867792 56.92826492 53.35526486 55.06646786 54.34744153
 47.80330494 51.33901382 50.43949483 50.08505334 58.52014471 44.13024449
 40.4347557  29.98868642 52.16105734 35.09604855 43.52811691 56.54676665
 51.86029311 48.07585807 49.92933808 52.93501056 54.51574112 40.88134173
 37.86930761 47.15629516 56.6914039  57.41571897 56.71290564 53.53000584
 38.75164287 56.40599806 44.16417437 16.28970769 57.81861214 56.60508147
 54.59190353 57.25119435 47.84053083 37.4137146  30.80361113 45.64979678
 48.38206282 46.75446214 53.41355313 45.93402586 52.51199223 40.92913603
 50.95953133 43.03758635 52.78964778 57.44030154 45.79538939 21.70356439
 51.9750281  47.41516534 47.35769834 46.20322887 43.06785822 35.12835345
 53.12342059 51.39924844 26.74772016 50.77233614 43.93228688 56.60381645
 49.8971144  48.18095908 54.26407704 56.97353009 51.38949343 43.95340262
 51.41741941 56.79718998 32.68838487 15.2435412  54.661258   55.84607753
 33.25685486 53.70096908 48.65052626 25.09725757 45.09545634 55.58133445
 49.56049123 47.3820894  55.27935369 50.83606324 42.90353169 53.67171295
 33.25275272 48.51118899 43.40649703 33.19346566 52.64213159 40.97218967
 53.6336872  47.77012716 44.36111748 50.46063666 48.35453713 39.92451951
 56.6713847  22.88756297 51.41544345 53.47661653 45.59166446 57.80719692
 46.87955326 32.05299904 51.86014876 51.00480403 53.29675011 55.38365742
 49.32291647 52.45319621 54.65204536 56.51253918 56.06756186 58.14068633
 53.5630262  38.19176783 53.99223437 53.47839772 47.75496746 48.45651091
 41.52527895 55.05809639 56.24026869 33.50112277 50.51616406 48.26299348
 16.93330903 29.01123092 51.09805898 49.90975055 55.32659865 48.28145299
 46.5687955  48.60000821 43.7607424  53.21735333 37.62558805 42.68672041
 50.88333135 53.72603597 56.24347557 38.53592378 42.16699941 55.8054257
 47.59705693 55.78660016 49.09192043 54.78115295 35.530845   37.70220161
 37.73503844 46.59031969 51.71145141 52.43602819 37.46816205 37.6388875
 42.52083208 49.71199984 30.71881446 50.11533755 42.32725939 24.92443443
 54.05188144 47.27993462 51.95282097 49.74477077 36.29146648 54.66517102
 43.5736257  18.62972355 41.3386297  37.32568792 55.89597143 36.62582634
 31.60113311 51.54488679 39.66739213 39.57104527 41.05254434 40.83792018
 53.48354872 40.06611866 55.75258091 50.23537301 46.48317493 24.99338838
 55.16277628 55.532296   45.75466881 56.2643152  55.68967644 52.66581368
 54.50529547 37.84647689 53.1078396  23.868653   50.19584371 41.09865615
 53.9615646  54.9324791  49.50059018 53.99698805 47.3761505  53.16445535
 31.90215083 53.05457732 55.57218656 42.28537899 51.22289059 42.24961027
 36.30825632 31.67169471 41.51920424 43.9304303  56.16372697 50.42832673
 56.6198942  36.6831139  48.46608986 33.43765182 55.09748984 47.95806381
 52.69546829 53.19441409 53.87693338 48.37172471 53.16784332 53.59972052
 42.18062524 51.08413397 58.31582384 54.10567296 51.23292149 55.33374816
 41.65841279 48.81716682 50.29728273 38.49853831 53.92334496 43.68542481
 53.6531693  40.08039252 50.33934473 35.55127858 57.50111985 41.68682811
 54.83934334 56.20994479 48.42783893 53.10863255 49.92002474 52.52258643
 46.44705417 54.6520402  56.65558038 49.37248534 44.84260814 54.25318283
 46.71155379 24.94797514 54.49921231 57.5774869  45.31663488 27.99597185
 54.54445411 36.44336466 55.1678192  43.8666184  51.88312353 34.5054505
 57.54450613 51.11294499 54.19632948 54.55280314 51.31078203 48.67126504
 51.46099874 57.42377845 50.30930718 55.37786132 46.17162171 57.47875321
 45.79441044 43.82158947 55.11604685 50.24381821 53.19567543 52.27716839
 49.94657701 52.72984366 53.08811496 55.43250442 51.42634021 49.96719182
 51.08244394 52.70587608 37.2735927  47.15315723 46.88742658 49.56329024
 42.06199926 51.2158169  41.44385261 51.86202531 54.14037807 51.80573576
 55.70469466 45.48195416 51.56832583 50.32764846 24.02048613 52.63116071
 46.92206443 40.5970122  54.24266946 51.72185508 46.93280453 44.3922914
 51.86404878 50.9403024  46.5206562  32.36793289 41.22063732 55.00172032
 24.38223609 52.20031998 42.11336683 56.23578467 51.01945303 44.24143764
 52.7511688  50.89136596 52.90764621 51.71507772 56.25652279 45.82152828
 19.34654705 28.23477167 36.30929189 44.21436557 52.50093015 51.25698137
 56.53463833 44.06571335 53.35531228 42.67066152 51.22591057 47.59961897
 46.92797839 51.02232246 41.17270923 41.14866114 41.34396473 43.06246869
 55.38061366 41.81259705 54.81146904 55.44397328 36.326964   55.1634323
 53.75711726 42.05248969 48.56786132 42.03374071 44.31137939 49.67607929
 53.5467758  11.11413721 56.57752118 57.57801438 40.66503028 50.59002632
 51.09365572 43.98845179 52.75382844 38.9650489  42.85512838 51.60966303
 49.16361124 53.71466886 32.32348761 52.50118584 44.26845313 34.38105094
 36.55770205 50.97603952 27.78592019 55.78125341 52.18493357 39.72958516
 31.68916189 28.97543985 47.50121428 51.11409796 54.70769336 39.06237323
 54.15858748 45.11787313 34.20430179 38.84657537 54.90847959 10.08733881
 55.89806314 43.77943032 52.83199519 56.54305898 51.14182179 53.83681975
 50.34306074 40.29082221 53.67974172 43.62295466 41.14667764 50.35223207
 56.20136244 32.96388603 51.67438373 50.43911693 53.59802214 45.2393472
 44.24555551 52.9076989  50.20792646 51.3582615  42.32449658 57.83118025
 46.65249917 37.65036527 46.54618528 55.10788788 57.05716212 42.36857421
 36.2550432  49.90268562 55.0514771  37.94356723 55.2305851  56.24000968
 36.54438097 49.33221513 49.88414971 48.41725733 56.97167346 52.58821731
 52.35981546 51.35433407 51.38611218 56.87608875 50.21905369 52.9293122
 55.20262072 45.99995824 50.31319228 54.99565326 44.43421838 51.52168076
 48.92639153 45.26006847 53.33256314 58.50335824 50.72027479 21.60194841
 50.8027202  39.95755686 43.77635891 42.45978609 55.02231894 54.30343467
 46.72334418 55.18310926 41.83250485 50.38665178 56.82128373 55.40589912
 38.89318484 55.46749805 48.50811594 54.4781112  55.22077328 56.77315991
 43.00288632 48.66869181 54.45732508 52.69251961 44.88128584 55.63239502
 53.48824962 51.42043132 53.06010485 45.10015704 45.1445997  30.2513864
 56.16535103 54.76755842 44.88619875 51.75855202 40.51360098 51.06701351
 54.66516533 58.7987159  50.90761569 27.36547017 51.14765091 50.77969928
 53.05955179 48.60243569 54.99129905 53.19350988 49.01595586 51.15547002
 51.49693522 34.01534749 58.25575168 55.31401662 30.2540898  12.1546371
 51.72412029 49.75105617 53.59403468 39.40923058 44.09535165 47.60704842
 49.75594155 54.7511731  34.43516847 21.95672857 41.45622349 58.85150275
 52.76746837 55.77753238 58.23884633 47.004788   51.6268404  54.03513929
 51.91711677 56.69290521 54.91508103 50.23162291 52.60126946 52.51226662
 40.5819818  53.06804213 59.06603726 52.09862505 54.04991451 48.80900932
 52.59408943 47.89669366 55.49859831 39.7007127  52.89574876 55.27028437
 47.50800399 42.30793708 50.64070509 37.82917877 55.01258898 53.17897913
 55.30689764 53.41801815 55.65407734 43.93157176 54.34834135 44.59843577
 29.3389595  56.43879842 52.58751681 52.80664782 51.52332392 51.85430287
 51.2755693  45.64095644 57.97399544 50.15439804 45.75842047 55.10105416
 51.57508682 37.64420651 46.91245235 42.84286301 56.59597417 46.01289827
 56.11458567 53.14154602 53.78858656 43.35940883 50.10774432 55.99102391
 48.24782359 28.80660385 51.51903376 50.54911849 36.18381202 44.88547406
 40.47746395 49.32864839 46.80537319 47.57431988 48.0520029  28.20590293
 51.3791426  52.26985702 53.80398698 26.75617714 57.24115317 36.88534509
 49.74539786 33.63865452 54.90938961 55.24612602 50.63220368 52.20968545
 53.92122914 47.30652643 50.29765553 50.5848543  56.52800801 26.96531259
 40.36562322 54.72216907 51.93910407 51.14657961 49.85903744 51.43371883
 55.61069688 53.17380922 55.36151426 37.02897934 41.25167588 53.62011568
 55.96033431 56.18229274 58.09349317 53.02242408 46.91349185 36.7364509
 56.21213294 48.80170924 45.34846722 33.40661928 47.91353899 39.43829209
 49.42809027 55.29977323 46.96686293 54.3580874  49.20206694 59.07333442
 13.07169319 41.85917435 48.32058481 41.15247982 46.1752083  34.65447789
 31.50107399 36.47133267 54.84096594 42.22546984 27.07361778 55.44549531
 50.81641193 54.72254654 41.8080813  50.98769023 54.00530692 56.20097547
 49.59201977 53.88872446 49.43543013 51.31799938 57.08901263 30.65735535
 51.18688698 50.44533188 53.51867131 54.08722945 52.50292499 56.00200537
 48.031017   46.14588299 52.34454937 39.11105211 33.41960904 54.95124933
 41.06112114 44.61244803 51.50358023 45.05976145 45.61833861 34.71521754
 57.15333099 50.29464023 39.96802431 48.51038071 54.53564756 40.13362735
 53.9873545  52.44791458 42.31101478 11.1743711  54.71570389 50.99765709
 44.45484285 56.51078251 31.63473918 48.09304376 55.9342929  50.67378882
 46.88336465 48.41173042 35.80272893 51.41288921 44.51259695 53.3559321
 53.76267009 52.28336791 49.56510527 56.5743419  52.36820407 50.20109099
 52.48905429 21.5532459  52.88995862 52.00760316 56.44783496 37.74625221
 56.52472817 42.79786764 53.16019687 56.79101969 34.39315056 45.56349744
 53.46305575 37.48147921 55.22625408 55.07394137 46.48615814 52.80881869
 52.95672318 34.68590988 49.69768997 54.98335505 54.67237365 53.31195697
 27.36121182 34.39998436 47.5657113  42.85878847 44.85028643 43.99336231
 41.9454028  54.30630019 54.24242536 36.60592026 55.63527243 55.87007906
 56.97612056 46.25426291 45.69066685 37.99770705 31.95648155 54.21174245
 54.07510947 50.93387801 45.1892372  51.88090531 54.40609811 39.55678261
 42.49600514 56.69319878 42.90045412 50.79320245 40.36899382 54.2899135
 51.77409697 49.49041747 54.41697585 51.25417181 56.23614743 55.55344942
 43.40576493 35.15149278 44.20077803 55.6403272  47.91418315 53.03882229
 55.24858943]