[37.58638174 27.3283422  22.65084102 42.00181196 18.07259629 56.26621908
 14.31116022 35.51100342 30.049899    9.87950075 40.83015723 57.91450807
 17.17513732 30.18427424 53.91400344 15.87248081 28.8143289   8.58987478
 20.34130245  7.74551917 59.20554436 57.77201259 45.27531161 11.14316471
 13.35691268 31.07433781 40.48315781 53.24800708 40.45620536 17.01829052
 41.93373697 48.12400152 23.19770774 30.28511745 27.61956304 22.92417128
 19.28694509  8.45958944 18.27524797 43.41586276 35.80573786 50.52858066
 16.29003251 50.47879729 13.70664061 25.86565414 26.40300405  7.7604784
 18.02645169 16.82081412 39.84833012 23.80103598 35.82700747 31.61748832
 25.39613372 38.6829433  40.76557882 24.30159748 18.79488487 18.76759191
 45.04646277 26.16762297 18.97534931 38.04820655 30.27176454 50.03331571
 41.99617771 53.12760409 27.20069529 55.37378567 22.86401564 21.71600329
 56.76701463 27.79244921]