0
[49.15162212 24.64644253 57.10004884 20.46931134 32.46151464 43.78758993
 25.54894063 21.46216828 31.70880309 16.03668526 41.20778339 35.4004328
 15.13598878 48.94603545 38.32313327 21.97375009 24.57958131 50.89221606
 27.17383081 40.27609118  9.36497983 23.39341473 44.46951313 17.16940679
 46.5480093  15.9753665  15.74242366 22.53869468 21.97762911 16.15213057
 21.47645886 30.98734682  8.41125472  9.25739036 17.8961412  19.16402912
 39.34370211 18.72923583 39.61348978 31.69232117 39.12302988 36.15841221
 48.62958229 35.68764994 39.87848125 35.73778415 39.44876818 44.75947983
 20.10566098 25.27397561 29.69156366 24.56628741 49.97886269 29.27530881
 10.38897701 43.21932383 33.2215905  19.62395499 40.66806501 10.7503201
 14.42747626 43.53211984 53.44587485 24.37143824 17.4362943  13.35068471
 25.0010712  20.77146081 51.51087249 27.11605783 30.4548394  13.6413781
 16.42864419 43.06609811]
1
[21.71950334 34.06144966 48.39121194 29.54663404 36.84761447 11.32151874
 13.65662287 41.89368225 21.4019405  10.55699719 15.99036646 13.65427938
 17.11727122 26.92547207 19.27260819 43.99101938 32.82583325 34.98345707
 11.76573926 36.35632949 47.18271309 37.08480664 13.42744512 19.93056746
 13.66142841 13.5120041  48.05825395 38.83494214 18.27316588 15.50807009
 21.61971493 16.34925887 19.74261514 19.5815268  31.74575994 25.29075109
 26.63669769 18.91870843 30.7528976  15.14813181 14.84039764 31.55091717
 21.78674768 32.99817856 24.40001042 21.12908425 41.105314    6.66703076
 11.11148565 17.34655061 14.76615927 34.95406249 13.28127914 20.72869317
  8.31449747 17.36949571 24.30217242 15.925265   25.44954204 34.04271916
 30.85551989 21.91570082 24.31512195 41.63816758 12.07626367 35.38364842
 23.9680135  30.74332659 34.61249107 33.07303064 32.47713702 17.13176989
 32.40089399 17.70592057]
2
[30.98253157 12.18881304 23.06063759 21.92282779 25.14591921 21.60946774
 20.7416571  21.52280187 20.58057961 21.03412534 45.75067895 38.85941838
 15.36048343 28.90701028 23.04563569 27.40020263 40.80499968 43.00598116
 23.50258137 14.3021821  21.94147188 42.68691742 20.72177334 21.45723656
 31.30989431 20.04968027 17.42497001 26.23880944 29.32247108 36.77215307
 48.67073428 18.28192356 17.8022121  40.11777426 30.56169995 42.18669785
 38.58627025 38.12830453 15.9131808  21.28224278 43.62858091 41.60934683
 28.87222799 20.12903277 13.92184296 14.74661575 30.09106497  9.34359368
 24.39008857 29.10811031 17.84229026 14.28376272 28.35698976 46.45057727
 30.65151486 26.07549622 28.35630933 28.98046596 26.36889565 47.83142394
 27.55218658 43.99564133 20.39795308 30.25972679 39.05293677 17.47515369
 24.31032026 37.64072594 52.91026398 40.70920921 18.66295606 49.77952989
 49.80558188 27.63791794]
3
[11.94181543 24.09172439 37.29454722 28.57759578 36.45000932 15.65288867
 19.38437361 35.76832575 45.74986967 36.0276008  24.68193576 41.25948605
 24.02904654 30.26750139 29.30578212 17.30511751 20.62539284 33.75171801
 13.70725847 40.64437263 20.82492906 46.37836835 12.01249612 30.25367015
 46.93508781  6.46711193 14.39263812 43.82460446 38.7165493  36.75789557
 21.42458919 43.389834   15.39301877 20.51870098 34.8811757  30.27070409
 20.14026739 43.1853208  25.26715793 40.01846416 29.10613818 34.73258249
 25.11806444 26.81859573 32.87145503 13.86238998 20.62530907  7.79335022
 31.34053184 25.31285309 40.26957486 17.57210194 27.68438183 24.17838204
 25.12311017 31.59503792 51.74269635 14.64194609 17.93194904 52.62826094
 35.08262132 22.37568257 24.05465051 35.21763278 24.12349837 33.99567453
 13.98143635 15.54958515 23.5030481  28.80069595 22.25054341 22.56883544
 35.44646207 43.79518688]
4
[51.91591742 18.33195766 24.94313376 23.68922562 37.13008908 38.29537553
 36.72656571 46.81158732 17.9149095  17.80262816 11.62359118 22.92755148
 29.73188964 28.75059387 24.61598852 22.47638263 32.19926134 22.57011151
 46.91485555 37.99933012 19.74295644 28.34447131 22.37781598 19.89359472
 55.80049477 35.91023354 12.16071406 41.79136427 17.51234562 26.24267878
 53.21235826 28.05828989 22.88098316 33.93859867 23.52750115 32.8181731
 24.62641857 31.08936505 35.40530937 16.17067393 21.92883703 36.72787234
 30.18107478 31.43806464 17.06497999 29.31753451 21.84597217 27.48044135
 44.38928681 34.60435224 39.12060495 34.69867903 52.19444969 14.284368
 14.52499851 45.13974868 23.06188954 12.19918503 17.81881214 46.09695761
 47.50183984 43.94113316 45.28273762 45.51771852 39.25520127 25.75868414
 46.07503414 15.54194336 21.820506   21.85349071 21.55382406 46.17281319
 31.06279169 27.67399775]
5
[27.56052394 25.1514081  47.92357726 22.38003836 35.15253718 21.32884239
 32.89236673 22.64739685 41.74818491 20.72731654 25.12181307 20.5362003
 23.10053131 26.77572853 28.88993348 17.26372183 48.2044841  11.93599063
 27.20741071 32.7923963  19.34214499 20.7826734  21.17522945 18.74652102
 26.16335257 20.40407068 45.25932308 39.88771541 31.939912   32.40738256
 40.65538742 21.47797589 16.02739239 37.33452861 17.37438685 47.38657394
 23.20198217 28.98190952 20.7426016  30.08178926 35.39681832 21.46318054
 48.25647801 27.2587978  30.73935302 36.48201061 29.61701962 10.18666863
 23.3887811  23.36767777 17.38691341 21.52124025 20.34333565 27.5427215
 22.13344803 11.55424854 18.09016476 18.31226069 34.39653725 31.85137547
 13.35203471 17.9109901  35.28563567 24.67978549 39.66031894 24.35308916
 34.66517169 34.37943815 10.47612645 19.43097225 44.42320481 32.14971498
 32.52125163 34.7298879 ]
6
[46.23011987 22.34257549 24.75401662 24.42652853 30.85311815 37.93399786
 31.96553868 20.41680166 17.75411641 12.34360272 18.34256463 52.0769941
 44.73226827 38.75921696 43.54325102 36.12801687 10.29330994 22.2817812
 16.11548182 40.60620312 26.02144734 52.53787026 14.33799673 39.4844933
 32.99675726 52.56514105 26.69982497 41.5318759  18.25144014 17.06879829
 24.84178948 26.37824216 17.13490998 46.88892963 23.06046293 47.08479248
  8.29085383 16.28061672 19.48013705 17.78166621 34.54331072 23.27398284
 40.82807934 43.65895621 27.74081466 20.49016309 22.64103956 16.95102463
 49.51437908 15.21470732 44.5062698  19.24310065 14.04590195 42.39247305
 29.38871721 32.29263399 27.76466035 31.90051295 23.1649839  48.68872867
 21.88739258 34.29349888 35.37454141 51.37758945 24.39081953 44.25833419
 39.88031684 39.14862316 21.11432143 31.03463985 24.85927491 11.56311859
 39.45654685 51.06424962]
7
[26.94145635 38.77677808 18.51483023 19.9519368  18.08492784 34.67607822
 30.55012292 13.96309893 27.73561368 14.18132005 46.79031095 21.33113444
 10.23815749 38.67073771 28.36801561 36.01822516 39.86608408 28.74803177
 39.32803872 50.68464751 37.78618766 47.99452193 18.07366281 14.37740648
 34.00383874 36.39220656 38.45432693 31.00227784 20.92799661 33.76506646
 40.41828412 17.80377555 31.47599357 35.02696415 23.65491041 42.39620025
 26.3649186  15.7135912  27.05626584 17.56425376 25.82097425 15.9725206
 15.17655773 15.91878369 16.83741293 33.50871332 17.10845588  9.90423352
 39.21686455 31.39715059 41.36711083 21.12455129 25.09560838 49.58547519
 33.53395178 41.20739642 37.52128387 53.04442326 30.89047153 13.90416235
 41.83769835 28.85189399 18.34615835 24.82661318 36.31276933 21.72494529
 25.07008572 15.29926928 18.68796717 27.70500817 38.46617043 50.91335475
 22.76772868 33.21866279]
8
[17.49942709 28.75293022 39.10107989 19.78084314 37.4362067  33.86014937
 19.77666595 34.79350545 53.22632684 11.36336097 23.87934883 22.08066083
 39.27308669 16.98101681  9.60322939 28.72061022 21.30109405 28.87915542
 35.25766678 27.29399997 50.22209679 30.1257347   5.37311165 17.08152505
 34.4032821  14.75531577 37.4968323  35.67245505 50.59809472 12.81160986
 15.45739866 29.25797252 17.85587587 25.38725833 20.33683975 41.62619514
 15.4233234  29.66586048 43.03156553 38.89738824 34.56037982 15.10011266
 24.90827581 13.08573351 13.15608167 40.18944114 16.20755197 32.77845431
 47.99524673 29.47236245 24.88490996 38.46329214 26.44763399 10.32763901
 18.24561109 27.719979   14.19178245 30.83312058 33.16750889  9.45163797
 38.27055967 23.9258896  40.51486326 35.53579489 39.45052037 41.72647054
 24.66244571 36.71524957 37.5387925  38.08667373 36.10527077 10.61729185
 45.25227767 29.94845575]
9
[33.04368279 20.99167362 38.06146748  9.05694795 10.97508632 34.52571878
 21.51799148 43.95557365 29.67983594 34.50412125 44.09715978 43.16077068
 28.1175665  33.93067813 38.33228848  6.51297775 22.04681782 21.52461134
 18.03247065 24.73557464 17.84554394 47.57955932 21.3314321  10.11790626
 21.55192555 11.72963344 24.17787184 25.63375809 31.46581763 16.66678643
 10.28145514 23.79787268  6.58812089 14.4742453  24.54934616 15.66404518
 34.48445679 40.76725719 17.26961211 34.10731423 47.70613836 35.24607458
 11.3211931  20.1872695  25.77580738 28.47651064 18.3230723  13.85987841
 45.81570202  9.60150674 16.82045967 22.57646206 32.52585599 26.46060885
 23.41410392 31.01357161 36.26317677 40.62489176 15.693733   17.00074199
 20.96888302 20.64986316 33.73052155 13.72716471 20.24918786 19.09712602
 31.43417375 21.65545533 10.53467802 37.55950731 16.26505377 10.95360338
 10.45375013 15.69340959]
10
[40.93947802 16.04489423 33.4615182  45.83915544 40.29026262 16.11847331
 42.91922163 21.08106063 48.05261205 34.02404272 48.58203464 31.33772575
 19.74718823 53.83382577 41.60720774 29.54448811 28.77500789 36.00692898
 25.0348942  38.70017466 34.96825882 26.5261778   7.7341485  42.1244478
 42.6211594  25.18850508 33.55695778 24.98089151 45.6285977  27.21175226
 17.91334667 20.50980984 23.63292094 18.78410986 24.72139912 42.83958478
 25.15359116 17.60268908 21.37787196 47.08626731 30.72960764 19.60546637
 28.70628278 36.01634699 37.88578315 33.51968396  9.04749438 30.19537103
 50.55887767 10.10423601 26.40287222 37.1445695  28.31975199 18.35940413
  7.43665425 24.83107673 39.02507958 20.86305548 12.68342161 19.60938488
 34.91460352 33.21780916 18.04739518 28.42068858 38.33398591 37.47830994
 38.56296423 45.00241865 38.26763388 45.2536542  21.1549627  33.74987122
 38.43622573 14.7403031 ]
11
[36.79511207 31.23440358 32.34101762 21.23991206 12.3442876  29.83624828
 42.05633359 37.37632076 28.95148559  9.30052448 18.07784766 16.50303305
 45.31863009 25.74345299 34.48197976  9.42229194 46.88218858 33.16791922
 23.14586586 25.14674501 42.71186242 41.09415471 16.37579801 39.61913452
 24.10552613 30.16806367 44.62904846 20.61374444 15.12006418 35.54135214
 25.13207473 24.76462098 11.17786478 26.84415688 24.79578692 34.69665848
 38.5453703  46.97231629  9.54760691 49.45824698 12.76571646 22.71500611
 26.91906099 25.3292476  20.41168049 40.38925148 27.3636675  28.69082898
 49.23846757 32.84175224 37.81740258 27.44072624 50.15200285 27.69048341
 30.46036391 18.23324445 40.949612   16.73002758 40.91376469 14.15493275
 34.34651584 29.70767899 48.86200661 45.89588661 20.08024355 42.65376354
 24.33495886 19.72854764 39.71906447 29.19219735 50.97966115 28.38264005
 10.42324665 22.79830983]
12
[22.0117957  16.31959562 33.6998554  22.93520364 21.0565744  17.14752527
 41.87393236 26.39909545 19.45164514 15.35544162 23.23483697 16.6169478
 19.32226341 11.75870829 13.14947243 14.67657818 40.90463394 19.14948832
 10.55220145 16.21070398 15.66071857 22.71656541  7.36299963 18.62699808
 12.84013649 25.64626603 31.56953821 18.34438896 20.59344394 18.32812554
 14.88319003 17.88340469 11.03073851 45.80053112 14.0446103  32.96491505
 14.99981103 10.16164347 34.26689639 11.23332689 10.82532592 22.15845116
 10.41844714 35.31748174 26.05128617 18.52098729  9.23229809  7.16648194
 17.85380253 15.00567306 12.016501   15.13991572 51.05947943 12.95465492
 15.79391509 35.22024334 43.47155789 25.79078073 25.2387314  13.43137983
 12.36651227 41.06513285 29.8091022  20.74825367 34.61556026 16.67137538
 13.18095089 21.71849484 28.34456723 19.6329169  29.28690648 16.05309089
 18.84125583 16.35297329]
13
[40.23633459 42.99109703 35.52228795 55.59572907 48.51634625 38.91032266
 31.5331733  49.82648707 25.98575629 36.92619695 27.90608143 28.04346308
 38.7977444  32.85977536 18.60173358 11.84039074 20.88026968 34.15230506
 25.79343803 46.75048489 45.63981568 31.32959585 31.81698967 38.51262505
 26.87702936 41.02054271 42.59609344 24.01812792 33.67310976 42.51568151
 20.8740736  51.6833823  26.97777596 25.85443721 14.56352742 32.56440833
 38.25171539 15.90122648 34.29508147 31.52645764 28.60758147 44.04527543
 25.80092835 36.69518212 44.51432543 31.01894724 30.46107256 12.85274104
 39.90543142 32.15261392 53.91006676 22.02994564 15.98158586 27.40864204
 31.44354965 42.87871349 32.64400273 38.45391077 43.04040318 26.41676834
 16.54839284 44.12116372 30.35772176 31.18021368 37.18566708 32.39796212
 27.63761907 39.05579421 31.14901766 21.25419517 37.32285388 31.11809199
 53.52952508 22.04148274]
14
[15.12501551 26.14323326 15.89047441 23.82159504 10.91795128 30.21607801
 22.56375864 10.80003093 23.3198286  12.34986048 19.65322407 16.86193391
  8.61421529 14.17790176 10.78979859 30.81522733 28.12642968 27.32672822
 17.5040582  22.51273362 13.64744685 18.55853603 10.49143039 15.06423537
 20.21866804 33.53937674 22.55315669 31.53544852 34.32221396 25.59718398
 23.61410329 20.71161273 10.46518411 26.13068119 24.69100267 12.06918276
 27.71343125 28.32383092 25.45305108 29.1866717  21.13076725 35.17725241
 15.71777146 26.30064971 28.2634069  21.90346985 18.7360904  34.79527592
 31.05633259  8.52391549 14.45486121 20.8382359  22.13011533 12.33177137
 23.4108943  22.79553723 29.15273622 10.54916034 36.08824006 27.2123943
 11.45627279 31.31379783 23.0917348  15.62925346 12.72750285 20.9720074
 26.23749247 14.73392031 26.79702603 16.29606344 15.99705579 23.63875725
 21.91562019 24.02187542]
15
[18.88745335 46.78784046 16.25023115 11.76815152 11.98651744 18.00226287
 32.10475869 43.38502753 23.78103054 20.92174783 15.09098103 44.46628678
 10.2448887  31.62047545 15.97525985 22.87413712 22.24581967 24.58485022
 26.92014465 13.72330144 38.21809881 36.41543717 20.42879997 23.95415612
 15.14496448 36.45956131 17.40784208 19.74577683 10.07993493 38.54946777
 52.27717097 28.69226848 20.64085447 11.84748767 11.04134806 53.76638981
 32.66849753 19.54167064 21.72639761 33.79643295 33.40114396 14.55839483
 18.64384558 17.28339787 15.53320241 31.82900848  9.34761388  8.92626784
 34.25358451 48.2353714  14.4408942  26.67520261 28.25122525 12.47148303
 10.68261248 10.40185919 36.95132754 33.84304109 25.15017402 46.92134665
 44.45571251 45.38835387 27.94003505 18.22042006 24.22360607 49.54812589
 21.93390655 11.84738104 36.34372727 37.86096028 21.65122447 13.66385045
 10.10040744 20.58290834]
16
[15.23858487 42.83110467 35.016136   20.0570287  32.66803028 28.22872393
 31.52023208 21.04890618 29.90582919 23.70545899 41.93515629 32.28524419
 12.06600095 39.56886293 20.57050171 42.77916588 24.96834691 15.31362325
 30.18585057 41.39031628 36.29981432 56.45876052 23.22004367 25.61382113
 26.28729948 41.94110749 25.82614535 35.94230231 21.21773924 22.24865555
 36.75159241 50.24148994 26.97581238 36.35474893 31.85638832 11.10370422
 45.30882147 28.04047799 17.60097347 29.32638437 40.89704761 41.61476852
 29.45813116 15.96459751 12.61781088 19.80209901 32.31548702  9.26065334
 35.12266673 28.83777846 40.48358629 13.92186227 25.78236737 27.99235028
 26.15419566 13.7976194  39.7226392  53.10291367 21.07021093 17.62662973
 28.85058629 18.2875118  35.42791716  9.01918367 26.81903311 27.76528527
 15.72928399 31.89508665 11.78376015 36.48481389 25.97069651 10.87112871
 21.26524579 25.21283636]
17
[19.21275615 41.51484592 40.22152961 10.31575343 23.62027769 34.16243051
 39.29994085 22.67192755 28.61693207 36.38329502 33.22529908 36.96539298
 22.06651079 34.48216419 38.47028893 13.60707766 45.87075173 36.85627158
 38.86635616 13.30514912 12.26511852 34.78968563 13.59939603 42.5063575
 28.91102769 40.34594567 33.71395189 21.9028032  27.33886743 42.62790473
 17.80175967 30.58533076 13.7496887  30.41122451 15.01183716 21.80322311
 27.29872926 40.14410413 27.106299   36.61175141 26.72372501 14.99202332
 19.09722138 20.79488788 23.91446121 21.0356027  11.71425213 26.43297525
 49.28495625 30.66977923 24.95544108 27.60479905 42.54688756 28.34787746
 11.59335773 23.43997534 16.23764881 18.45152945 38.16155168 42.32927784
 20.90473922 37.91948201 18.45659629 24.58707105 11.42723279 21.97215168
 37.00854836 39.84365475 26.0685322  35.89852946 35.19874625 20.42201948
 26.9676324  37.71482126]
18
[22.59927659 22.55228543 24.98464115 46.82061006 31.65244208 21.62901038
 22.13460235 16.09732586 21.76952102 18.15128015 20.7322457  16.51366173
 12.93708449 11.04374673 21.59006645 14.42268626 26.32836545 46.5853379
 46.91696368 46.09708546 30.38930367 32.49593435 15.15270407 22.37745214
 15.96360385  7.83181374 38.94061301 31.79575266 32.67318889 41.3062941
 29.59922348 39.09179731 19.37768464 29.5745946  17.78300092 26.89374084
 34.27162171 26.82828298 31.72976848 24.84382009 28.77037853 36.34920516
 17.61677984 35.51957837 37.78388924 27.7927516  21.00774194 29.44728268
 39.75934985 23.17455503 37.08861809 33.0533213  12.94329292 21.87253264
 12.70261185 25.37426788 34.67070955 46.11749925 34.45598415  7.58024711
 22.7578812  50.2403105  33.25640108 30.64884582 32.45144482 17.10386899
 33.07161911 18.7112952  19.80527974 21.68859186 36.23222848 33.68293873
 25.39676211 26.5928198 ]
19
[34.27926275 20.14880949 21.08018458 26.8185712  27.13348165  9.30417294
 23.36997321 35.25917754 34.61271218 20.64775767 20.56362392 33.72425827
 43.57192629 21.68892952 10.85160252 28.94779685 51.0270506  32.49947129
 25.38814486 17.43375509 21.74880845 20.61531816 15.62268047 17.00651133
 34.4091938  20.41035238 20.1579431  16.3076399  33.407166   17.07452867
 25.70118742 36.85066666 38.35220753 25.10268903 24.42420724 31.5289653
 13.39210986 39.46509743 31.43535594 21.57431214 29.89856108 19.66626906
 25.092476   33.85534214 17.88156636 18.93006272 23.62293326 18.19730072
 30.93954204 39.90927243 23.93861669 27.64438216 28.67414224 44.92815455
 48.51694242 36.96304371 30.58422226 45.02608679 32.22822668 15.98524821
 42.57382432 22.76751235 33.41537742 20.64206411 41.01313399 37.89566149
 26.29578735 33.92672941 15.5175443  14.44952875 27.99188217 19.3611336
 28.65717374 21.00305768]
20
[38.60877365 19.40841883 26.95266118 40.43813165 42.21529553 13.92505871
 19.33402518 24.06082687 36.17805671 10.28103818 21.79042262 15.57879579
 30.39826157 35.84838091 27.10260254 33.31894115 19.3970697  26.5951806
 25.21404722 29.79507373 20.57697064 52.39872309 15.27242879 27.34649877
 15.55351377 28.53990568 25.15125317 25.62994547 27.20306171 12.29776212
 11.74926954 21.94128081 12.93844627 28.65943671 32.14191249 19.06325032
 31.48150783 26.62082401 33.00091607 26.49542521 20.55483722 31.85336118
 39.63299725 46.50243107 13.71613864 33.04423516 24.65538244  9.32934116
 46.44956151 36.68943689 38.86835406 21.5698016  33.41860715 22.03466913
 10.48868809 17.47341489 23.13633716 32.12682991 39.0711933  39.53494894
 16.43398246 27.59975863 22.32096304 12.60096545 32.90295723 17.32842484
 17.67588415 30.90599529 24.93990213 29.12810317 32.89186588 26.96256087
 30.91920056 23.58867785]
21
[28.29695308 19.80767736 28.18927326 21.45050719 47.94660804 28.9306787
 40.93008374 28.48452632 34.25603369 25.67230251 25.53804703 39.8327719
 11.09515915 26.19771008 18.72380534 46.63069979 33.1438058  40.56088809
 17.88449193 35.32248919 33.32339179 32.02504008 31.87982553 17.49647954
 33.52290958 12.89634493 32.95446416 16.06456052 40.441639   36.86547187
 36.79390695 26.05718759 36.44558856 24.5652744  43.95839318 19.11540066
 41.41451785 31.81968614 28.49007956 23.00704004 32.06631895 26.27362355
 23.43394097 37.1205342  36.50543802 29.38042589 26.01036782 13.4244565
 48.92261609 39.25388505 28.65359656 24.93646013 25.34080032 29.29411432
 32.21103538 27.40962613 36.87388639 52.4020283  28.57429713 22.59690061
 12.67608808 34.42874459 34.12690286 40.74990853 27.36814296 36.03809458
 34.81340948 26.42144409 23.75670985 22.73977506 27.85670113 33.63310077
 40.46105499 30.45374836]
22
[28.09355984 28.01853976 23.48021652 24.08030124 25.82783871 14.56725353
 28.16718894 24.76882546 39.45873756 21.78909597 52.58295652 40.98355916
 28.92069326 41.52704916 38.40795739 12.41927549 30.50197274 18.70532913
 51.05214583 21.94950159 17.61806954 33.81083976 24.99301943 35.76789938
 39.00856554 17.1753244  37.11704628 20.80500892 18.20904726 21.83743683
 34.54893409 14.97787996 30.07770414 42.3431885  31.63893568 18.95809056
 19.36387118 38.72049482 23.89195624 34.02797354 28.35818699 28.35211615
 21.81425412 29.16885961 17.67273017 42.71801353 14.89412128  5.10779761
 47.29378394 23.18339243 45.95965098 43.1224672  17.91661759 22.93483437
 22.75661035 13.20153327 14.07657471 31.27363352 25.72498652 15.05647801
 37.22559659 30.25325848 41.19526185 40.15618722 47.30560929 38.87614925
 11.72726054 42.39330179 15.11794163 39.1727056  45.36673268 42.37004583
 56.74318264 28.09738122]
23
[35.4433917  23.0850237  29.96094524 18.34020763 15.22845389 32.29050534
 18.30565551 16.1397813  27.57729538 30.46102392 15.5815569  18.55311343
 16.31800059 34.42679134 15.92682601  7.52400889 26.74884397 36.18256577
 26.13505479 33.36468216 37.63378747 32.31505501 30.05501801 20.01802427
 33.65407094 18.0709321  17.47413959 30.11384844 24.00879425 15.66004433
 29.59688443 26.3710518  18.86028633 37.86861653 35.76596785 33.29987353
 14.27601348 36.44761683 38.77622342 35.54397113 40.07643941 19.68362811
 19.24259126 29.30823179 32.25453567 32.71572354 27.82883712 22.94589047
 30.55502769 31.790171   18.9623078  25.58550349 16.84379208 19.00722369
 12.67768664 40.44465729  9.58210137 33.55432507 30.48610209 37.53331938
 36.20788188 33.8068974  22.32446767 40.36748594 31.09518696 21.17909526
 36.09249958 20.92423467 33.45311557 31.50785049 21.2950122  17.39774747
 38.36706601 16.2571572 ]
24
[31.19181661 17.92438954 23.50370233 21.71476555 26.67023562 21.93928063
 14.05617848 30.82155126 10.30665804 18.47637044 25.94115809 22.43741683
 15.16369516 18.11059659  9.33926598 29.43273878 26.03580993 11.99984945
 27.91583538 19.40061511 21.110344   24.12112293  9.00406946 28.47261427
 15.68145207 22.84759256 13.36396518  8.90125137 22.69756378 21.88756868
 18.17805816 20.46532157  8.44901763 32.96608987 13.05185813 20.05941459
 17.98003751 35.17084582 16.28339052 41.51997004 54.14636787 23.47109031
 32.62286414 50.29870303 30.93997697 30.85505726 11.68957096  7.29773234
 20.36351884 29.31357419 22.81070585 12.93915591 25.78844596 12.19576536
 30.19361368 26.20051493 14.10297627 24.11570532 23.155282   22.0730607
 12.32553808  8.10338402 20.00795687 26.31647716 27.11294472 20.23811717
 13.62612176 29.90841543 20.69910742 31.01182877 14.88692741 27.66459369
 19.91411927 21.86483902]
25
[20.64287776 35.55441673 36.84942829 32.66904036 49.50702566 42.3465977
 28.05296944 19.46988585 20.49737481 19.99250667 35.58786607 21.50314002
 20.32610921 22.81772313 27.23871342 39.00219711 22.81827488 34.72425116
 23.40843121 50.92595352 40.38517742 19.83157515 10.65336517 22.72094942
 34.40681745 19.71004251 38.52495547 24.86907797 32.07828561 18.55259387
 21.56033806 37.89303133 42.18820262 22.55638975 52.48899997 32.80525724
 30.09941797 30.98412723 21.43356355 25.19204691 36.34991811 46.84694429
 28.94293921 26.55814592 31.34891602 37.34577516 20.47079766 17.32554032
 33.85259904 37.65968891  7.48877162 21.13087405 37.68355967 50.52740765
 17.76328534 32.76517806 17.9021266  44.13723478 28.56653142 31.56020663
 22.37567323 23.11030481 47.86966735 34.74225957 38.5445989  26.94108931
 28.89408771 25.12402075 19.24111296 34.07429162 33.42864667 19.56443848
 27.15436947 22.86307987]
26
[25.47138727 22.68488303 30.71576032 10.38569258 26.3479048  17.84305786
 26.7708303  15.71912377 26.73444935 28.29063264 27.05072767 13.01164429
 25.14663362 22.52382817 24.68443966 20.57908157 31.0236604  13.00125337
 12.47322182 14.4898315  25.2967846  20.02612684  8.80609265 32.65759437
 18.1638368  10.64096325 15.71510154 54.31040414 13.77944627 25.0038813
 20.47104971 26.14504488 19.01426962 25.79537781 36.83042987 12.91089279
 43.43533539 23.46374055 12.4106198  16.66352196 11.69424032 23.21577058
 20.13990598 26.91993567 45.33588111 28.38671329 20.08410332 15.64357211
 27.22920312 16.1648767  15.94304761 16.05174252 47.58776641 38.29768223
 35.45331273 40.69561745 26.26409043 16.33107969 35.12563254 21.00254697
 24.38329632 20.43190508 19.91067212 21.93221014 20.29109789 19.23403646
 19.78378555 26.46643544 29.21567844 55.60433345 21.2854736  36.3922893
 13.16965998 22.5880826 ]
27
[55.64209734 41.9606956  20.4355675  31.38689134 36.11171319 41.18084678
 45.25477334 48.01136092 26.81082921 25.58200378 43.92103167 39.60409121
 47.61346526 39.23835156 29.49774563 19.59198418 15.14342736 32.12311402
 16.75059847 25.04715826 48.71370032 26.83979738 12.46617937 12.94869327
 39.26266817 37.34031428 41.79411574 10.38937478 23.84641965 22.02648587
 30.3242218  24.43489251 25.31977638 19.54885204 53.47973719 46.16064475
 36.04580123 38.21122017 22.77092922 34.62689173 40.37001395 23.56273309
 15.59934991 41.61578409 16.60695201 45.20782604 39.98519393 19.36551375
 43.03223261 36.81368692 26.00268157 37.79230274 33.23188811 47.91943835
 29.62517486 29.95328582 33.49616745 20.27274163 42.1953308  26.34031753
 17.07561756 19.42496853 32.80615503 24.72885424 43.37900594 47.35211271
 25.21576309 34.00045834 18.20204739 32.87231369 35.33334591 22.36574174
 36.8481539  29.36389941]
28
[44.20393023 18.11502334 34.63532189 44.34195684 30.96237067 22.50613807
 30.18437433 27.74747483 32.0182876  28.38525041 52.58141282 47.99350413
 19.2513526  27.13962566 16.10210245 14.82798598 18.75740558 39.72268094
 28.49494749 54.40726817 27.11352987 23.60917611 19.61270603 43.49795666
 32.64408598 19.40944491 30.57022954 49.74794428 33.91948901 37.50574897
 18.08380071 22.61297717 23.90069252 40.12466236 48.00836041 46.51859317
 28.35418596 40.1926803  32.59944747 24.84748027 53.09544397 19.54621292
 31.28642853 11.20334614 31.78004321 28.13642662 15.97452687 26.66427748
 25.72481193 31.90905259 32.71584574 22.17163824 22.8873422  30.72305794
 48.36486976 21.72780771 20.39824245 41.59524055 31.9462356  34.30867586
 39.91380512 31.49584518 27.28412307 30.82077158 39.37738549 26.7826323
 21.23231407 37.61130733 27.16133208 47.35699337 12.79088858 20.19678673
 33.37097312 51.98069628]
29
[42.68882387 43.37718717 26.06343662 43.33059897 47.61609273 35.39249238
 36.33809657 34.6689148  45.12562444 18.85487873 41.91367788 43.36711849
 23.91257757 30.36293589 36.31851532 13.86307584 44.21991705 24.46729298
 46.22345175 33.47272112 25.23287244 42.85090375 35.45457935 32.40264023
 40.42120605 48.53343062 53.97785633 44.26209723 23.43409367 41.72382762
 30.53076874  8.32361453 21.6561619  46.3168785  35.00983633 53.94801065
 20.51033561 26.1379069  29.75711135 27.26252983 20.63383405 23.56813275
 27.68040447 27.1365017  34.61365946 22.19367542 29.44431251 23.3071232
 40.37161271 11.85224471 42.73072571 22.15729299 40.33743206 31.97852621
 34.950586   24.02171055 36.73582399 17.45337361 36.13144958 24.21905041
 32.06782235 48.25319794 47.640242   20.14298761 37.21831924 33.7111558
 26.62661029 35.09872107 32.44269095 34.74807575 26.90201899 25.74277314
 47.15858571 25.30271392]
