[28.09355984 28.01853976 23.48021652 24.08030124 25.82783871 14.56725353
 28.16718894 24.76882546 39.45873756 21.78909597 52.58295652 40.98355916
 28.92069326 41.52704916 38.40795739 12.41927549 30.50197274 18.70532913
 51.05214583 21.94950159 17.61806954 33.81083976 24.99301943 35.76789938
 39.00856554 17.1753244  37.11704628 20.80500892 18.20904726 21.83743683
 34.54893409 14.97787996 30.07770414 42.3431885  31.63893568 18.95809056
 19.36387118 38.72049482 23.89195624 34.02797354 28.35818699 28.35211615
 21.81425412 29.16885961 17.67273017 42.71801353 14.89412128  5.10779761
 47.29378394 23.18339243 45.95965098 43.1224672  17.91661759 22.93483437
 22.75661035 13.20153327 14.07657471 31.27363352 25.72498652 15.05647801
 37.22559659 30.25325848 41.19526185 40.15618722 47.30560929 38.87614925
 11.72726054 42.39330179 15.11794163 39.1727056  45.36673268 42.37004583
 56.74318264 28.09738122]