[35.8640071  13.81363779 28.14416279 24.0866173  25.95006808 41.88610732
 29.68824446 32.11361963 40.26793983 12.03118076 53.50365128 41.88610732
  7.846176   46.81999769 30.13882698 13.58962294 40.48856066 23.09575215
 30.25526724 17.94350245 40.13686812 41.16579043 15.74779691 23.4003008
 31.4244462  35.15220772 32.71053771 58.10638702 27.08020446 25.31445392
 23.48015358 30.40521213 13.1324838  36.055244   52.56418936 41.88610732
 24.77708976 25.3798601  35.66475123 16.22136633 41.88610732 38.88689452
 16.32495273 28.32084444 39.08712917 56.94363626 11.56820281  6.94719178
 24.92275463 30.24310041 46.73434466 20.72975412 37.33779006 50.74942914
 26.98670856 22.06408721 49.89860188 41.01669244 21.76619663 45.68608507
 22.29430471 25.60120038 26.99265705 36.82594012  7.8144835  41.88610732
 32.80600737 25.36921987 33.3686316  30.7850495  30.7521178  33.23041564
 51.26696813 34.73218525]