[21.60678399 11.98835623  8.08749549 16.65421085 26.3019845  12.09112074
 17.43717777 19.37946574 22.83632559 17.20039405 33.45511315 19.68724012
 10.41010314 14.82767136 17.31520457 16.23843839 13.6351374  17.67818519
 21.99712164 14.41326275 18.22247855 14.28766799  8.02830307 26.2873528
 26.32388369 24.25355908 35.30249736 24.83111845 19.04825874 27.20896206
 20.74330216 10.99695732 23.54475264 29.04858114 11.63034887 10.76590555
 29.62261074  9.71714076 20.81208481 12.76074881 14.35380292 24.85262902
 18.29241027 17.46396763 31.25909927 29.71378757 10.20730775 14.71806823
 11.81619848 20.81356499 28.77255092 16.1918208  25.39764368 10.47743806
 18.00240547 21.60654116 36.31698439  6.71399307 23.94060883 10.0508222
 12.76387349 13.60686848 20.01281561 22.78770219 11.32725294 14.81398475
  9.7508489   6.00871757  8.56126763 28.56993045  7.81990978 14.63746556
 15.70456432 24.18468515 14.55694515 10.24448564 33.80605329  9.15908546
  9.05677459 15.79148979 17.95286956 16.13521557 12.99820244 10.59301415
 17.29401358 20.2908053   9.06062861 21.12206212 12.20964176 27.6087976
  7.72898742  6.54029397 23.84519751 14.61967627 15.8115955  16.05546459
 18.39649372 19.8574161  18.58868274 26.3000959  20.4239875  14.25586055
 14.62406011 15.15671339  7.77966685 21.16167382 17.24505173 11.01241271
 30.46345251 18.51823348 11.16780609 13.90721329 31.80225497  5.9537812
 21.27060776 28.19479578 30.51170178 26.31312479  7.35210503  9.79209854
 26.85682366]