0
[15.39878422 18.2362888  10.60105396 11.29399621 14.99389629 12.94754602
 24.12810679 17.78077394 15.05757282 21.7075926  21.8743272  14.93147264
 16.8330645  13.59554839  9.78604153 14.61495342  6.78672085 12.69903446
 26.23565856 32.66274382 21.21286925 19.68998287 14.66620842 16.19658405
  9.62184304 19.81609472  6.5672772  25.64549764 22.85027562 20.88481157
 38.32527809 18.7379045  10.17633753 11.89867363 19.13782443 12.32129405
 10.16550952  8.86824778 17.33053469  9.05834443 19.94656976 16.57558122
 23.16192188 16.09603217 10.79863591 24.83880085 20.48888731  5.37100755
 11.97927433  7.12907212 17.19772536 10.49724995 10.00823766 16.27025541
 21.20815828  9.52340587 21.7917687  13.70645856 10.28316259 19.44480125
 13.55515672 29.78715889 16.57201523 24.49170062 19.95215821  9.33831298
  9.80871751 18.93874174 23.30805139 18.95020906  8.24921027 16.24343377
 27.5622532  19.94515523 13.99899972 22.1250583   8.29932007  6.31175256
 26.73315296 18.79196409  9.11705934  7.35282921 16.96422918 15.5963227
 13.51528827 20.12902279 45.09035121 11.17015996 20.80931353 20.36293148
 10.75660708 24.88935543  9.18238227 15.40984032 19.96278577  9.86238017
 15.95068357 18.3207115  12.22324467 13.03845398 21.8780818  32.34956713
 17.50097868 10.29683857 24.06083585 12.42534998 23.43376804 16.21713937
 13.49580147 26.46182365  8.57968948 37.81430269 28.85292651 32.98659811
 11.41580122 12.88526749 12.32581067 15.82276612  7.12029932 15.50512765
 28.07540281  5.95231877  8.2356987  25.4626185  17.1883078  17.90680139
 10.31405192 16.97574293 26.08500369 20.72039036 15.25926117 24.45143921
 14.32197059 12.36449928 11.08838934 19.24051655 26.96915013  9.63009439
 19.55989275 11.05974486 17.5780001  16.47057645  8.79747389 11.5139073
 17.28359593  9.3101004  18.75604646 20.6508734  12.87299589 26.17683926
 19.95869469 23.1870238  23.8126079  14.1023616  18.68936236 22.10123728
 12.93192738 25.89138611 19.27471648 10.41620791 21.55070127 34.57067323
 13.27344518 21.3130513  13.83306677 12.84203793  9.48870908 23.36597093
 18.53905048 35.90171432 16.45779873 17.34701152 14.43504032 19.8041598
 18.68349223 14.47771612 22.32195076 14.89187561  7.7457203  10.88944184
  8.05520802 15.37264038  8.6384585  13.16282529 17.22955264 13.45237918
 19.241979   14.34640365 13.66253765  7.71989136  5.92027599 13.26319092
 14.5964498  36.49859877 19.2460613  24.57319945 12.12702303 12.83608957
 20.55914574 18.01278791  9.77727186  9.63703306 25.67380655 12.61719163
  6.42344984 24.25606443 20.35309287 21.45657061 17.18068838  7.30714847
 19.19911888 21.84429588 21.85397421 21.83239533 11.7879518  13.296153
  7.87536998 30.42343721 17.61220958 16.67785715 11.59980126 24.80306399
  8.42183644  5.848576    7.84192411 13.36659544  5.1847651   5.989194
 20.38521149 19.2422398  30.80270841  9.82822072 15.69683164 16.06768219
  7.51305321 13.60862089  6.02992034 10.05757365 21.5754763  11.11621062
 26.37491027  9.70187913  8.84967377 10.85695626 10.03752413 18.42555564
 12.69134196 15.11396021 14.65188478  7.4913532  15.67973688 24.10250018
 16.77393303 16.57556146 14.15401738 20.81565322 26.33064513 16.97751953
 30.18236901 13.52673647 25.39014939 12.30695039 12.5427573  15.7690972
 21.09144027 11.45081438 18.96298554 26.68325007 18.10928994  7.92291102
 21.23331826 11.40668165 13.67859672 10.95487404 16.54529323 20.85368432
 18.5256614  22.89230662 23.65803357 17.90266318 19.45086222 13.42770927
 31.30376997 16.63965424 28.86299152  9.80488766 20.50996143 10.99656464
 12.20044465 13.90626687 19.27978431 15.9540055  16.51639289 23.50822712
 25.41493722 17.69128524  8.97708706  6.92189511  9.65171432 23.43412521
  9.1777082  15.02022509 14.06425308 18.00788212  6.06915465  5.54446978
  6.27458585 12.10352656 13.3890577  32.99806573 13.61589884 29.65892395
 24.54641973 16.52865684 26.59752547 20.80697782 20.38469094 11.30123294
 17.87340443 16.34312455  8.75395716 11.92072305 12.73481742 15.61373976
 15.77624919 18.55416952 16.1799257  16.43676499 12.28709049 19.68902098
 10.21862584  7.70188378 27.63769075 19.80888882 23.62667566 17.9981836
 19.45504759 12.45667311  6.08446207 17.03460065 19.53957872 15.87321412
 10.69680799 30.55456963 16.93324947 18.59724914 16.93858639 14.15545754
 13.91687212 12.36869006 10.85697152 18.9668742  24.60261242 15.59539359
 18.08790149 15.11585305 21.3539127  23.35446291 14.52555592 15.30063173
  8.8514394  17.34778748 13.85427924 19.05939139 13.48283059 10.43946381
 16.19881609  9.91631912 15.15151225 10.07832346 35.31176587  8.26131497
 10.60163212 13.88983552 14.52485914 21.64045154 43.4490307   9.76010828
 15.39688418 19.69354633 19.81952498 10.46677354 22.80267065  8.6432757
 21.45655176 13.66586317 16.62763444 15.47094616 27.74285513 10.69505009
 23.03560723  9.03592224 11.78083904 11.60178168  8.07884155 22.82141843
 11.21240483 11.54723261  5.75942463 12.97961896 16.13776251 10.70142966
  8.28089464  5.9019673   6.87634937  8.46548965  8.64482531 11.54276298
  7.21084429 20.83224626 15.2436692  23.22882304 30.32666091 12.09057608
 13.30313837  8.74944142 22.63924311 22.73740684 25.0169261  12.55200848
 26.57323009  9.70547286 17.43184044  9.6272069   6.2255465  19.91860075
  8.95717539 16.8260861  15.76491801 18.33180987  9.29876443 16.83407742
 22.76509135  9.50852189 28.24836768  9.85456829 11.00569435 20.37377105
  9.79352828 34.67548299 14.12056762 12.16334722 14.18698649 13.96378917
 11.47409967 12.13650517 17.26429952  9.00530438 21.53202578 12.90635295
 14.98033867 25.19271516 12.54255111 13.5747875  13.73230334 18.27150486
 22.9036184  17.20471563 28.4657958   7.1143629  18.0386993  15.57726908
 10.65800171  9.70754608 35.01879895 17.50170815 18.22039266  7.46520936
 15.6293524  19.16735244 13.5467201  28.695003   19.87987681 17.59917431
  7.56210903 12.06646733 18.588131   28.51215175 15.21056433 20.6766044 ]
