[24.01694229 33.2861447  20.14383937 34.27034164 12.70326481 24.26537284
 10.65317182 29.51095981 24.30890715 22.24769757 25.8956769  22.46010138
 15.34635756 21.8199304  19.84845224 26.86042025 26.37545931 31.91868694
 35.97666535 17.40410294 20.63962284 31.62540172 46.24411598 24.53798285
 27.2994441  25.61555385 41.30118702 29.45492169 31.43700602 17.48115832
 45.35737508 23.79785421 23.60180252 21.1111888  26.32019117 17.73232086
 26.35697879 19.84091447 30.84650024 37.61101355 38.79231286 42.40079317
 23.91669265 41.54070766 30.79320075 25.99767977 32.37563353 29.87721967
 24.26372167 25.94281142 24.21918635 21.99895192 22.62147992 11.28948955
 19.86192904 36.62987725 18.99510349 19.27750586 21.7247783  25.35168205
 29.23617126 46.43018543 17.94257127 16.01181826 26.34236792 15.62123591
 16.05531007 40.75075957 37.50717539 37.10146442 16.09109968 23.87018925
 24.91011868 28.91605312 21.14133864 29.39488049 23.04342989 37.17709246
 20.76937915 37.78755134 29.61547953 33.8022736  23.62159878 37.83205899
 23.48772729 22.32727709 28.29441201 25.33368371 16.1014299  51.09064628
 27.84436812 25.53941843 20.29434769 20.59224854 19.18832639 26.32356688
 21.01542164 32.75921269 42.04862153 47.885603   50.44395628 15.52755009
 15.00815886 11.14804908 15.32653944 21.36755386 17.51536369 20.89755246
 24.75408869 37.67432582 15.70830208 17.17346013 26.65944845 27.05581146
 51.86583855 18.03355155 21.89977527 15.39339743 12.10689352 16.1976713
 34.17284852 13.91923564 17.53741476 17.28341889 34.00996745 14.88244437
 14.93725032 24.24493353 20.13245154 24.18523743 53.54914246 20.01243973
 20.9402741  25.65803769 31.03571952 38.66581735 28.382975   31.45343123
 21.92883335 19.15005371 26.96868042 49.67581964 24.79976979 19.97390754
 27.47873026 25.5260742  30.14081632 21.04991671 31.91666154 28.08324657
 26.34341761 23.26053617 25.7365367  15.00683948 28.83732105 19.82512614
 24.58236961 31.15528978 26.87722984 18.32077547 43.73755573 31.5844311
 30.46740378 42.89102467 30.36426489 25.04130565 28.24687313 23.82189917
 24.96477112 10.60403212 23.48979324 24.51967018 23.98287836 34.03187698
 25.51630458 42.80392756 17.21520383 32.89055487 35.576685   21.64820268
 32.96834911 18.21591164 20.47950708 25.08171498 22.40029693 24.69783431
 33.61227851 26.62767286 26.91668352 27.61760145 27.64666195 22.2920863
 31.76671736 20.82563302 19.60435022 17.96491656 30.15409351 15.50360146
 27.03645014 15.5025209  17.6334868  33.63040373 17.50955923  9.01198589
 21.0881508  28.3013808  17.11050324 16.20545336 12.89995495 24.36077703
 21.44955598 24.15158016 27.73555536 23.36189802 28.42506412 26.06660249
 37.93279191 21.03125982 23.04346621 18.06437862 23.20851264 14.31036165
 27.03263424 21.427053   32.46715914 23.92416809 17.15506415 20.76571999
 34.56787379 18.66738199 16.37532413 18.59500034 25.89890723 30.39219983
 26.94170173 24.99376624 10.20397579 39.7405202  11.27775238 21.11083413
 23.92518335 34.28419066 22.87368602 26.36495398 34.60106885 30.98626195
 34.3802772  31.90881078 18.23539131 34.07619325 24.63190017 26.64993015
 16.91771652 33.34712489 11.80488951 23.28617034 24.56856464 31.91694137
 32.14102999 16.24938583 26.22814818 29.97363446 27.81784082 19.91002527
 25.29901018 14.64153131 20.33432748 22.32551147 30.57029079 10.27199558
 35.41516356 16.15984936 38.57458685 21.56563178 21.25019072 16.36173308
 23.26643483 17.98777749 21.19547882 12.71622656 20.81418647 31.76482623
 25.96872108 27.25503855 14.94796582 18.9427377  19.31748631 22.99252138
 21.74166749 18.48115055 25.47749537 15.02670057 27.5576141  20.43327981
 24.50560411 47.28865149 22.88368157 13.27823138 46.49868842 25.72515509
 22.21501453 34.67273504 15.74184229 23.50727852 23.55744653 29.03113898
 27.1940667  25.97902653 36.21802493 15.38951055 19.94678359 44.10552695
 19.01711096 18.88686822 25.11278635 47.76591311 23.06105167 31.40783207
 34.41305461 25.13872534 19.66167037 42.39962982 26.63982402 29.59409742
 13.01971771 26.3963323  21.35397891 51.72229084 13.9636104  22.3307032
 21.96508249 37.39157077 27.41979144 19.05925684 19.37729238 14.31287378
 35.73486502 20.30063671 29.42870896 31.96185061 16.24157104 19.7660862
 21.39717688 26.90470607 27.33291324 15.72562661 20.22959121 50.84010166
 20.93405659 16.48749044 31.90212859 25.44914891 38.82631425 19.06809015
 18.91045853 33.54734469 35.11981232 23.71190373 32.91178302 29.15557587
 39.03216952 18.80178434 30.4830978  44.80922788 35.90813036 15.45476727
 23.36241797 19.9777895  25.1048521  18.09937148 27.14400784 23.17406759
 22.93979322 21.14188539 12.71358082 31.66737374 25.92235444 32.18201244
 30.34163176 53.81178793 26.8732803  39.6589487  28.09168157 18.56285645
 39.37008044 29.1621613  25.15530556 21.48268228 35.60489562 43.04246011
 46.96142177 32.02650615 21.05537241 49.15929761 26.39539279  9.04626129
  9.64194892 24.58973226 21.71338323 18.59155544 25.00944643 41.45593198
 13.57595319 20.5538507  30.00864656 40.51103828 10.93559014 24.34330383
 16.68728226 28.23681628 22.3211498  34.07820917 26.30982269 28.61092628
 18.36735069 23.01240638 25.06921666 26.58253607 25.92971079 25.36523731
 26.61934797 38.35071108 19.62144483 44.45535689 17.29839218 42.91973455
 24.94563346 28.51519398 24.72538065 22.65572418 28.6727287  26.86437146
 18.54036219 23.89142088 29.48399772 27.82408209 22.49631965 19.67879495
 16.61900644 18.00849415 39.30327912 20.51034084 25.32851718 25.44751134
 16.11184092 22.08260349 26.53527028 40.8205757  21.35042629 22.28616516
 21.30885087 13.13300925 31.65037249 15.60785954 20.40789725 17.6666883
 22.69386212 26.01550045 17.66155921 14.44492948 17.90817611 20.63628303
 15.08492638 22.7627767  21.99162998 15.20197158 29.7537968  25.0869515
 20.04986985 45.84769755 14.72304354 23.7901487  35.08781785 15.86882628
 14.09427761 21.54382031 20.33852029 26.21743744 30.41422299 23.81665992]