[58.5198995  30.60542161 48.10220793 29.09358054 40.90709549 53.78445908
 32.47320707 28.61079289 43.43019796 31.20711411 26.5628257  40.95541943
 14.48446304 31.16409815 31.04612953  9.90379956  9.3286824  12.48322792
 42.26360134 12.02138433 27.63230441  9.17300546 11.10158765 37.74248771
 40.88301552 52.82380391 10.3427675  22.66309456 12.3883325  53.66525246
 27.02443526 28.35541186 42.72146132 25.41427663 26.07547107 14.63261242
 54.32137565 38.21532244 26.51085938 44.0628659  34.51999698 51.81192759
 15.42744036 19.93957357 22.64509739 29.86090525 12.23026865 22.28218058
 44.81943107 45.29885676 43.8607658  35.70317751 27.16162884 34.8666794
 22.7637918  55.87334308 31.29754263 37.95213397 25.9149437  49.64544097
 17.91169613 15.79828956 34.91466325 21.35355186 52.8438735  41.14897794
 29.79080888 10.6566859  57.65302456 19.42278435 21.32382924 39.84080909
 46.27451258 59.51256235  9.21036056 41.2431519  54.35194201 49.22630987
 33.69316426 42.35539901 55.64079548 58.33117249  9.28852101 44.79874513
 42.75901455 42.61743006 30.62756803 24.88579933 20.22148376 13.86905589
 36.28247228 55.82058999 20.23462579 46.55019445 12.56000444 56.12701379
  8.19116662 46.88291232 43.9938946  31.62672366 16.74409034 40.52993746
 44.30497051 27.43925131 29.40511695 51.54129998 16.6672784  13.77613026
 38.40769158 14.93446914 11.88332483 38.82947846 20.02588763 26.13102326
 18.9931656  34.8866936  18.00470213 36.15412555 32.13164613 47.90127311
 25.79682302]