[ 5.7065103  11.99163748 56.34466835 43.95181288 36.97628913 41.51067285
 41.281691   37.06679319 11.46566464 20.83999415 41.05703968 42.02508977
 16.05987696 38.86305506 12.54402797 22.81708048  5.69608448 21.32443739
 58.95574166 13.14864952 38.80825634  6.15613562 14.36385123 28.67912055
 52.94363953 28.32615738  9.26559267  9.2019741  23.80116698 25.87189882
 24.95134048 57.9834707  47.8755111   7.69729307 27.40181932 44.70939642
 12.97891913  8.64191793 36.27921451 24.44504668 30.2865129  11.49630234
 15.02679725 17.41675343 13.94447909 30.53815953 29.0994934  10.92121395
 31.85576615 25.15605085 43.16359354 27.3636397  17.3886721  12.41022345
 50.68101336 30.61043316 12.84236916 18.89638225 26.72226578 10.98108955
 13.91674131 39.61438353 34.9560221   7.49866063 51.19580307 36.64122823
 23.92297979 30.88394638 13.84538069 33.44037694 31.69552884 34.78978112
  6.77073959 36.48735893  8.03224422  5.56722564 22.45818291 40.07908497
 16.90784459 53.56719564 32.50442607 32.36899965 40.47615318 49.10913086
 13.74159812 18.00663994 56.18001963 17.46940193 44.52890873 40.09765042
 13.9103029  41.3993224   8.50081661 37.29703285  8.82017265 46.56277405
 42.54820773  7.88383428 33.30012803 43.60396734  6.36721232 54.57665758
 41.76280813 49.84401828 33.98389069 46.55888285 59.29103476 46.34128538
 26.43971053 38.31434262 23.93473803 21.77080251  9.50482057 43.60309848
 20.33529342  9.45623174 26.8303194  56.06857807 57.16642662 49.16840624
 42.96340492 15.35649929 18.34348796 48.2197269  25.59255622 23.74397327
 36.36037341 35.11964735 55.47021165  7.11948155  6.77388036 23.66029641
 42.97375279 21.57707603 14.38931172 30.95869137 14.47118298  9.14453167
 24.86063353 14.06724819 45.75547601 32.81785404 53.49919827 22.0636686
 32.71174122 23.83347913 56.20464666 52.07837137 21.04877112 59.33286136
  8.83909262 37.4882639  27.20191324 31.33167574 23.04046554 38.64596674
 45.89379945 23.83637362 33.06572589 43.037333   18.62435096  5.52429612
 16.09222417 55.93673136 41.68450638 27.65585143 20.31581574 28.77742712
 31.62995539 29.26405153 21.84395118 42.36782823 17.84232611 29.29665741
 14.61364675 46.80229604 25.68503276  5.11721551 19.24963659 39.00588033
 22.12194538 31.53161195 25.53838308 25.62764136 22.24083472 32.54849254
 14.94976876 38.44954118 36.37374846 37.365358   13.81305155 41.01344781
 14.62834278 30.04425032 10.98098173 14.52169263  5.69128884 39.50083497
 53.00629239 20.03965114 39.01918759 41.50466956 22.71679233  6.67590949
 42.02909522 36.88813203 35.21176708 17.25265944 14.66748479 55.28587307
 11.86048104 20.95382868 46.32187596 53.10945174 47.48947157 49.97590042
 42.51270158 26.1404802  47.21961005 45.16897631 42.85963332 33.87072812
 17.18160419 26.16788445 36.21390668 23.03453541 38.12515352  8.22505705
 36.87842297 54.39340758 30.60906916 25.76867233 12.38145049 20.17487994
 25.20866744 40.25639112  7.92457225 22.87273226 26.93823348 19.81999929
 33.37395572 21.53045846 44.60647715 15.87340594 21.17004348 15.12567844
 35.02553126 35.90229971 17.48816867 10.45048921  9.73817617 37.80261696
 30.95238224 43.76583058 23.15391526 25.73060442 28.20051079 46.96068133
  6.43617036 17.55620279 31.197754   34.39703701  8.94190879 49.06240783
 50.01718066 13.60769567 13.20988525 52.73744846  8.37211678 10.84369225
 11.16968799 35.35399812 10.6510101  13.68417999 28.44360057 37.82631736
 20.21884989  9.01718224 18.57668227 51.79089915 12.84749237 33.52163792
 16.39957962 21.37675089 35.8682493  12.56845242 46.00931824 20.26412857
 58.02336708 51.60397141 21.82337665  5.45900427 33.15778137 43.96551475
 31.2453903  53.88031617 37.22683189 56.76264832  8.7386597  33.02120731
 15.85597013 29.53689872 15.67485882 41.19628756  9.71925853 21.7188224
 17.42197923 44.8818471  28.09893377 25.31967678 33.38175872 32.06272235
 28.45232551 21.74498043 27.36344561 13.65666925  7.88893719 20.50588206
 13.08977389 16.66155801  7.61293523 33.25188773 40.07236071 17.96846851
  5.55160012 51.40987408 26.37516961 50.79037825  8.39822265 19.07012192
 21.09219872 25.00105784 55.43078321 33.0891517  14.69104081 15.97958236
 16.65551258 34.77538329 19.71021179 30.36441387 42.10405919 34.57657275
 22.01675713 27.81759936 59.14155384 26.50043026 21.01770865 46.90687912
 33.0823655  36.7056231  45.43773426 40.72787561 29.57600536 19.7289308
 24.52394561  7.76159074 11.92921759 59.28187634 38.2521662  28.34968846
 16.70968046 32.40356662 38.0019751  47.59648636 41.9064446  28.00818537
 31.81739313 10.58318007 13.24273059 35.63675029 39.28797653 32.44703014
 54.87997754 33.43340263 16.04591171 33.50394128 13.21083269 47.59302104
 35.40421861 56.75010929 41.04071251 46.98768174 57.52852204  7.6680519
 42.68277366 11.10969522 17.52902646 53.70009859 50.2489145  40.08632344
 18.24727448 57.30098658 40.801011   15.76636635 26.35424104 42.56852341
 40.93580631 23.96384646 18.95884956 26.18588422 23.04457115 26.53784954
  5.53135704 33.30822872 55.13486206 36.81959098 41.32737613 29.79099352
 58.47506572 13.73964064 35.18185739 11.9770273  23.36112757 29.68904039
 28.85083046 10.98028743 22.53417858 15.00729734 27.95822336 34.74832048
 16.14498594 18.65946017 28.88152386  7.06838601 19.22700675 16.33782161
  5.08369171 29.94959215 34.22202138 37.10778478 22.59252621 23.16463583
 44.31990469 34.14977617 47.11135359 25.74783576 17.34467934 29.11637887
 13.60188145 27.29609127 53.68451462 23.68287578 33.859726   11.11941674
 27.87555162  6.48367833 22.47857111 41.96003521 38.08835551 22.33565175
 12.16868806 51.35810343 26.80669146 28.29111575 24.07143304 36.74586073
 35.43462705 26.0060519  34.42007238 16.04666211 13.82776874 15.95572469
 20.94118785 14.20694858 22.0095139  13.87917462 27.72576606 20.36091771
 39.58570464 34.29226586 44.64074616 15.2220247  26.48741026 11.67347823
 44.31908429 35.53333767 27.67426684 14.40311938 45.59714583 54.13303723]