[44.31036842 28.46146328 21.38390802 58.07145996 45.45542945 52.10999806
 44.65465395 48.9788981  51.00133039 47.85279192 59.22000717 51.04046457
 33.39920656 39.58236504 45.10798236 45.72496665 53.74987073 42.63065916
 46.71821604 51.52212384 47.38985225 43.85887654 55.90191486 58.62246014
 42.02650471 52.29764254 54.49425332 39.79194292 38.15567385 45.72610079
 50.77765165 51.04533585 41.77400974 51.76308121 39.83643999 50.59356064
 51.38324757 53.74040553 51.68626173 57.51813443 47.27588178 28.77106941
 55.06998657 47.0302372  47.53247821 54.66515796 54.01075617 46.21130706
 47.60095993 55.91120931 55.31410345 44.94430685 56.63434666 58.59439234
 42.31077966 46.7912713  40.95196551 42.87727616 10.36186543 43.96719231
 46.30415715 47.77079793 44.75776878 47.34527828 43.68636122 50.04432997
 55.97230059 46.38271135 45.84416989 34.6741768  41.57179219 58.44605926
 50.42431486 55.09771395 53.84475319 55.72549676 30.75409863 53.46142985
 44.1547742  25.06324636 52.43158044 49.7571027  48.17263187 36.89250549
 44.75644072 50.23619571 36.9611157  30.50829958 51.83768145 53.11493209
 49.42696515 56.05592207 42.60735932 56.74812788 42.90595756 43.87788667
 48.54024255 41.94134889 58.04873918 50.42798019 35.20780805 36.33477095
 54.9141301  52.91991605 54.17092037 55.53592248 47.39767462 26.53392663
 55.30437739 47.1321462  37.98150092 55.32552513 52.53525543 48.3896237
 57.74645828 53.18719542 37.20044911 56.30263702 49.46341022 54.15449893
 57.3557398  18.28899926 35.86292478 47.22910697 31.77239532 49.00199123
 51.88780814 52.21782287 55.12443221 48.6764921  29.63207346 46.54687814
 48.07910177 44.78435331 52.30425139 37.84078571 55.91698868 57.22009135
 50.11076707 28.17779524 50.9420305  57.46989916 33.47473945 37.12450275
 47.40066333 31.15687052 49.69288823 53.34239031 50.70634517 42.50833229
 35.10126102 54.70538627 48.04456358 48.02135077 39.40709352 49.32439587
 40.79824963 52.92652397 54.43780268 34.15926212 47.17866941 56.4840919
 54.34040993 45.19036148 34.22579098 36.43165585 46.9408984  44.16328401
 36.26102615 41.82525742 42.74460045 23.36184277 55.59577486 41.31618379
 44.92981441 37.56952083 51.04055247 42.88911048 45.21314045 57.36779599
 46.00360639 35.32986802 53.95659794 57.40826039 35.55023298 59.07492265
 52.92077608 43.08216068 53.84556129 42.12023399 43.38361408 46.95259771
 38.24004487 44.20221333 23.73554762 49.6634223  41.8733404  34.43318392
 48.48420873 38.82670252 42.83292171 50.72526367 19.51994032 39.08767458
 43.62769199 50.40153047 40.89509032 57.61949858 40.69019208 52.08369324
 51.52374854 36.4209188  48.08177515 48.25894397 57.0104753  52.43377912
 49.12617054 44.40302003 42.62584742 53.03126036 58.60808313 44.93639786
 44.83187247 50.8292201  51.7189372  44.17171402 42.91847081 54.91978368
 52.41103944 30.89672691 59.38510362 45.59916814 47.99374733 26.66196537
 45.9303683  46.06685382 57.07885681 41.73971031 36.95065384 56.35807584
 34.59685196 49.78482372 38.80136355 45.9560844  49.32704725 42.6656553
 46.0057749  51.60873044 47.88998715 47.2705867  36.76318505 49.91920277
 32.92032096 41.83845957 57.57869256 52.67631372 56.96826412 50.43534392
 54.38500157 51.379622   50.93907932 44.63622775 42.39101107 39.11459139
 53.93894379 38.41130404 53.55537203 57.0007496  54.48898026 26.76118605
 43.26636743 42.06290594 48.50037045 51.03271667 28.82647014 56.3665509
 50.38251342 50.5758415  51.79910309 31.50357056 48.66032257 48.35921082
 50.42745054 56.811185   45.96008438 23.50333037 42.2673961  38.2499306
 49.35891576 41.85846889 40.67059164 51.10989843 49.35960043 47.00746538
 37.42578842 49.9597877  48.46010844 53.34519331 40.35419256 47.73938957
 51.58880148 48.68944837 57.55101921 54.01821102 54.822398   51.82521898
 45.70294884 51.45423011 46.01230628 55.56460548 39.58662801 33.74536691
 36.28682087 53.89454825 31.37665809 43.14659958 42.81569489 40.88329816
 54.94105971 48.60131527 47.07822802 53.55921208 50.42834607 50.85801311
 35.2427877  42.89556304 48.01426905 52.93554577 53.52388866 43.78330915
 44.0871864  49.40927071 35.05923405 36.45099011 34.23331447 51.70302382
 40.031855   42.1153993  41.11978455 43.37381345 46.1020711  53.35538285
 53.3009657  54.70050926 55.37445298 40.85454463 27.18228719 57.92629109
 51.06188736 30.99486491 47.84642238 52.88741897 42.30763932 39.45115875
 41.69043946 28.61373489 52.86024929 45.25467512 45.99495167 40.02728506
 38.53114405 48.00400888 51.45289779 44.90262516 46.00788166 54.76855758
 50.10140137 51.689212   53.02103913 45.96789629 30.67988752 45.07628445
 40.78890443 25.26637538 56.73452783 43.70910134 37.29339105 51.08066907
 53.1735313  42.25471225 44.86253696 52.93582961 51.73344    43.23781857
 47.44266551 44.04051844 50.76518119 49.21130102 44.19215953 42.46975319
 54.35213625 58.98541107 52.98471517 51.78003878 57.86732156 44.04227402
 43.57924003 37.36442067 42.06535176 37.15492813 30.62643385 51.77037017
 44.15417001 45.74771632 59.14267869 30.61399896 54.46959029 48.86154476
 41.19252539 50.7358149  44.24013391 45.70901555 53.35783546 26.95545262
 45.07165198 47.91851484 57.69670179 53.33186753 48.25710418 54.78924029
 38.99149562 52.87635376 42.38307551 47.51761107 50.8325494  47.19625235
 53.17974922 27.99928447 47.94957657 12.28812352 53.8166616  40.83508406
 56.38891878 43.54007415 54.82479306 58.36103052 51.53243901 51.06068387
 40.20444981 29.43542876 45.59657542 39.96232466 15.56399593 53.24316974
 33.45143311 51.96480192 56.56065776 35.20956534 52.09941948 57.53510358
 36.26136385 40.72994427 37.24962905 53.17587295 29.81737702 58.14166547
 54.79809829 41.67074752 50.83548499 31.31846563 55.62212862 46.55480308
 44.57700097 34.15872283 49.13463142 43.68165414 47.88131396 49.17674535
 56.69607524 43.59862824 47.48576581 45.02108043 52.63177982 47.36033542
 43.02165697 41.13311701 53.09611528 46.50368335 42.1680097  39.44886259
 43.1042607  47.35803569 47.82943433 43.75278179 53.65823678 42.36553988
 48.04878247 43.45615394 48.12667094 53.37522702 32.94787585 57.49543953
 51.64013826 37.40791838 37.81457917 50.88369098 46.47814232 52.91756785
 40.40234629 47.89916333 31.38777264 37.18871657 44.67108585 50.60079938
 52.57636953 45.99212181 52.51276105 38.48284638 19.42864364 26.94875348
 37.95937995 45.96289414 57.41024328 49.04233268 45.52593029 51.02098063
 55.20079552 53.70039328 47.96980747 28.81190951 47.65814518 44.51140282
 47.46879007 43.57912706 45.922136   46.92918953 56.20431132 57.26924447
 53.57780922 43.14263538 53.56286472 30.82111885 37.07329249 49.15749876
 53.05811683 48.60089377 37.11086085 47.87861635 58.56252779 54.52288775
 46.05252991 55.4521175  54.82740723 54.63333398 51.78713876 55.68464083
 51.53552254 26.2400865  49.77069864 41.12811358 47.00301248 44.87044786
 33.20345063 46.31581149 56.38746403 45.79923974 52.9852654  49.29342606
 56.86035442 19.44696723 53.3918415  43.89271412 58.89578153 50.8595473
 52.12598572 50.71511113 57.44744597 25.34003824 50.46664049 51.39318854
 41.14776209 48.72400506 50.48940121 53.44988312 45.63589251 57.82422881
 30.77179006 30.82685798 53.61896563 48.50742625 49.82532856 53.43365808
 40.81191475 32.98802496 29.40476893 43.488869   55.12422834 46.00067777
 54.78632747 48.1875291  54.0157905  42.06755176 55.27880202 34.11681976
 27.1475073  34.13581773 45.87535461 54.89808856 45.65156071 51.68139924
 40.44950127 52.94909904 47.44931365 49.25034994 38.55471813 53.2843386
 43.33799626 45.63116494 56.37810574 50.26985853 52.72879795 48.58493729
 54.44670896 53.60578908 36.76606549 54.81692687 30.00155715 49.73071992
 50.7452576  50.38382758 52.16410963 44.47201148 55.41018831 20.13624072
 47.56999329 57.19845881 50.84083165 38.40278756 48.61926934 56.03900458
 27.01706955 44.26938764 44.6338229  53.32424653 57.96644712 48.55001224
 45.07549373 51.83054709 47.00572733 29.89640675 55.38534123 48.98406625
 38.70147246 53.06270394 49.29388082 54.12923073 53.68513162 57.56427331
 46.23151379 51.12224977 55.88952801 48.98554311 54.14185901 38.99958167
 58.72106956 50.98813325 44.84456403 49.33828216 45.16730077 54.18936096
 33.86743303 57.50509973 37.67602974 40.87668863 34.92056213 47.04757525
 43.83757645 52.22248302 43.68578076 48.65294067 50.46495153 55.21164232
 57.24875851 43.81525818 57.65764471 49.04165865 52.52789708 47.09763741
 43.20286658 26.80757454 54.86160405 48.22834769 46.47725716 49.33512289
 52.50187045 49.34745308 41.57930276 40.98446593 44.4841014  32.28013448
 39.22899495 45.87869359 50.77254985 49.70302632 35.74697967 43.16463039
 53.09108714 44.54174223 51.27507177 50.35462724 40.82992546 50.524087
 54.90874193 49.64117245 36.43874079 47.70002539 44.74685395 55.20005864
 58.54752699 33.88644107 47.47901581 38.36288332 56.42880304 44.07661183
 34.78934857 56.28312684 48.06762519 53.01734733 56.42832443 39.98326701
 43.8697582  46.10059611 38.10831557 30.08555806 53.53235096 42.97448159
 46.95483483 44.36046233 39.06151833 56.23985867 43.36418426 38.53847576
 50.78749395 38.1328267  54.81428266 48.00315047 53.68322797 27.58930524
 40.57234184 53.29675073 39.35765152 51.06477985 44.69858023 44.40413246
 46.7579484  56.47519225 51.14626752 35.28303129 48.98085604 43.77177231
 44.67796089 57.29736502 48.46472032 49.53130579 37.03119699 55.69513943
 34.79001388 49.60696998 39.41697613 44.75390992 35.13771701 51.7543021
 54.06044454 52.58483885 56.35839934 44.47574103 52.79992202 48.48462739
 49.26433902 36.28398615 30.0911787  43.25113665 49.05375113 39.99650997
 29.58312869 48.52875799 50.08879972 54.20786364 30.76608107 38.05761946
 54.17114227 36.78277453 47.62309769 41.93636352 30.45732054 44.56668173
 25.07579547 49.6777061  57.89689165 53.47306465 37.83376992 36.27878252
 46.87568679 54.75848838 45.3726036  32.43474827 30.26480081 40.58762354
 57.34187034 22.12179876 50.24004922 50.473223   41.86334491 21.55521613
 34.7355753  51.50114888 51.62628643 50.16136015 37.58601538 49.83619113
 50.77401098 32.4662203  32.26843696 40.0228833  51.54749423 39.95808358
 41.66687937 43.2400355  46.61170635 53.0323189  37.9942231  47.96051468
 39.82166046 48.88064241 52.23430491 51.84295391 48.36085588 53.01791852
 58.85513028 45.7060301  47.38125343 58.9036242  49.99560922 51.55674515
 22.08567378 45.23890919 56.06925719 35.70394521 49.02556627 49.19923685
 44.77806736 41.29913738 50.73274089 38.26396953 52.31219068 56.03402009
 57.68098676 55.12748468 47.41550605 28.49803004 52.59938549 54.67610261
 49.72915457 57.51855625 46.15961008 51.04731228 54.83704172 53.9007042
 56.55848076 32.55713512 42.58615013 47.39890323 44.55003071 44.02159715
 25.90970574 54.69555463 39.48630405 43.47724763 49.88669559 56.80217993
 57.9419798  49.75020983 45.59195788 41.54588825 43.11363896 52.67328043
 54.78418261 57.47776004 47.87487837 36.45068504 55.90093496 59.07033221
 55.6409431  41.9571035  50.7111193  57.3635975  50.07956667 37.60258743
 54.89308198 52.17281974 50.64963356 48.41979609 50.21112746 52.07198924
 36.73269085 46.02179256 39.14847885 54.47364674 52.85897757 33.82805401
 38.74221812 38.25808262 29.11292008 43.76700585 51.6964018  41.59343752
 53.69311751 40.47145182 39.15464833 53.45515455 44.81681706 38.8534713
 48.72633818 55.33515855 38.87784753 41.36235927 54.13960699 43.43387459
 36.12535288 42.68870659 39.04963585 40.55163903 53.21968814 53.48488439
 55.57230311 55.60801656 48.94140674 39.38238344 49.31712641 34.23221473
 50.57274559 50.24424048 41.35398635 49.16048333 58.12752631 55.19358206
 47.5472351  44.19344517 42.39713833 47.60102143 51.05624719 50.05673436
 48.2984683  46.72922931 40.06069099 53.63576215 55.17909965 50.95863845
 40.18796537 41.50820931 46.31069274 58.40865226 45.53100204 44.12745153
 52.29979925 40.11361502 43.65980197 39.27647476 47.35273476 39.88429873
 30.03891585 52.86022441 52.93144449 54.20282676 51.04626624 28.53466365
 49.33242687 47.06940096 53.87954221 43.81540195 46.35712822 47.0927165
 52.92039348 56.15380058 51.89436168 55.19830936 28.766937   36.99013479
 43.30728289 43.31134087 47.49853664 49.1034775  49.94752725 46.47866209
 29.05640919 40.0623171  54.81361997 41.86375283 39.9288534  54.73360092
 48.88412025 51.85442829 54.36105897 50.70049453 44.94130544 52.35216222
 55.26900029 39.78112194 28.13641208 44.16497213 40.25984343 51.66654837
 50.73251566 48.50384089 40.84999207 50.19518783 45.62362495 40.25270325
 53.77158077 38.51604659 49.21165087 57.16448004 39.25591906 55.76638377
 47.2684747  50.24041127 52.27645453 23.08746155 44.99488958 47.14247932
 41.472104   42.52323579 42.86143687 44.02447408 54.60253079 51.0859484
 47.97758692 40.72193901 45.14262796 47.08470165 51.29591648 52.4827305
 54.9874414  44.56372553 45.5039773  55.31447218 53.4620873  55.58244832
 55.93993572 39.00235464 46.64861848 30.93934893 50.69356167 46.51884988
 42.08203357]