[20.67509172 18.99979739 55.2933276  35.45720455 45.88027163 27.60138267
  6.27440181 12.29552701 30.27728407 21.50731394 15.80626743 25.12615245
 54.30925505 24.39863837 17.9710348  28.78650248 44.30035022 12.8496732
 17.75830773 44.12957371 53.52843531 16.43644034 39.03332963 34.99289674
 28.33825302 47.84801035 30.3988339  47.32926883 43.90305987 54.99405292
 36.92506195 20.69425203 37.92220151 27.02255601 20.48675032 40.28457911
 37.21402927 41.39382228 33.01360422 35.50010534 28.70537429 38.01733404
 21.6332227  20.09154561 54.31955633 25.71843222 14.06116159 15.74760176
 47.19854475 31.72470843 15.32386866  6.41779717 53.03935475 32.6684363
 41.62964658 30.60361401 53.94483983 50.93308282 49.21872972 59.29286599
 58.02623563  8.61092748 31.31812101 18.9024647  44.46922419 10.75269245
 19.70652742 51.43555014 40.36828748 22.64330876  6.88460012 29.1662403
 39.06246213 30.3348669  24.91873011 33.1512046  39.92836815 49.1958254
 37.16797794 51.65102261 35.2242692  16.43816864 52.26225073 39.43001707
 48.46108465 31.17651762 47.87261287 24.27908114 57.20100436 52.09872217
 45.34348537 55.5899743  40.07063627 21.45238865 15.75775444 53.71375265
 48.49974907 18.01191258 44.90920887 53.77309169 16.47748071 31.65952753
 38.61183823 41.96802601 59.04647548 22.72542254 53.18479512 56.12876844
 32.26402858 59.06533191 41.0332188  33.00686229 24.57450433 37.16519027
 31.05672478 29.75108388 42.50025759 26.01337321 57.26509254 54.46580454
 42.4285476  23.18269742 41.60077568 57.63698777 57.76999947 11.74109899
 49.06615329 49.6501917  32.40809629 12.87825924 14.79581645 52.22009066
 23.01613232 54.25587632 50.7846676  41.17537978 32.29783397 47.98053712
 27.00068964 18.09100581 18.88156454 56.1181459  57.03320578  8.2971935
 17.83456326 13.59620534 42.62798282 41.70118354 44.2572336  26.05690946
 52.02992419 22.14160908 23.82430446 17.92307674 32.09752924 44.36765801
 47.3063782  41.60618461 52.45510034 39.44386655 59.29849935 39.71116762
 43.10985842 30.53801993 12.39771043 38.28604469 43.93111053 38.83780531
 17.12893075 50.34272288 11.79895809 47.62960355 47.30462096 46.38524137
 15.22252159 51.67370192 29.7451801  47.39814844 22.17260642 25.45988788
 40.98203141  8.89274049 32.86649897 23.92565138 11.91583532 55.81437949
 12.78253804 27.9645573  45.05495044 23.52071451 45.78758019 30.70310392
 45.58133801 38.53626186 55.20216682 33.71477329 14.71101746 32.2864863
 38.8022826  50.27096936 49.54308886 11.47420614 42.65596005 49.17814312
  9.93009866  8.24760151 33.02170181 23.1497875  56.90756326 41.87839851
 55.82599537 52.59127729 47.07128194 24.91789311 26.29068321 33.73892643
 51.23885771 33.31587148 43.2946539  21.6341954  40.0526962  46.50134282
 48.48372049 20.09274164 57.05150862 48.6361637  19.57958659 28.29685241
 49.60832246  9.55828805 50.90795254 41.67632798 52.1690245  32.40601326
 24.6141948  25.39595992 23.05965266 24.61919621 16.91280627 40.94831764
 31.94584804 48.52607779 14.08279313 42.31000167 30.16858526  6.60593456
 33.47062892 29.19747914 31.74498686 13.45942197 47.55724631 20.63709957
 10.83512014 55.37605843 58.30692319 21.50996027 41.9035022  32.63931996
 28.07839606 37.64500536  9.0250107  39.58582935 17.84348673 13.56868849
 36.46573711 16.78053918 47.69104619 47.37938849 57.58228758 26.45687253
 22.93728996 49.77117688 26.36500624 13.76409698 44.59037094 47.30120866
 50.08554247 10.87406823 26.32186751 35.95968342 39.43097831 21.29155513
 36.88534926 54.28406097 32.41349924 20.96457144 32.27070765 38.76613907
 51.60875266 35.06097278 48.40145319 44.26148123 29.65422063 28.23766816
  6.10760365 20.07399127  8.37440937 10.23441348 15.86527992  7.73515476
 30.229082   10.60170607 43.56609641 27.27880504 25.75273049  5.84357086
 29.69731688 30.08988704 52.28959984  9.28854127 34.59238023 30.00335459
 36.73164469 38.32046645 24.48284025 56.95197237 39.91391108 22.81034282
 35.35907667  7.57139227]