[35.87182491 11.51757803 38.817752   34.3301325  45.8409102  26.56207783
 46.42877168 43.67494775 37.62238923 35.88867129 43.98034838 36.10195591
 45.79866516 56.08898202 24.16951445 54.78197716 48.31656455 57.44074043
 34.90209949  9.93344457 38.72990235 13.91246676 29.1522027  26.06714475
 34.20407405 29.56333857 46.03763492 24.34268023 28.30950456 48.11032528
 23.68459936 20.79586589 11.24277274 48.72838123 28.11677393 16.05876869
 25.84396896 29.17777095 32.43053722 23.85856791 51.16961589 27.06223731
 33.87776808 21.23327039 26.682774   18.91216972 30.69906446 32.93869161
 28.554987   22.17899127 17.38525275 36.65433091 47.35868612 26.59647062
 37.85730535 44.40606508 45.9509497  46.7183062  33.78004572 37.53558985
 13.54193994 33.05408878 31.8694018  14.00411867 47.36103325 30.1462277
 15.32699127 43.76760435 49.72233001 40.07905996 23.65833264  9.95987752
 14.03643652 41.58131451 15.44110585 27.95576407 22.07527337 37.12161823
 13.15337353 17.27409468  9.61624254 29.53431267 15.44161847 45.46267057
 22.7873933  54.5123849  33.63284049 24.12651311 46.59673706 55.56773075
 29.40755831 34.34056889 27.77169765 51.00501309 22.98354027 23.75793688
 11.25411785 38.39523217 18.49029246 13.25371695 43.64728861 51.39910482
 55.94635983 46.322803   45.64023795 48.97656407 37.09868115 23.0222082
 26.87760741 39.45524228 18.62434217 38.85264868 16.27570523 39.06708344
 51.84143012 21.33842958 44.48488285 36.0858216  33.86620325 20.79934133
 19.5590706 ]