0
[16.03340336 32.46161363 27.44469201 18.86936819 39.51794953 52.66906395
 18.06382935 32.05974816 32.97293609 12.27259289 48.03959528 54.74589962
 48.98406976 40.06005357 30.9484959  15.68826244 12.21364489 50.26155523
 16.79633887  9.19119998 32.9812579  20.840941   12.87512486 38.89838881
 52.35263101 42.78939178 51.43155274 12.68459773 19.07997624 26.89163558
 29.36071741 16.37624579 47.81407356 32.30347107 52.44646011 59.16844673
 42.33788146 43.25548463 58.87295378 57.38381554 41.66493612 46.84003861
 25.54938155 54.64402432 46.85664296 54.97807831 41.25338093 26.08848058
 21.28847057 47.84883036 45.27737991 24.72404582 17.60500271 22.20938371
 34.83655874 45.19299754 37.06395297 39.83226527 20.05762322 35.24635796
 10.80254768 12.8708597  23.46980806 21.65227972 54.41127489 46.17729875
 34.88095003 54.35339157 30.51413389 37.90603195 15.92883842 36.17874868
 40.41228259 23.36542354 43.86813073 24.99289263 30.76013206 51.58459254
 14.49967955  9.43954976 18.000276   17.70913664 57.04850263 48.67237825
 50.72278482 25.67797734 42.76340469 51.48555685 34.52586027 47.69335558
 43.85602363 36.72646857 12.18645147 52.21021324 23.16145571 30.90293506
  6.89106871 10.49613265 41.31718983 49.89327329 40.91200361 44.83953685
 11.97347067 10.74340666  9.06999881 33.01790857 23.03095201 57.58182332
 20.96352471 25.07562768 32.8282096  33.2153703  34.17049475 33.98545773
 46.65778921 54.8769274  34.9623821  56.69491012 38.87323058 18.81315329
 39.88145074]
1
[44.29554072 14.03150011 55.72806205 43.81412821 38.77505351 58.37257159
 20.82695338 54.30449065 37.92607382 46.51920213 20.4641428  35.07771011
 29.14012522 21.75742681 35.86449594 28.55425136 49.03478564 27.78575026
 28.91192575 10.92841615 27.85572145 32.05186156 49.6273717  52.76943127
 36.17113731 35.21378806  9.36807346 38.41512615 56.44154037 25.82337691
  9.08872384 14.29450083 24.31981199 13.74776889 17.32451197 18.54610792
 35.05667562 36.51818163 28.56373539 42.62009066 47.67360594 18.65881949
 28.52154    39.39455154 51.27794903 32.12392091 39.04080089 56.59818486
 17.73218917 16.42851684 15.28520117 40.87431793 52.62897607 30.9714081
 24.66801992 26.27881507 55.4322028  54.64673795 39.18185093 13.08269624
 17.24409308 33.40622493 31.52652788 16.87782949 30.48813703 14.64540859
 44.01695527 12.3408964  13.55921548 54.88740135 37.80209196 36.24708929
 30.10365842 38.67492231 48.99587639 45.98032317 19.51598252 45.89989334
 55.23909407 39.83778983 26.3596318  48.435141   44.12410689 33.64909093
 53.46110902 19.02215747 23.11566055 22.57784634 53.46795502 52.13396641
 21.69993287 27.42801715 36.49256339 49.47245085 57.78586553 29.94716155
 51.81845942  9.93734662 38.67120784 26.55134159 28.91752246 50.78341625
 42.42324125 24.13300244 22.32580316 45.28397058 21.90367855 41.53526173
 31.19085041 22.00706074 48.14105345 23.23110322 27.86837798 48.84767181
 55.76289667 27.70429469 39.63620647 38.89672436 26.65895884 39.79576915
 50.92430456]
2
[20.8524397  33.57991121 15.78125015 13.52887924 44.21691442 17.88793544
 56.61329019 28.69853151 56.56425482 49.15445387 12.38891923 14.95331005
 40.61758351 19.2658147  58.65420303  9.09207544 51.76665547 41.36632783
 23.00176131 46.45116666 44.31393694 33.7621956   9.36147226 34.12146785
 16.20877994 29.71181826 19.34961437 27.77327869 20.24403101 12.40477397
 45.17365848 17.63379754 26.47886813 50.82080644 14.84644879 34.08851165
 54.21968297  7.40440976 26.38625364 11.033176   37.59042274 52.15002417
 28.81225017 44.1579602  39.48114765 39.58160658 32.43364749 56.83787084
 52.58252814 25.75077882 16.23018489 14.23900524 14.68757501 38.37075623
 54.46163519 21.39017685 16.65881251 18.65186608 19.01079446 43.52768971
 53.05544273 18.82920604 38.86569977 28.02296832 50.43356655 56.30348113
 40.20257596 28.547833   24.69318198 34.79614268 43.93441589 12.40898211
  9.01367187 11.19302164 41.20410271 21.84412405 32.64763564 47.16483484
 17.74679376  9.80561471 50.68708227 34.82527457 19.24673701 28.76047862
 26.13864637 36.5910556  15.07031167 25.07811949 41.28353255 52.50960408
 12.42807281 32.79680244 35.66409574 43.42524575 59.30528289 27.58171876
  8.94656142 27.09616383 20.96555949 17.66527346 57.99049642 33.49906896
 57.18663553 40.93431405 51.54958839 40.02238408 11.10535116 40.59179176
 45.79029808 36.17308358 58.77535964  8.5458474  17.37608034 15.1070773
 27.74597581 12.64445877 12.66946674 47.30977258 52.39710887 47.1379226
 21.86743872]
3
[33.25712584 20.3607305  33.29611582 45.67373204 11.81882272 17.29904326
 24.10294521 17.94177626 14.12155685 43.35491815  9.97722631  8.79860708
 20.48678756 35.68653956 24.06084648  6.43028764 34.52295424 12.86669347
 45.58213795 23.03817197 55.7472156  49.03214264 53.75969528 28.69080461
 33.17560041 56.06060402 24.20184909 31.02589379 23.39165592 20.76536987
 45.08494164 14.25706886 17.82813    27.32147778 45.96383392 27.67331894
 37.91440003 18.05947903 53.62827107 10.44626384 44.44461493 49.34695292
 21.80491324 54.01752536 29.69016459 40.85744045 26.8088339  36.99858812
 23.52010537 40.39380276 38.10252605 58.34740813 18.67153489 38.94482046
 56.12665111 56.35680835 38.11944111 56.27180507 16.08103235 50.81341655
 13.61662955 37.99011073 41.73659408 50.41822015 48.48704572 17.13675431
 24.75692546 49.62593834 17.64878469 21.95385349 42.99548879 39.20582773
 29.37247324 35.40449198 51.75392921 15.03100108 52.71945997 17.23193731
 12.00902377 11.42352319 17.85477738 50.45693898 53.32746813 13.46760893
 12.68077419 19.30871595 48.09387193 42.09729906 47.73200294 47.38611047
 41.49212614 24.49797344 57.09803039  7.0423889  20.85656208 36.03490195
 58.22138539 23.00134046 22.34008781 25.18977609 53.96213942 23.77064423
 34.98522686 29.51036425 33.56926036 38.39455091 43.88494786 53.66596151
 47.12944714 25.4159078  23.76323684 16.43223861 21.030567   27.48625976
 48.29451092  8.64737324 48.04576244 58.69807035 24.54679469 45.39204534
 25.52848858]
4
[46.67536367 42.04806268 37.70794795 35.27468014 41.1877459  15.67554994
 24.01432356 54.9288745  45.77975181 17.54925761 13.72594326 34.21652999
  8.55417479 47.49934805 42.78554153 56.56042804 44.19229148 54.44002404
 44.28203101 32.36474997 11.92759391 10.06618366 13.00482643 51.64202768
 55.63117594 48.77873542 28.31524458 38.95418539 48.35013633 36.30313296
 45.74964904 35.63992469 51.49529309 16.01566359 33.39253006 29.37134657
 13.66241277 18.20906367 49.9899694  32.81316341 44.55089799 45.18636451
 54.70807265 47.74381518 32.60196955 39.92696548 49.29162736 51.89159451
 11.48064927 26.10445444 36.37552343 12.94376064 56.49348522 58.88212024
 35.17601393 32.42559208 26.46007081 34.07487913 48.15962416 32.11535887
 10.9778281  12.91494323 34.42501934 29.59618605 14.36152163 55.12881587
 23.58101927 10.02430834 42.09705357 16.05432083 31.71082779 14.05382823
 43.01698326 42.3137897  37.41382424 11.11601403 48.80097459 56.39031232
 53.41035314 54.75701532 17.94640446 48.33926484 18.7581605  41.98572295
 18.42991639 38.3185467  45.41049774  7.93701651 33.64836616 20.23595333
 25.32872334 38.29594135 55.79921897 19.72724887  7.89581543 32.66748229
 24.68554666 19.64132376 47.19305772 40.83345714 18.49266028 23.75480709
 33.41020915 50.63038294 57.36845719 32.27566501 54.75871542 45.85713036
 23.10193609 12.08570745 27.2509849  15.20827636 22.07640134 26.23515576
 49.02436293 12.3669986  24.53555644 28.67881537 50.52508741 47.62349257
 25.50577502]
5
[49.89378013 43.45826752 20.33575125 37.7657244  44.3976293  37.48158647
 16.59172644 47.21624767 37.07990719 41.80972205 10.55925463 44.26010129
 28.248244   24.21121077 34.38909291 31.16613804 37.28027386 46.09084788
 48.76427778 18.47060426 40.77076975 25.24024151 12.58879302 34.0305315
 45.99002596 13.22854888 17.21421362 27.59074867 50.30398257 33.06204398
 38.35541759 43.56931715 38.69978462 50.48754172 35.37357808 37.80100045
 49.96509427 43.21991683  9.20580925 22.71525351 23.8025348  47.09713689
 33.23873847 43.37914536 29.42095329 47.75808975 40.09251779 31.7041694
 24.21417919  7.55167506 31.75538604 46.95214496 10.29027654 25.0858347
 41.49479337 28.40958891 29.74020814 55.22797025 21.02513364 28.23077321
 56.51309671 49.25399655 55.98839459 30.47184189 25.27844101 36.42635339
 35.76401955 39.35245253 34.41118406 12.31944883 33.16798228 57.99177757
 47.75593461 19.48666841  5.1705575  43.76121739 51.34535577 38.57673721
 46.17838674 44.48882038 43.78329391 41.88646786 26.95173819 52.15113409
 56.4026574   8.22375202 21.94292538 54.24690454 25.17991771 22.28276085
 43.66171775 17.47526661 50.79080429 32.27905835 15.38038867 32.90321415
 11.67739399 16.88235651 19.10655317 49.06191602 47.51629204 26.17453647
 27.72904256 39.56911831 37.0573044  35.8041744  32.91914065 46.17804177
 15.10450924 21.01978001 41.97122238 44.06211534 20.03568259 30.22650633
 52.29367734 26.38068938 20.14056897 15.34291919 23.48853058 35.90469651
 58.50986003]
6
[13.83808197 24.49919013 46.08408862 30.42204727 48.42985435 12.30043723
 45.36815544 46.71600709 20.71441603 15.67757363 13.23384106 49.03139013
 56.64902037 55.17156412 45.82537039 59.6197898  33.03238055 18.35729089
 25.30402791 19.42295051 38.99900381 36.08613723  5.98834705 35.2494305
 19.24371946 36.88911117 51.95726374 47.26706993 43.12787903 26.68766574
 35.74612382 38.9844446  35.66754555 37.53114592 57.81348587 51.14876762
 41.81271699 32.0126214  18.46541421 37.19599371 28.47592268 43.19645183
 12.83372601 51.21303139 22.75958006 52.72604179 20.26089814 23.44632826
 13.0852588  42.17980492 50.53891095 33.35917945 57.0897335  41.91305216
 40.94301108 29.42086247 32.12054767 31.4697321  20.50442495 42.67396528
 55.39923331 38.20008544 48.97385772 11.63492625 41.02021347 16.90401415
  5.60313976 10.05073053 27.25815642 25.8129617  37.48879005 57.27549911
 20.66245591  8.85869873 36.06624066 33.16494273 48.62170056 15.94343339
 16.99232801 38.26581773 41.62835466 35.6724161   7.89539586 33.03586653
 22.73852846 50.3964287  48.47168879 25.80053324  8.00395428 14.69297561
 17.19173609 38.62210505 49.67072724 52.00493269 36.57402954 31.51529101
 53.35361518 28.74330533 51.19809129 56.33483415 22.5191074  13.28628639
 54.52450527 17.18094333 45.0538117   7.42917351 24.96222916 48.21741756
 53.66336305 19.25352651 54.96094244 26.33281474 20.30542694 43.19535351
 39.63367175 45.42253508 41.50148188 23.24892395 42.22529801 57.92237833
 45.56532493]
7
[48.0647529  33.99210004 43.93103383 52.67249202 18.17507618 19.80855887
 41.26792766 26.6345891  25.35796452 53.30717791 16.20915874 50.37572992
 50.233      25.09021071 39.32652436 35.29776514 52.82442668 14.93289983
 38.55131485 27.61429212 17.21023919 44.7975685  15.16724849 58.84937026
 29.75442913 49.80340399 22.27039621 48.58258155 30.80548062 42.04479509
 13.54784665 14.36323941  9.20165674 29.3093378  19.15123184 43.1604409
 35.36366807 46.26639526 53.54778074 31.43324282 46.53704611 38.77034673
 37.3552226  19.73507716 43.13684066 51.18442064 33.80260395 44.38926325
 41.72331203 17.1148811  54.04477598 33.83796034 27.65884264 10.21498076
 40.35072552 35.4791629  39.9623426  52.44490979 48.97380346 22.79113506
 19.33002332 56.17082605 43.63044848 58.70777225 46.46854647 11.55771528
  6.53558986 10.70391564 42.64537376 28.58848849 38.87644417 10.01437561
 44.57554414 37.09140841 21.26817297 42.26396808 53.57605326 47.5542912
 33.50370722 42.31324966 10.38702683 19.14052935 39.16784631 21.1341818
 19.90813159 26.77027125 15.28144042 24.84758049 10.10399241 33.88514353
 41.1206704  42.26980876 14.63764519 34.58079016 33.56267814 34.25795054
 43.52459094  9.15703727 47.83211744 58.94026081 34.94774962 26.08893951
 20.88719914 53.23935715 22.24095685 22.0595143  16.13048719 30.80837596
 17.11371378 11.50074048 39.6394004   8.93535538 53.7899306  38.89407607
 13.1455708  37.53427696 10.32344442 53.88775311 32.39725093 18.66824712
 15.77811828]
8
[45.49158843 20.77103711 23.76374889 47.32514183 14.28151719 29.3469053
 34.25305659 30.50882078 14.02206126 45.17039484 24.00203934 38.21640643
 45.9894744  23.57010782 11.39880078 17.84496735 42.21109171 55.14110744
 19.09710871 49.44486514 32.29441395 47.90485037 13.02539314 11.21059729
 31.81185587 46.75285875 27.86069023 26.45439812 37.23710119 30.33302698
 23.69124677 25.56855072 58.10767905 24.8558434   8.6056072  13.96342853
 38.16474862 30.05582755 47.32102903 38.05669682 30.58704154 46.78253198
 35.17629537 32.49719007 46.82927688 12.07966278 40.17156525 12.89424647
 56.11805536 12.5113035  16.50317442 22.14208449 25.55437614 44.23650227
 51.53592789 34.74494371 18.80911722 45.78839701 52.3585053  38.63907794
 30.80857346 51.47256241 25.78247681 58.39307551 35.00036109 39.71717229
 15.38077882 41.81417601 51.29488529 34.61476021 56.22101852 35.50056161
 43.19660552 34.29081411 17.40782684 37.33857403 30.05437273 27.95809241
 23.4318179  53.06437764 41.504793   12.79261366 53.16383179 24.37248862
 56.70745938 38.59744638 31.29508609  8.34079339  6.93884146  7.09863255
 29.81881064 40.97478851  8.20623848 15.24553015 25.8533441  51.64731072
 56.31659185 28.49519718 18.16817134 32.51540224 57.90399718 29.95302103
 24.49602647 40.04244453 12.5276379  31.42141482 22.9049456   9.85639898
 59.13550388 35.50870693 35.467403   35.12654948 52.3382122  54.4601384
 45.04245276 19.12551478 11.76899371 57.81173063 23.06982701 28.222943
 39.60904201]
9
[24.74702158 56.01094908 14.09053601 47.13997602 45.87300879 30.63853234
 51.35819992  9.98508926 31.12557507 36.69245394 43.73485019 12.92686017
 26.3251269  52.59785922 24.14335179 28.89383554 12.99368885 48.37485384
 16.56269954 46.47836785 14.70084241 26.62741119 53.17087131 50.8672837
 20.8281861  39.81410217 19.43175851 22.43451559 48.49094922 23.36113525
 44.4991274  30.88979777 35.31181592 33.72189461 34.35799314 38.70215545
 48.92812413 45.77299713 41.63750062 15.38861032 53.7349878  38.63626362
 18.40424586 40.61101874  7.50354758 49.54243016 39.79285164 46.671445
 17.93764098 40.87321223 34.37962679 23.63096951 19.15787544 42.28870287
 19.63690489 58.65317722 11.84229898 17.23666538 39.72226659 50.05595878
 23.37785696 13.04516269 12.77663606 39.86178456 49.16138695 28.6538283
 10.16742147 49.79341352 51.53453174 38.16286554 27.09065919 31.00761934
 51.5490285  26.61586163 31.45525061 20.1587086  52.2063752  11.06176939
 18.10737641 11.83410048 48.9045996  17.60511202 24.89862062 56.79193787
 38.82131209 29.93513311 25.04619565 51.54851889 22.12615692 20.48987033
 27.02244755 29.15064844 33.07998729 56.01720995 16.10452516 20.97138607
 48.0055174  24.17133305 45.41563589 41.37055724 36.47022525 43.30309389
 26.60449459 31.57549588 25.61069979 15.01771329 52.04623946 32.09288486
 56.48698398 17.25238787 51.8634613  36.12283264 12.39034312 20.89651102
 50.8079159  51.00977548 13.64921588 45.04415379 10.36034647 53.51077128
  9.1482104 ]
10
[54.91861678 45.89219167 25.21440042 49.51813023 23.64361947 46.28565168
 56.59597484 48.91407963 33.10871985 51.26448682 21.13035289 23.86271475
 43.6485877  40.75368864 16.65408554 51.18119276 46.29466    16.85837151
 20.61252292 38.78862418 12.00211477 42.10481292 15.28545613 51.0770485
 19.54005037 16.17208012 35.73041496 38.38228565 14.96360211 27.6947239
 37.30506167 51.53960892 56.48217036 31.38337721 13.28788666 18.35061644
 12.99647174 36.9819005  45.79159774 16.41038557 25.09733922 31.67034214
 48.17521904 55.35905154 25.88142488 35.55168858 10.92757885 34.50028397
 38.3096557  56.51415712 55.9038721  23.86130203 31.91429278 50.02890155
 26.74706979 42.09038359 14.13067216 27.53869463 48.44179878 10.29036857
 13.85112449 47.44364035 15.65085337 29.2017188  34.1694188  11.92876285
 43.56077884 51.53373789 34.63672874 14.27851397 32.1427568  40.47202932
 36.02566534 16.8713089  49.42897232 56.5834038   7.4568544  45.98999801
 21.3727112  37.27981787 32.94358324 27.25175701 31.78933797  9.93133447
 12.44165156 13.45754665  8.73755327 48.82304106 33.32661691 18.91784437
 26.25239649 25.45028286 34.69393343 59.23695287 13.88172646 17.66828904
 48.56510092  8.24110615 31.85058809  7.97232392 32.92676095 26.61988563
 37.62860132 50.91291661 28.74047642 43.35622355 12.17692828 14.3090944
 49.38064072 30.38752624 31.93182067 46.78191611 26.36029654 17.35561564
 23.91127704  9.4095015  22.04413459 51.47522185 13.17684831 19.89104727
 40.99768468]
11
[14.99816844 42.87387192 50.25838145 29.22084628 37.23419938 13.18690136
 36.133266   13.76579706 42.98514269 39.55756405 50.60542822 32.31214913
 19.35700263 27.82281677  7.38448821 10.32372237 47.98837317 57.19057899
 37.22508488 48.36681784 29.91190513 34.25010818 31.25493697 27.04079213
 42.25084027 20.32032751 28.33866869 44.73029653 15.93033019  8.0517751
 27.35502114 22.97559978 31.22396002 53.76376087 41.87029605 24.62171647
 33.17270517 55.27173963 44.33035951 11.63616811 34.39076844 50.86265586
 26.3815857  46.93899605 41.98840407 49.59548511 11.81211825 18.2371253
 53.81002048 24.03858786 21.65792845 23.43222127 19.35845037 11.82061273
 36.69977318 50.05277216 33.95261759 21.9530419  24.96938484 51.24772961
 12.87696927 33.01198378 35.35222699 48.1443925  29.49981582 29.53390837
 34.91813819 37.40626408 23.86677606 33.11835424 55.21421743 17.01330767
 58.36166906 26.28143018 20.12495923 27.27703008 35.1125424   6.02378875
 36.49002389 20.2401166  44.18710347 13.02801721 53.86692863 33.33107432
 25.93190167 48.56781528 22.51509241  8.16115468 16.15256427 32.29354222
 48.6090577  37.58882292 44.7304018  40.56266326 22.75786734 46.77075787
 51.86693871  8.64368764 29.82121571 31.93787232 38.47988267 41.99796154
  6.91789605 32.67620603 35.39311079 58.78028128 55.78007572  8.02435942
 42.57257716 12.65652272 37.20463954  9.51819765 44.06640963 54.32692184
 18.33493265 41.94432708 19.45764685 54.33753952 50.10484215 42.63717656
 36.50806279]
12
[21.52590353 33.06466992 26.1693746   8.36614301 28.38884657 11.85800795
 57.87529829 35.51622061 20.29637687 31.40233677 11.49962347 41.79424395
 25.10590392 34.94520459 34.64359469  7.43699504 18.23348721 57.0509178
 45.06079813 12.20844588 12.11288323 20.65347957 20.01874695 30.17392844
 39.52202224 35.93710374 21.93180066  9.83427532 56.15489647 28.53693295
 16.47097864 34.0417824  55.30659495 28.37458625 35.39749132 53.76864429
 29.30679413 21.32549973 19.82399513 26.62636747 24.48162542 54.02514362
 54.0088101  39.80758598 21.12756603 12.44519715 18.95442687 26.34828041
 19.44434847 22.72422205 40.78650075  6.67849733 15.22130749 45.41132836
 52.70957463 15.66182331 33.76719929 45.54982947 33.39578565 15.1627793
 48.52156112 42.79474446 31.07396661 34.78967737 14.95221287 10.67141581
 54.81335298 24.67149293 35.49618649 56.53301758 13.36188903 55.30590276
 22.16887449 44.86409907 15.83916014 48.73452512 14.29918839 10.254696
 43.11506593 19.8563091  14.36778879  9.31755826 57.31704738 20.20926719
  8.75535219 46.8196352  32.2567507  40.988451   19.63122718 27.03925675
 18.45077728 53.68338234 28.72479159 22.89884316 16.8013794  53.08958234
 51.48346713 59.19582243 30.14965098 14.81382128 48.87059821 43.07306052
 55.62579142 12.97430762 20.49182526 29.78114216 18.7267784  27.46836533
 23.83120841 17.90110185  7.6930952  46.48210396 36.84130662 57.5915475
 56.0423292  49.95983905 53.54330754 55.8345637  47.24170236 58.94451731
 26.07425888]
13
[47.10302428 26.00890761 31.56216162  8.18776551 30.55155786 14.42729157
 29.69564573 18.42791947 53.10805652 28.73562834 16.08990928 27.95438368
  7.94470341 25.83818997 53.87705323 36.40340925 56.20465836 52.08953249
 47.03054353 28.17977925 29.25417801 49.44420959 14.31929034 55.90261473
  8.38554102 40.46766656 23.04971985 39.3775216  50.47434107 35.96745055
 33.03261728 41.00483701 25.04750035 13.7574163  24.99416707 10.29014789
 36.5142504  35.16588354 38.80249424 54.30706508 34.20719685 28.71623786
 33.35466373 15.42596625 54.93330741 27.43057998 41.89062199 13.65889898
 54.19951364 31.09452811 52.53982748 24.99323056 33.74430428 54.6595423
 19.27389334 35.33535771 20.95414513 38.75668177 31.92610588 18.76550282
 26.6295051  49.67481648 39.38565436 54.23613161 49.06283252 14.43294363
 42.69590454 26.60576281 23.18712554 41.52967453  5.33809775 16.86445222
 38.52615654 40.18102498 52.04897269 48.182523   17.52589161 40.43497392
 49.97566056 47.2238713  49.32604678 35.78401243 39.75052602 27.64254491
 20.96571189 20.71980574 47.80788787 55.40324412 12.4601691  15.40179149
 35.38648517 30.31234884 39.09050697 30.71563584 40.30107821 51.33937829
 48.53040356 20.64727668 21.93691302  9.43839502 42.78113394 28.8302454
 21.40690026 22.82325375 14.98677403 42.81181413 13.43482124 31.14047102
 10.33990916 37.96868356 17.84339854 44.9726916  49.79675879 45.77839295
 43.53878912 29.66686276 11.63578733 39.33521207 36.62757515 30.40307585
 32.50271822]
14
[34.54203162  7.82722873 13.22519613 35.124114   20.83945614 25.70199043
 10.94893593 31.22108618 36.64586694 17.50543695 35.155136   50.13351719
 12.25846526 40.48937819  7.61861715 32.63747049 43.33052712 41.2569334
 16.9231875  17.60581701 26.54328011 40.97422172  6.82414098 42.50416407
 29.56185651 28.40139591 43.82387816 15.11862043 41.45811563 42.91359374
 49.45408815 32.03328361 43.54456746 25.3678242  11.11529614 50.47577371
 53.42777776 14.08268031 19.17851078 36.97851589 55.13663972 30.10814949
 20.85491484 26.34808099 22.98553529 24.41070958 46.6231181  40.61409247
 21.03666492 35.73498942 13.25260581 53.85355633 40.34854328  9.06279233
 26.37103979 45.80825499 37.22151038 12.94750933 38.0235182  15.29024117
 48.75908642 19.25873599 27.37751653 38.96041984 39.80815798 25.90593412
 11.70154406 30.24879957 45.18542721 56.58610853 14.07301105 40.19543197
 17.69407358 15.84609075 12.79042389 10.14406573 28.52651373 36.67999873
 55.93125348  9.75493461 52.25827078 35.48752686 24.13969555 49.32410215
 44.84836086 36.76690077 54.46368398 57.0756865  13.74300938 41.03774921
  7.3449016  55.06270131 19.55532584 45.75107235 24.89339226 14.89407333
 18.8197856  30.91548086 52.21944538 39.60831634 19.76083602  8.1417345
 54.36841244 41.7913489  49.30734982  7.34526206 54.58814817 37.13737498
 51.50717138 21.34795282 33.78291387 20.39597171 28.34628002 51.32377893
 45.15429253 33.55545392 47.59497531 25.86012158 37.85707249 16.21921293
 43.79369366]
15
[22.80559173 30.48078543 23.37821529  7.07922176 42.65630431 18.0694379
 56.13058366 20.06025517 30.74706921  9.97689598 12.71980405 14.08979775
 24.551779   30.43426372 59.54719235 54.58514219 15.24793321 53.93259789
 34.47716589 49.34837103 24.30513775 40.49078155 12.96039731 15.66735643
 10.65690728 14.9717994  30.48709647 39.48103572 35.19820535 13.00735491
 48.55552403 37.15231782 30.00978726 59.00200382 43.10942331 44.24456131
 26.17244623 10.22143913 32.44492871 28.43341432 38.81395411 43.64889301
 46.31151676 32.71397859 24.79608088 18.66173934 17.75858635 36.82334407
 34.49939442 27.22803347 15.51820646 17.71277226  8.54278947 21.28755859
 40.58998569 13.00253312 32.67370766 15.36489402 11.66022577 11.66285431
 12.19687378 21.71820689 46.90895413 51.46551205 21.02361946 48.0112731
 27.39000379 46.40718409 50.86677312 35.51860134 19.16455836 27.54718219
 14.39742789  9.72447478 51.29267674 10.91138129 41.0439183  39.52717278
 10.06364745  8.14297336 49.0304683  37.38206105 23.54492288 36.59079469
 58.07954227 47.63682111 59.61208351 17.18690643 38.60575496 35.26190785
 17.50996163 58.2824544  23.26447729 21.26185219 49.47663502 57.52694771
 44.87096271 14.67948326 55.50944218 31.38634859 21.76128688  9.41652614
  7.53608748 50.1460234   7.64695862  5.92472335 18.65699145 48.96391907
 30.15762907 45.83402906 10.7827381   9.52071826 14.00823077 25.11182164
 39.54026826 12.94748857 27.28900107 38.4195759  19.30322078 13.39315392
 48.42641243]
16
[53.1258574  24.21451154 35.31812037 57.35248399 26.86779664 32.91694883
 10.33569684 32.03937581 39.12724999 36.4772899  56.12773706 53.57251253
 14.99719385  8.47346391 16.43751051 32.62947861 22.66421211 17.68449317
 39.43880743  8.82524984 42.71814614 54.13269487 12.48035964 37.8850158
 57.67542172 45.65450613 53.23074198 18.24785848 14.2085325  48.94473807
 21.78649194 54.45229185 50.48328457 44.35436453  5.89150443 21.45312227
 40.3391021  53.00983278 16.97342028 14.2594266  41.50698966 54.46738416
 46.65808239 29.86952069 15.17066314 31.80837746 20.36445508  5.45197313
 57.42131743 38.11900386 18.40473655 42.02938851 22.68666491 19.53597012
 21.01250598 55.90709989 25.67097171 28.64026095 34.44392874 37.85116804
 53.28420697 31.52603499 39.23261114 52.16875611 29.78789549 10.78629932
 30.42546977 25.03976842 11.74094119 13.84335592 34.8106435  40.67421282
 30.38464831 13.24856203 46.86575001 31.64461232 53.92787084 51.05093264
 28.85093962 19.22469586 10.36814615 17.31197811  9.06773155 13.65463432
 43.62053488 37.89955663 15.54255994  6.94390306 16.52266774 36.96591887
 31.38068472 36.57795965  6.48703252 23.97919583 18.41634838 30.28049321
 55.47297927 55.56499647 30.57907962 23.60559217 40.50078088 40.16183588
 29.88922504 25.70898738 21.05695461  9.33748368 25.94005602 51.90136179
 15.00351804 47.98209698 52.98554946 14.87671796 42.19464698 52.44788174
 21.75646021 19.80941132 52.36155097 31.49028081 39.34962848 58.6082103
 24.83556628]
17
[13.99547226 47.91767711 10.36467474 11.24086506 50.28064205 46.93131593
 16.80506586 12.58841522 15.06670188 24.69511817 26.95780025 53.76443732
 40.82245645 48.97963033 20.1359303  20.86768046 47.14269436 39.1739357
 40.36507681 44.69123732 20.14673156 34.65828978 12.12520514 24.69510615
 53.62468931  7.64657615  9.86134309 17.68727683 29.93161141 50.11105888
 55.99118706 17.02906431 40.08575991 40.08386846 40.2981168  35.71827091
 44.11112742 21.21117266 34.20743774 14.0697133  51.00478032 34.93030586
 13.76088071 34.99717689 12.04222108 33.97039932 25.97507766 12.38553653
 49.73106531 49.24196841 27.5437672  54.4826404  18.20803195 37.65953216
 42.19578358 20.65744311 12.12387794 19.06136388 36.6609864  32.27544732
 36.94609723 55.65059353 57.2268269  35.41992699 55.09068539 18.61131155
 51.01682329 28.9319665  46.11041981 29.46142508 54.77728684 17.73711429
 30.69256408 39.20981593 54.47732248 38.94331241 43.78391761  5.52826284
 41.31302674 46.14488397 35.38123596 37.94147678 41.89798661 22.76865096
 44.3364107   8.22019991 51.26830766 35.1035189  39.63095319 55.06281507
 16.89088061 14.4178999  45.2451003  26.95808688 35.50092529  8.38385875
  8.76001971 29.95841163  9.16891609  8.28359501 37.0114531  36.928423
 57.18640294 40.30355927 20.62318334 31.13692697 10.92309183 47.74211663
 15.22514327 21.38527216 14.91049431 16.66118089 36.7201145   5.72734141
  9.37707293 38.83612093 15.2310707  15.06590932 32.22530927 10.49672892
 14.38099439]
18
[35.87182491 11.51757803 38.817752   34.3301325  45.8409102  26.56207783
 46.42877168 43.67494775 37.62238923 35.88867129 43.98034838 36.10195591
 45.79866516 56.08898202 24.16951445 54.78197716 48.31656455 57.44074043
 34.90209949  9.93344457 38.72990235 13.91246676 29.1522027  26.06714475
 34.20407405 29.56333857 46.03763492 24.34268023 28.30950456 48.11032528
 23.68459936 20.79586589 11.24277274 48.72838123 28.11677393 16.05876869
 25.84396896 29.17777095 32.43053722 23.85856791 51.16961589 27.06223731
 33.87776808 21.23327039 26.682774   18.91216972 30.69906446 32.93869161
 28.554987   22.17899127 17.38525275 36.65433091 47.35868612 26.59647062
 37.85730535 44.40606508 45.9509497  46.7183062  33.78004572 37.53558985
 13.54193994 33.05408878 31.8694018  14.00411867 47.36103325 30.1462277
 15.32699127 43.76760435 49.72233001 40.07905996 23.65833264  9.95987752
 14.03643652 41.58131451 15.44110585 27.95576407 22.07527337 37.12161823
 13.15337353 17.27409468  9.61624254 29.53431267 15.44161847 45.46267057
 22.7873933  54.5123849  33.63284049 24.12651311 46.59673706 55.56773075
 29.40755831 34.34056889 27.77169765 51.00501309 22.98354027 23.75793688
 11.25411785 38.39523217 18.49029246 13.25371695 43.64728861 51.39910482
 55.94635983 46.322803   45.64023795 48.97656407 37.09868115 23.0222082
 26.87760741 39.45524228 18.62434217 38.85264868 16.27570523 39.06708344
 51.84143012 21.33842958 44.48488285 36.0858216  33.86620325 20.79934133
 19.5590706 ]
19
[41.52762051 28.71028276 41.49928797 49.88506047 38.18165601 13.89325939
  7.70982601 28.29611266 30.70024209 32.94131891 41.81955972 48.60878634
 23.06769855 10.55368357 16.87486667 28.51890632 44.82068735 36.1808968
 37.59382167 41.53014951 47.03044712 30.63069044 15.21559896 50.01836852
 16.29100305  8.18765094 12.0035263  26.75156756 14.64219208 32.95786385
  9.47775553 15.06917244 53.20786352 53.13744999 23.01246571 52.94342468
 25.47011698 18.19942165 57.41836424 17.71299354 19.7528093  17.21125589
 15.58974719 23.61494596 35.90593455 18.40394039  5.92197003 14.66450354
 19.20737508 16.9115738   6.61235767 23.58358355 45.60439758 18.71436768
  6.43795754 15.96202344 34.91697086 16.18575451 50.21402729 29.59296783
 55.18652443 57.60909381 36.45256245 29.20620691 31.421939   12.46068411
 35.59147018 48.29151193 24.83487456 13.56885564 31.50126622 41.94655771
 39.84538302 43.42220688 14.79038332 16.92363092 12.53682153 49.97438697
 50.55974371 20.91743964 36.67731505 54.26299475 56.45129347 48.96774094
 11.33290216  7.53187415 41.01328633 38.07354238 34.21028152 24.14596868
 23.04193024 31.79181847 18.75001595 35.02417133 27.50065657 12.49317493
 49.35940942 17.78039496  5.52459346 19.10048909 40.79402815 45.49848922
 13.55328735 55.82694553 19.24018773 37.66658349 49.70969291 53.54971604
 15.35990845 29.02321826 22.51324769 52.41065377 58.79514102 56.49083173
 43.31555473 43.2120787  27.13283876 52.36544633 44.29421418 12.02608297
 29.8902642 ]
20
[43.47167594 12.08487515  7.59082863 24.87233136 27.78959701 23.75666048
 28.34564829 42.45647161 15.51377196 34.38053278 36.55348185 47.35536902
 53.51966449 40.6656463  30.32441738 13.77283156 53.13675177 17.24198891
 45.2200484   9.09413322 29.35152151 13.32700182 17.58733    24.16049665
 37.59079786 45.41687852 17.2060794  23.92122026 11.68098286 12.59500846
 13.19047964 58.60093852 54.73290285 29.40914745 58.06244909 31.80033741
 17.29759709 20.74808618 50.72506406 50.98443383 51.91831185 15.68938239
 43.76290115 40.57954198 55.32987581 17.35608457 41.93782217 46.6150251
 49.61062802 25.44659503 12.87825658 42.72966557 31.98167753 57.55326203
 54.38391521 44.62860749 48.16889936 17.27294069 22.91913039  8.70069667
 30.75732351 16.1146722  47.93794431 25.56982255 37.08619291 47.04529909
 21.00772577  8.2237447  39.77436403 18.97757927 46.42081911 38.35514053
 31.27554748 49.58888807 47.22102447 14.72443255 14.09530666 33.30992098
 54.94020022 16.92561466 49.60103107 10.31396413 38.78828616 43.8519321
 21.44346131 47.85079194 36.98671766 59.23629687 30.1545919  15.60437874
 56.77509899 38.12348528 34.56495315 46.26510728 21.32101163 34.02483901
 53.52432535 54.77568706 39.00757672 47.6652238  46.90197058 30.5521779
 44.12074308 39.50272588  9.6057918  21.89053367  8.26499363 41.87758394
 57.23618505 28.94119    40.72875753 14.75586953 25.96058065 14.7038317
 23.38211936 20.07540595 30.79161009 30.02125518  9.94889225 44.57899952
 21.50450978]
21
[38.46617022 21.35163322 26.58268529 50.45421903 38.68941703 33.87631913
 55.96715493 27.27934766 22.76058962 50.61605339 25.85583807 36.38677335
 25.72133106  9.01955187  7.11316435 49.40613654 13.78212963 43.81330737
 27.55802239 13.16367893 48.04818293  8.85219964 17.72200466 49.81056828
 28.05595416 14.55390563 13.14243149 19.37050817 34.26960636 52.57503503
 12.97770942 30.15263142 13.21035156 17.19860019 37.98307736 34.84446408
 27.67613255 12.04461344 57.98733151 10.79454542 45.62838434 43.03320974
 49.91413058 22.22798518 33.68402888 33.00161587  8.47597016 20.99231466
 54.69028505 21.10701444 26.64629079 29.76667989 12.38089081 24.66205208
 40.32049115 46.31210351 41.76060358 57.20761466 12.50056807 19.19667989
 25.16839324 42.74918021 35.55415791 19.18304324 23.9601839  22.10663347
 45.45466143 10.31663816 10.61500433 49.52978473 49.06126249 31.33917044
 24.43914138 11.00034679 40.33717996 55.62745477 52.82851428 44.15271616
 30.08319651 58.67827867 46.47233544 58.67734443 44.91691606 15.75030449
 52.83389474 40.28131792  8.57605372 20.81429629 52.69390389 46.15804724
 34.1601854  25.98483106 46.04421605 38.13535613 30.38325388 45.35723959
  8.41838907 43.48565073 29.50074766 26.35798491 11.74902374 35.26905064
 31.9107699  42.34822884 53.19313926 11.88073141 22.87626338 24.97879419
 27.4998072  46.32174772 51.96004087 47.13904416 23.34152418 16.88656102
 44.84125251 55.96980573 35.17589091 14.98669186 12.42278262 10.09338494
 28.4118984 ]
22
[25.9792107  13.87993686 50.90600753 52.48819291 26.91353097 21.97213921
 15.21383814 21.90563771 51.79512685 12.63825432 52.30146804 28.6635975
 37.80512693 32.3967845  11.2463875  27.54893839 44.45309324 38.87370016
 18.22993897 38.10816237 36.07768077 45.76304601 18.14044831 30.87622717
 25.92293577 33.88389705 35.42145497 45.49878973 24.70077005 25.48200165
 24.64248015 51.21997351 50.494704   21.36768145 44.56092296 10.81679938
 33.46147752 10.14089742 20.34991181 29.89846452 26.38492234 41.35825023
 51.12491472 33.84750727 34.88736839 28.0807996  53.00651124  9.7926836
 28.61062871 38.09167443 15.3448746   8.58304795 44.01031513 12.84747961
 52.05906931 44.53887804 49.15889548  6.0202319  39.36649783 38.74737703
  9.92932471 16.71401733  8.55255617  9.63618492 27.75041196 47.27624372
  5.14361267 40.52813927 32.37621791 33.41243518 20.92779314 40.46223613
 51.16142792 26.90789365 15.86789705 17.49765975 13.15041593 39.01461954
 27.24409947 50.20847468 38.55747423 23.3759396  29.58395434 37.35895311
 47.45670168 35.20954611 33.46849128 32.32955737 19.67805893 38.18963548
 40.91530187 43.47062572  9.1043274  49.7704482  43.23421052 36.33933892
 47.19905826 56.87886503 34.69860505 47.52926271 44.05051464 54.50164735
 33.13935854 34.51896113 35.46041153 58.88794953 55.3563586  38.66626838
 29.72448364 11.70082688 32.93625816 10.00482878 51.89698463 50.11325289
 11.70704877 31.37654164 20.99014996 27.49516128 58.8837321  35.82457496
 42.88655671]
23
[18.01444768  9.31826197 43.62706797 29.25517897 40.44403144 18.40200102
 41.10802662 39.70151749 50.8138314  13.30654914 52.00442433 18.38462008
 31.23644714 35.49436754 56.05639538  6.84464481 43.36635189 54.56127938
 42.10487536 38.16391245  9.29473882 19.08356069 47.22111237 27.15975219
  8.9618666  12.32999236 36.09495725 27.72438486 27.77647469 12.42577992
 42.74547401 53.83265295 10.81785132 30.85888296 46.89136134 34.56757936
 24.50390142 40.99854453 33.15383003 54.22330606 43.08397408 58.70163538
 15.93762411 14.29544264 16.85137749 18.54703573 35.86123696 16.17348184
 48.87899087  9.34983034 18.48640431 32.24572729 37.95200829 22.4944594
 52.15018045 14.77669129 11.50000408  9.54168517 10.68551323 11.17934955
 24.27677893 30.42683545 38.14417829 34.89369825 37.23478681 25.81864322
 17.73368586  9.73307836 18.23004216 15.12709439 42.95122377 12.14741581
 48.55868758 51.39284794 14.93805766 29.6258049  16.76365092 18.11902022
 10.21578436 14.85970745 34.36262594 34.74273748 46.49449899 17.35483965
 47.35760555 31.95900676 19.68200811 17.39648841 52.64832757 21.25081104
 41.00149451 42.55556506 48.65743447 20.68404595 17.43641364 44.10666763
 13.8404524  44.71335155 25.26709149 53.60619111 42.19368541 18.25525978
 36.84680662 57.36974467 37.31086677 49.38054773 25.23717316 30.55530511
 53.9442417  59.66829155  8.12185237 17.20655357 50.03678037 24.93860216
 23.83897112 53.5629422  12.82577764 47.92822503 29.10994692 14.83693251
 20.69230555]
24
[59.50110425 54.20366225 43.18805074 49.25756742 51.05992555 41.00056261
 57.10971327 38.66169091 24.70744982 20.19476693 25.30141167 12.91284721
 27.94187121 10.86159819 49.91774802 29.32095342 15.91924651 49.93221202
 12.77366574 16.54841687 34.92568692 17.49985961 33.7724639  24.01175617
 14.71962918 43.60970355 23.12253046 17.83413921 22.89765428 43.37525435
 27.27789136 37.9913868  14.26946257 13.32339855 25.44967562 21.35380805
 14.9612032  23.03385867 39.06260158 39.36598586 49.64243782 31.12000384
 40.70171171 32.70077609 39.98233149 49.43918828 45.93941571 29.33397761
  6.33986315 43.29385646 38.73682113 20.90328115 15.54194027 24.4317085
 28.46896361 25.76756489 46.90369299 44.24812659 53.65626359 28.36481474
 48.29242995 41.09149783 43.30767924 49.71305757 28.23957113 52.60036882
 13.40454789  9.49996892 19.00376421 16.29230144 32.23157163 45.69751549
 14.49799265  8.48797269 36.98297981 54.12186374 24.96886307 32.55584909
 36.66603403 53.16736148 51.38412509 54.75431508 36.18335348 18.84967506
 20.82199991 57.08725884 50.44946136 47.43795428 35.49402463 24.38736896
 44.45422403  7.2833658  21.78902251 29.89339162 32.21663596 45.20336033
 12.272699   57.49423995 54.30031045 53.20282649 31.76323033 22.74669322
 27.18156582 41.58271539 10.63531165 19.91842356 46.63159917 32.95129349
 55.1150383  37.59337165 52.93065183  9.68080865 12.77468745 16.35022015
  8.44213868 21.75308408 55.17800932 13.31067523 47.29345983 27.84506482
 53.69727673]
25
[56.43741125 52.79731615 47.52216641 16.86877025 18.55449748  9.39590535
  9.5691517  40.21833038 23.69888706 47.39148018 41.40284795 28.10860778
 45.78024845 41.35748779  7.84246541 40.19558713 16.64756913 46.79866427
 48.16097935 52.2505886  43.1473667  51.1536007  22.1639988  17.60815004
 19.32111138  7.52325837 44.08325701 27.65952682 39.51346948 34.84085267
 47.06409153 49.50389379 50.00969039 26.9084492  57.3982646  34.52166393
 11.55780364 29.23328343 45.68374103 40.70917208 17.01950232 15.07080143
 10.72648742 46.54657488 53.31355177 21.27171366 51.00946737 26.83226387
 25.08732763 19.28729701 28.33479007 15.24077294 30.20365234 27.93915476
 50.50595543 31.01511394 41.94367703 35.10028996 26.87656124 43.87669916
 49.84669821 36.05044524 25.95669883  9.33918342  9.15199755 40.41206464
 16.12696979 52.41503251 36.3739531  16.99046429 11.80598261 49.20035018
 14.02841495 14.37409457 48.48780002 14.16497258 42.3529315  23.82831508
 37.06970271 17.82695373 40.33735271 20.15824693 37.93591893 13.70653202
 44.22146428 15.28791872 49.21177735 16.8833183  39.09082697 30.7306668
 49.06518222  6.56624178 33.15847328 39.90919864 55.41091651 42.62120747
 18.09575165 44.2030289  47.72110664 32.063856   38.6401198  48.85936215
 18.57084048 46.88696592 24.79515732 34.12804086 22.87044049 19.03942173
 42.9145156  56.5373173  19.72961262 35.80258424 52.40706764 23.99508942
 37.54347071 39.31979516 47.45664204 41.29890471 37.29864034 43.81300657
  8.33036462]
26
[23.65332464 32.010799   39.52827407 46.25229681 45.03762122 26.64052972
 34.91734203 25.91953516 35.36751059  8.56687939 47.82898843 47.71900314
 15.97947292 10.19058432 48.25773092 48.19673474 38.55888645 20.4853251
 41.79845387 42.29739352 19.02974966 42.3949433  33.54982625 58.224682
 54.02761077 37.3753713  31.8885122  31.6633785  12.01990688 27.71108259
 30.65406123 40.603953   26.68695636 32.99376943 28.5188762  48.88758422
 54.60313175 52.74029026 16.06006834 45.74654135 43.37608133 55.87256947
 13.99112011 29.94319157 49.53304736 51.54631239 11.08858084 17.26859768
 55.19027607 19.38208722 47.29985732 17.7751296  21.07248274 49.08562416
 28.77715905 14.75104908 55.09137674 43.61127785 39.77886932 56.74616173
 41.2629122  58.21104314 11.64228094 33.29481764 16.5527993  25.16246248
  5.34379721 19.02256419 30.52720854 39.26663669 49.69866246 15.59775804
 34.82261966 11.43457739 30.03021441 31.6577347  53.10465579 40.54241197
 10.93192053 10.06197887 13.4736903  11.90881247 33.43196708 53.77367287
  7.57267094  9.81697096  6.73468141 10.85372635 15.25832231 45.01023159
 12.06141299 45.20935525 52.91410875 29.30307991 33.71240139 49.97949488
 27.5206886  19.12069977 19.35783814 20.67809801 20.09157844 29.24222764
 22.13797272 25.79949591 26.0775097  43.67652118 16.01739846 17.53831097
 10.10712459 36.25521679 11.55788644 14.56345278 18.06382977 43.14550268
 54.37778584 46.04745043  9.84337982 23.24471018  6.51601249 20.94179599
 30.46564599]
27
[35.7908733  29.78028057 22.96915465 39.47140429 17.72499997 43.67333589
 14.23212569 34.83869212 38.25953501 25.39906459 36.72994222 54.58487097
 55.74520699 29.00483841 46.82788037  5.81424375  7.76718924 16.1651384
 55.14147674 47.76711151 46.33356687 45.40282621 33.79112473 41.22633432
 16.39063854 25.44759225 39.07048155 40.26062766 21.65769589 41.0474567
 18.39176724 37.53277259 30.29010164 39.26507362 44.78526215 37.92648242
 41.56597956 38.52266015 36.93767813 47.9958335  46.23559878 28.96662479
  7.48859658 11.41980076 22.85905056 57.9642176  21.96857468 20.70198235
  7.60750502 32.78018158 16.50925445 48.8244556  26.31654871 50.08699468
 52.49448498 17.34315204 21.68528781 19.62330307 33.87238898 47.78691331
 41.76858525 22.17002358 57.76731554 52.02712206 38.96364766 16.39300759
 10.13059848 21.23786502 31.75783277 36.95267778 37.15771678 47.6833106
 47.5910211  31.96995301 46.25612019 37.95502898 49.28457573 18.59083176
  8.97279093 41.6967094  56.69603424 38.37635601 42.1762798  29.59426905
 30.22547054 40.35295776 44.98268839  8.46309295 29.96472562 50.45987638
 44.33988183 30.16845827 34.77075121 34.40954466 57.37280728 47.77361263
 17.72924187 54.20371344 19.68690233 29.83588603 10.50933862  9.93701092
 11.18726615 21.67846392 32.69594772 54.89133453 38.35300467 22.68798897
 23.44207171 18.61168759 17.24126114 36.1414247  29.58522589 19.58565252
 57.46618761 25.05635538 24.50825818 45.07086633 13.05863996 30.14096048
 45.79493697]
28
[33.26786057 13.37887611 15.38490007 35.05788345 57.31466535 52.22564622
 20.11594445 34.79800316 29.37480555 24.63169583 52.67878074 43.79288903
 57.88076661 48.94716254 48.77364588 10.38202227 30.37256884 29.73369452
 12.44158898 31.0835121  12.07986713 25.37853683 10.37056898 26.72550633
 46.0002982  36.99384802 26.75821594 14.13734027 53.01370734 52.72746727
 53.35150977 44.76240013 27.26950692 58.7413042  47.36216602 15.24889649
 16.14415728 34.92086575 52.70375622 49.90026923 11.61746214 40.55045382
 11.09681201 34.28548102 49.82519782 25.39043184 44.0830772  54.11908903
 43.54231677 44.37465146 55.09660478 48.30578762 21.65185029 35.85760635
 58.90920092 53.65997401 32.19964744 42.52380478 28.13349875 13.86682483
 41.18283373 54.22604634 41.53678432 32.62861804 41.40320053 48.44841034
 22.78307806 55.0452158  21.03773131 38.83641118  5.62689409 50.73506347
 24.95725593 21.38729108 17.5239014  33.24777125 50.59263222 15.08054015
 53.19034303 14.31711395 28.82594642 23.9321566   5.44937328 40.5911364
 22.29046411 14.30519601 25.04954692 40.56004723 54.27265258 14.48259675
 27.53977478 47.89029382 37.97708047 31.1318116  54.58943557 32.77483619
 20.81407638 53.78390717 30.27214012 43.90019089  9.30015176 49.65486353
 32.09999414 38.96670748 50.49674782  7.59480851 43.36053261 35.37355618
 42.12515603 28.2084259   7.67929415 46.38434076 33.20752577  9.43310506
  9.59519835 36.34181248 10.63298096 28.68730152 47.25004388 49.48154296
 39.07673514]
29
[ 8.40908728 11.63702762 37.14181556 56.29193331 31.33994918 45.21351795
 46.42424389 21.27768776 19.51040642 22.90327053 43.09878927 44.42559297
 29.40070723 13.85680003 35.63165633 21.94780541 14.03169022 18.23553372
 18.87445895 15.5519687  13.76260748 33.71176854 13.7126397  15.50530763
 54.5074491  41.74387397 11.67716059 34.5144097  30.87699083 11.42958661
 42.08568557 17.81780829 39.92207019 24.30623375 40.53432815 48.86619216
 11.50327762 23.98367779 25.91709276 54.14759345 50.95031392 45.44132637
 58.47908504 36.53805542  9.07191222 20.20869376 27.37656645 24.86984173
 20.53174907 38.94587748 51.36019197 11.0641123  20.92717165 49.74967444
 27.70488203 40.48122444 48.49939082 30.00554078 41.11175115 17.16547101
 26.58715665 51.86074935 39.29251698 35.55788522 52.4480685  24.21862583
 50.31786346 24.72188892 46.15063336 14.92162824 15.79369057 46.91636163
 11.45042714 15.84603821 41.37726027 33.78228706 20.5207136  51.39989479
 23.72514157 22.53864917 29.04135395 26.66159183 20.48035521 35.34676072
  9.8214249  28.09577838  8.63524715 33.69881084 55.39853859 25.92625913
 14.98547616 26.40134809 25.23233644 18.03919634 22.57390393 18.33659466
 14.15645574 46.9415257  32.92091602 38.02341148 38.5249514  45.24340915
 51.51934981 14.72320945 30.27378897 10.3767047  10.37327056 43.3621725
 37.9106044  39.85272676 21.15798752 36.96719609 15.03363917 35.64921469
 54.04083834 27.69444971 39.53085552 46.90163317 16.35722637 18.46649303
 18.25259309]
