[21.30942613  9.52842114 27.64948981 13.57739918 15.04677431  6.91574272
 17.02827861 11.72570144 29.60911736 12.71013411 11.79790581 23.81557804
 20.50218975 17.5600732  19.09425701 14.0266036  14.67594212 23.3703818
 17.79917639 15.07315591 19.35435104 18.39054752 17.38297456 27.6708069
 17.97322982 13.19135813 21.29929849 19.22233406 13.4438483  19.29057667
 11.74985408 24.94482977 21.0702399  39.73815799  7.09375145 21.03420185
 19.23945065 17.71677261 24.99292057 20.68629204 15.41200087 21.18835282
 15.39498004 17.59323548 20.10525631 14.52566874  7.65963921  6.97202092
 13.39010768 19.80840424 13.87205591 11.02250224 11.65884183  6.00017431
 22.73045879 22.70799105 31.93650539  5.60739112 28.17775367 15.32801113
 17.52654853 16.22081616 16.62779414 10.50753479  8.53672331 10.40967274
  8.60774479 12.47683889 17.8957214  23.94193625 11.16611047 23.02320983
  6.38725958 12.05722114  6.21661096 12.3308541  11.1390698  16.3950223
  6.92803627 21.49017557 12.89686429  9.8618664  29.8464706  11.48521369
 23.72556264 29.92857346 25.72688355 10.24896052  5.82841397  9.25649771
 12.55354047 20.76893909 15.66274669 21.56788542 16.74601586 13.87998298
  7.56497302 19.88794623 10.51199973 24.71176955 36.50055831 25.81536076
 16.84320676 19.20775314 14.71482357 23.71113349 18.69452072 22.50962274
 22.92450794 18.92385458 24.33771074 12.78069029 10.75249547 23.73687605
 21.91421479 22.86256049 22.18260782 22.87012114  5.80343103 17.98462407
 16.22890826]