[26.99135509 13.68069761 19.00444264 15.22678929 30.27351994 29.01280079
 12.78255999 15.83423286 25.48108616 10.16129913 16.22042969  9.94054234
 28.46470043 18.11947793 21.34312921 13.30804849 26.81483786 14.05105526
 20.51697474 30.01219078 18.14711488 45.85232458 25.39756291 40.74715181
  9.65220259  5.96195347 23.70507402 24.37901147 20.29471498 16.98985858
 12.62689562 12.72258774 30.44865769 21.19841254 14.29337656 14.48706344
 14.19318937 27.35460057 40.17422451 12.52621831 14.3083915   9.38951843
 14.09356277 15.20209937  8.39539144 16.33033755 42.88128768 28.12055915
 21.68190438 19.90148053 11.94323402 19.69469446 11.31365338 16.88074174
 17.59730775 11.7829738  38.50026611 27.1576495  21.47252494 18.3595355
 23.92370737 29.26953227 39.35179882 20.54273783 36.07394907 13.81356684
 11.81103723 27.1104573  18.25529513 18.64835828  9.70486102 27.2422494
 28.33987563  8.73444861 11.50608111 11.6150815  27.85795835 18.54680879
 11.11028657 25.16367376 15.59893397 17.71834713 17.49919331  9.96469288
 20.9234626  14.70380289 20.81428074 20.11081274 12.07608677 28.22047342
 19.55214359 40.78792885  7.83814051  6.88389841 15.93518275 11.41410005
 21.85580149 15.9885983  21.47979977 10.12278472 38.22452745  8.29951086
 10.5460885   8.37798232 12.4633599  15.94253862 30.37859811 10.8779013
 19.75164097 11.91462874 15.03316917 22.88849168 22.45337066 18.34913753
 14.04224168 14.95401958 15.45187484 18.906604    8.84073436 13.06358399
 14.20247774 17.71967733 32.61257914 29.93806822  9.67988178 37.45900321
  6.94911484  9.28196785 24.61162454 27.59024942 15.98627912 15.44611854
 18.28401948 10.91667874 12.63593832 14.37907389 15.00088019  6.66434046
 26.36033434 15.27469876 14.11281956 11.70013303 26.33978121 12.36312106
 34.73268843 22.94335835 23.16286229 21.05875913 35.295988   12.12963593
 11.81333794 31.24072009 21.93217475 24.07661081 27.15361386 12.87453625
  9.1013555  23.08983001 18.67807469 12.00906038 24.94540363 26.00228112
 15.60640432 27.65542692 28.48328961 16.81350059 15.78636275 26.44681237
 27.49738207 36.90934096 21.78609375 23.90596284  8.87373803 12.54247419
 15.36207609 14.28103356 10.6185574  36.26825245 13.21698635  8.67256677
  9.70774818 30.14484522 29.21486145 21.14506204 24.21911374 11.71771729
  9.77511927 23.60501464 12.01781132 16.29338798 11.58554234 26.18252892
 21.58142533 20.39416583 10.13553049 16.14541654 46.04533146 14.48034558
 17.98945733 15.02463016 13.68472252 25.02675045 11.14809875 10.9389715
  8.16378186 32.3926974   7.23902032 37.26746881 44.52502469 21.00594486
 14.9718509  16.01390305 17.10353802 11.14044809 19.6128439  31.15638172
 32.33911643 16.82753041 17.30960594  8.68699578 19.62383342 27.98757153
 12.0941442  19.74613094 18.35932055 18.93902016 25.61391749 12.50989063
  8.4661213  22.78613825 35.30379847 27.20218782 15.23811    23.17047359
 17.00171881 20.35011591 14.88244123 15.85581228 26.11842746 17.13164288
 26.07349728 12.8279146  35.31426556 21.94490785 19.17437913 22.58071753
 10.95013214 14.17224323 19.65118437 17.84091483 12.49033211 24.76840089
 11.88178211 28.27840034 31.05132402 19.75123401 26.50063767 32.5698749
 25.81349446 15.34651004 13.64351546 17.07681391 32.97264233 16.77467367
 15.20171546 23.70014338 23.54185315 36.26497163 13.589034   19.92786285
 12.04528922 35.03135879 20.81755633 15.49645579 14.01905325 22.95479859
 23.97187408 19.03746716 33.74178055 10.04396568 14.47143138 10.64452642
 10.16775624 17.92500275 19.66793982 21.86787893  9.28963613 11.9285245
  8.48981538 26.34798547 22.82792364  9.0295008  14.82409949 25.30834248
 15.1754091  22.5163471  11.14483148 26.31780104 25.15191709 24.61581679
 28.12796856 18.60794213 12.121993   18.49639467 13.21385962 15.94332649
 28.21262879 15.25618627 11.42217856 15.09452676 13.73260286 16.69153691
 19.71825125 17.12625785 24.67299294 20.35357897 17.11911648 13.03707557
 16.7463491  24.42770839]