[21.79814462 20.61342645 18.29419133 19.78104613 27.07929317 27.80444329
 28.20871407 17.51671939 33.80881332 35.7568587  14.76317763 40.416071
 44.14952187 13.98533586 17.50761034 31.67017044 29.27379491 15.98388577
 51.84847675 41.50677562 31.88159911 28.97124758 18.67158491 48.86404382
 17.51339821 42.34993518 25.21909591 57.20044441 24.22544228 26.15150424
  7.40912941 12.79771782 22.39307358 22.89184079 27.58197036 13.53859825
 25.42109272 22.91822531 41.0009361  20.36398997 18.61429381 36.15744466
 29.61367073 29.51925603 38.76502186 48.18952235 24.71621046 23.34139613
 30.02948187 20.93734204 18.82303085 36.35053348 34.40472625 26.77007993
 21.77120959 19.86348612 49.47320632 10.17372851 33.69816737 15.8514629
 15.84187766 24.11965009 39.87752884 19.27976387 16.79383804 16.99850949
 10.30636836 28.49589356 35.9095272  29.46918796 14.0170463  12.64062308
 47.17957116 29.29563155 13.22411173 23.63635398 17.15169615 21.83080766
 14.83526414 25.05524412 29.16871852 42.80397235 25.77213505 33.3845249
 18.81585369 51.4662208  32.52173828 29.46008049 20.77904362 48.57839628
 26.24704791 46.61844126 26.1340816  37.83225271 24.55802221 29.59978034
 29.97526269 11.81982516 30.03685524 28.33101147 18.74769685 14.62793913
 18.78432025 51.57876065 31.9373787  27.33130877 14.33283248 24.54082235
 43.10837284 26.35783304 39.18428246 23.84802452 37.93491773 32.5586372
 25.01777727 14.97563173 10.73192889 33.1645524  12.55086175 44.2978326
 32.17589962]