0
[29.15211104 22.40599215 35.13112796 33.20309176 23.27621996 18.59680833
 18.64217571 29.52887362 24.70858313 20.72723546 27.12363816 16.4576059
 32.18503947 35.70633448 21.41695299 25.95821923 28.34936248 28.70797727
 35.47224974 31.30330519 14.71331887 10.91026893 11.24990883 24.98272325
 36.53068998 15.84584915 31.65194189 24.79915942 12.06168213 17.43485713
 24.31706018 37.19698797 24.9807567  27.1057647  26.37568247 15.20576055
 27.65917551 22.79214933 16.3673981  16.90966799 20.45089181 20.71475867
 26.67926686 14.93349443 23.88799904 29.64336865 39.65073005 40.02171006
 29.41846549 25.75646618 28.61390019 22.45448316 21.10312896 15.79875613
 20.88767418 32.63209546 17.37477231  7.68698314 27.79574063 27.14109621
 16.82454618 21.60539302 16.81829866 20.16425831 26.751602   34.02464157
 27.42647196 17.2186781  27.00441549 30.00190548 38.33859191 54.17405731
 32.47408004 18.74386101 30.38877386 32.47901444 32.74185923 30.09724627
 16.76243239 29.13384125 20.7853489  23.17166193 14.12544852 33.99622097
 39.44437574 14.55167663 17.15570251 21.13868279 28.2086213  28.05140088
 24.83646117 17.04315735 17.075669   27.23335278 16.38781391 22.42320098
 15.00832248 16.9075333  16.95682066 13.26131042 10.91169559 43.87040602
 35.91017208 32.10548299 12.23448698 12.44518307 16.43079116 32.02717575
 22.26448486 25.63320527 32.6682311  12.36141625 28.87763549 22.9973335
 24.1829726  23.13099839 31.08698654 22.29611215 36.79026655 17.68742397
 24.41836202]
1
[31.96388343 33.3025947  20.13162081 32.26766442 31.84370053 22.94588719
 25.67935634 47.61938434 19.22233825 33.17922764 23.92333771 41.83403793
 39.492487   34.06850065 34.53979022 31.74073391 44.25377449 26.75270367
 14.34397275 24.69138668 26.50545645 23.46285429 35.06221614 36.84591659
 41.94436002 19.02877217 10.7049961  38.22938078 29.98797108 40.43972172
 46.37873027 19.57710758 21.95647245 25.79907471 22.33161353 37.71614593
 20.43656069 19.91311127 29.02643529 19.1285897  26.67206937 29.37455535
 29.60236685 26.6542037  31.46136618 27.03935709 18.56036878 20.01069595
 19.10118364 24.00702015 30.40755072 48.18990221 23.94132263 19.78522228
 22.26436998 21.88566743 34.4181184  13.97971435 27.1295928  36.69754998
 22.30135828 40.03343783 26.44360357 40.66711642 34.09722735 21.14908673
 35.02014686 26.20231605 42.913854   31.68641037 18.29061902 46.85680036
 18.79575903 34.529238   22.90484078 27.81083176 45.16111321 27.07246193
 36.6259538  34.63312793 50.50838863 27.08313563 21.70843038 44.20061001
 10.92753421 17.02666796 15.68104993 38.75897584 21.19183914 22.71596202
 37.760895   28.46779703 31.53360814 22.77448349 23.73813735 27.00198468
 15.33679106 26.80783156 36.88220969 25.26505553 46.13476546 39.76803113
 22.33428973 46.07703968 24.999005   17.48739722 39.28144975 34.66893261
 21.68370285 33.50817899 30.4143454  39.11477559 26.713347   18.70744896
 29.6195159  22.9558719  35.20828214 27.1970465  21.95490576 24.76743374
 14.23820446]
2
[25.4725618  36.4181085  19.18477233 35.06393726 20.17531593 29.70964915
 24.28090551 24.28298478 20.65639913 14.446977   37.44949731 37.6726558
 17.57665454 15.03224738 48.94756168 15.67003953 29.96936023 25.60231012
 30.3912261  17.30274493 41.84724165 44.2682388  27.79632327 31.41254435
 43.31777901 35.51853048 33.23024359 29.02975037 31.09492149 16.56118517
 19.57253214 42.21904181 32.36846569 29.30019396 16.46656912 35.28339604
 21.60592544 41.64748373 37.78229409 37.31470661 33.47775015 25.96059195
 19.84642662 13.69010144 21.28860587 40.1862443  34.12213266 19.11068522
 32.60712709 33.32133804 27.21625428 17.29443773 12.13926148 23.36220944
 32.37843747 13.27270186 51.81742999 21.01250239 31.40724541 19.73439096
 16.51924032 16.64595507 20.81706657 33.54657008 26.23494026 38.06903654
 24.94631035 38.54224714 20.85370171 24.88630166 27.06131315 23.89553732
 29.73484026 23.46314175 23.81459828 18.22638797 35.64342443 32.30417109
 24.54464775 36.68609018 29.60713722 19.42839907 21.30682606 22.25881612
 19.61917174 16.44817291 31.21909522 22.33476515 15.2085288  44.91689508
 17.37688194 26.96880722 32.97036346 35.6433207  49.99143984 22.37056862
 25.23446168 36.69997847 30.75718737 42.08971051 11.467903   16.65739996
 23.232479   46.44218154 32.47511604 22.428187   28.35651041 31.85178484
 31.31723998 35.53440934 47.62655644 35.55138856 49.11979698 24.60633653
 38.13020863 24.65249504 44.47454991 22.09256624 14.77461164 22.26953176
 26.44792907]
3
[21.79814462 20.61342645 18.29419133 19.78104613 27.07929317 27.80444329
 28.20871407 17.51671939 33.80881332 35.7568587  14.76317763 40.416071
 44.14952187 13.98533586 17.50761034 31.67017044 29.27379491 15.98388577
 51.84847675 41.50677562 31.88159911 28.97124758 18.67158491 48.86404382
 17.51339821 42.34993518 25.21909591 57.20044441 24.22544228 26.15150424
  7.40912941 12.79771782 22.39307358 22.89184079 27.58197036 13.53859825
 25.42109272 22.91822531 41.0009361  20.36398997 18.61429381 36.15744466
 29.61367073 29.51925603 38.76502186 48.18952235 24.71621046 23.34139613
 30.02948187 20.93734204 18.82303085 36.35053348 34.40472625 26.77007993
 21.77120959 19.86348612 49.47320632 10.17372851 33.69816737 15.8514629
 15.84187766 24.11965009 39.87752884 19.27976387 16.79383804 16.99850949
 10.30636836 28.49589356 35.9095272  29.46918796 14.0170463  12.64062308
 47.17957116 29.29563155 13.22411173 23.63635398 17.15169615 21.83080766
 14.83526414 25.05524412 29.16871852 42.80397235 25.77213505 33.3845249
 18.81585369 51.4662208  32.52173828 29.46008049 20.77904362 48.57839628
 26.24704791 46.61844126 26.1340816  37.83225271 24.55802221 29.59978034
 29.97526269 11.81982516 30.03685524 28.33101147 18.74769685 14.62793913
 18.78432025 51.57876065 31.9373787  27.33130877 14.33283248 24.54082235
 43.10837284 26.35783304 39.18428246 23.84802452 37.93491773 32.5586372
 25.01777727 14.97563173 10.73192889 33.1645524  12.55086175 44.2978326
 32.17589962]
4
[27.18082226 22.45505714 24.65147924 22.11365039 26.3360345  26.30879384
 33.77278436 21.38145417 26.38871012 21.83683037 31.71377782 29.18898321
 27.89618753 25.34345979 14.78932561 36.59905284 21.44178701 42.80438556
 27.67848332  9.94148779 19.82778967 28.61875285 22.74382277 16.75889573
 45.29173009 21.07372362 13.61634732 22.81584793 35.41293464 14.01791838
 23.75330002 36.73041369 30.37701694 32.33411345 17.05226534 35.54073593
 19.64047147 21.06577857 19.73718818 33.0414726  34.07987752 33.00484012
 34.86054964 40.05405928 29.32323539 17.18810508 40.81609012 38.3104294
 28.81991175 20.43367116 28.77600929 26.82869487 36.23457662 15.04430945
 26.96993397 22.0729118  27.70094565 32.96427896 27.93633917 18.25595003
 27.80633128 29.99018021 36.93438241 26.2779348  28.81492285 35.41960792
 23.67870284 35.11915625 21.23092981 41.04767369 26.75239344 13.01000144
 28.36353047 30.91680779 13.53160671 36.67232527 24.03751199 18.6249082
 46.02042267 33.30622634 24.14616514 35.44721067 27.96817016 26.99227486
 38.71838631 25.35555264 26.94638911 19.48065916 36.50692026 34.84887186
 52.7506859  37.30538249 29.40204043 27.91089849 21.31535876 30.05023129
 22.74333466 26.59034231 32.30816241 26.2446144  25.87640993 34.96712101
 34.34709917 29.62082122 33.75989391 19.1077476  29.5692784  29.19983467
 31.67426049 24.39631964 29.25013688 45.21899182 23.6549397  19.33702897
 46.56001542 22.22591842 13.04147327 26.79555735 35.37248834 37.56053185
 33.40641944]
5
[24.58789744 17.16319255 35.70666295 14.9992638  23.36779827 30.69787898
 21.70375625 16.33749005 33.68638791 24.20215096 17.55594002 37.82119963
 28.36130089 35.59079785 50.87423739 37.09181808 36.14306    42.55472852
 36.266892   21.81663238 44.30189262 19.0448673  18.01596286 36.13002445
 36.73380308 32.04299547 22.79450307 22.52818955 42.25310924 24.89612415
 27.85677898 42.66533547 37.49064127 36.08272149 48.25726467 23.89811492
 26.15905226 28.32356267 47.09353471 16.38336016 36.18189095 41.38451823
 13.73440458 19.7512134  35.54421126 38.45494097 49.82173194 46.80594317
 46.06096637 24.72747777 21.35916657 26.71922053 40.4368512  20.42936098
 23.06013096 44.67332729 55.49994555 16.31721688 35.00295975 21.83775322
 26.08539244 45.58464818 38.40109736 26.85906718 38.04353335 27.80101479
 34.55131265 25.40386283 51.03740419 43.76303626 33.89994995 40.2348989
 31.94485519 30.69384369 39.3372646  21.33626176 30.74391518 39.97506068
 36.39281957 44.211056   18.27871429 39.92462804 34.1769557  42.48930671
 44.43508743 31.40684289 22.08983227 29.01831644 38.3278459  35.09591129
 23.69533391 37.29403748 39.63215191 22.56686916 30.96894843 27.16639003
 33.80549606 29.54412709 47.45073638 19.04380595 37.93682766 24.65630497
 20.82588222 26.04046162 11.73215236 38.02896839 34.20743904 27.98162687
 35.84353519 28.90070376 14.16014096 18.3188604  39.74865063 50.83513924
 40.64218597 44.39933309 37.22874213 43.37522823 29.24682335 15.15870702
 38.88172706]
6
[39.47961228 20.85691217 29.99133302 35.59754227 17.99140083 17.3118929
 34.83817736 44.59552539 35.61921551 43.53980149 39.42304363 26.8349267
 31.3634173  14.81466188 16.3930123  35.84706374 37.85979727 25.80845775
 31.9336787  25.24792419 24.49047026 31.42220009 30.82140923 26.74720145
 28.73237391 35.68128481 32.97318263 20.60638598 31.7049702  41.79947816
 28.35375832 39.69249347 19.45367425 36.49745123 30.00556034 20.46948599
 28.34363727 42.01329592 21.50373505 45.65798853 25.01900412 16.91113531
 26.0517909  18.65385989 20.19335822 20.71878016 33.80904709 12.43581867
 17.63961391 39.46940169 22.4532667  24.90370761 30.2449263  14.69917351
 18.02725778 16.89706189 35.11128792 32.97261837 49.12580979 27.79396413
 23.2960758  19.91515372 51.24865473 27.70304109 26.00484292 27.92149202
 36.21941189 24.29078961 29.68305258 41.10481699 29.37350223 24.58517341
 31.26608383 47.7565903  18.99104183 22.04360109 24.15660068 19.37532132
 36.7657972  27.93682132 28.70268598 11.51525232 41.37996515 36.29014041
 41.32093734 29.11677043 42.33217758 21.60686363 37.44516033 27.19956102
 33.34967718 36.64294942 36.3697527  18.02834119 24.02985997 15.1316067
 29.86379003 34.42660555 20.0420287  37.84509183 29.11337059 26.37145541
 16.50275416 33.18119239 19.76922915 30.60166914 19.78545537 37.01352827
 23.81265459 31.1064131  39.50081338 16.78959713 36.96804218 40.39785824
 28.49747062 18.8033734   9.02525377 22.45666749 23.23778125 18.32064966
 32.29826768]
7
[30.20716661 39.94581492 36.73053025 36.29787183 44.61446814 24.26397953
 35.62212112 50.48437626 41.46646305 20.453977   23.13485064 33.33582565
 36.79676433 25.63740746 26.14421878 32.7433186  26.91801869 50.26563026
 22.23518518 34.67326914 35.00867529 36.62093177 17.51623119 38.76869659
 18.72181665 21.97763738 17.97504558 24.72773083 34.94605905 16.66774575
 30.71785905 30.69945701 38.2084426  40.63021658 23.00252764 29.50259258
 29.36354765 18.47495682 29.35442664 45.72343634 37.87521172 28.14297381
 37.46169099 36.04822561 33.50136037 46.37903805 30.93860421 24.28916358
 39.93598539 46.53408395 12.65745526 31.03639697 30.43316603 15.51512716
 35.3351357  37.74570993 52.65079457 29.96615611 24.85695116 33.92880054
 19.8028179  38.83566466 45.45291674 19.76950291 35.00698991 40.17629417
 21.37999289 18.19794615 20.26746091 37.36022047 35.23506747 27.81621091
 40.2929969  44.20163421 45.65435146 49.6477626  30.35994439 27.73947838
 45.06896658 32.99540204 34.28396154 26.33585623 38.33350869 29.1538136
 15.92868676 20.94566113 23.0085867  42.18710172 27.08550346 39.09875958
 33.16175979 28.0128617  24.22668625 27.18996759  8.45493197 45.0072401
 27.38131508 47.30468798 31.94225079 28.90342678 36.45438471 43.98566013
 13.09999034 41.16364147 30.4791111  35.4260975  18.7457386  20.24866811
 43.09539759 31.08870755 27.95725103 29.70993397 42.20220704 43.09203768
 40.09110139 36.8333156  39.22759541 54.16667079 26.8622108  34.59189887
 23.36835135]
8
[20.85609323 26.17717399 28.53598524 42.69505106 37.06419541 32.92510965
 48.50993235 20.72012233 38.24981994 23.52793698 35.2097262  27.93146916
 26.02138226 24.3381131  31.60837906 26.43695569 22.24645782 35.01022959
 21.46890445 25.08954535 43.14297761 16.95069167 30.13752037 42.98773662
 25.10408367 42.00686669 17.60278359 27.39535914 16.56429873 26.93438662
 28.99076341 22.24162496 30.47473598 14.66252236 22.61501319 31.86564236
 25.37626996 18.31022058 32.93054481 39.68145795 16.54065565 37.80716243
 22.99533788 17.56820341 34.18064838 41.33501647 40.04951354 30.45083651
 16.10319784 28.1464988  34.49258909 30.07793283 24.16141237 29.30455055
 20.13130895 20.00703947 35.2240953   6.23683029 31.19982375 13.80000932
 16.05355332 30.34623077 32.29251324 14.10931007 19.4647253  35.41824835
  9.95042405 46.36401555 29.51038966 29.42392907 27.35913064 33.45087113
 27.70718999 27.19258845 13.7761603  21.86250879 32.92884858 17.10574445
  7.26614822 19.05001027 46.32411554 14.29504014 32.98039164  7.64560422
 13.78931075 24.63823205 18.26180763 25.98231903 19.32681173 26.02284111
 25.2759435  28.94118206 33.62039791 26.2293433  25.72744901 25.65394889
 18.78468468 22.52958817 21.49269532 29.35045137 19.72727221 25.75325398
 24.25621083 14.42014199 16.87238852 41.93861688 20.6542233  19.43401336
 41.06314325 32.04941395 26.58508635 32.72458815 20.58207737 42.53325355
 21.13569689 28.15819432 53.8234414  21.24026834  8.3098174  32.74233985
 30.19030965]
9
[23.85962531 13.66604933 22.27885438 19.76744265 16.03958733 22.17108277
 22.81622757 18.50606814 22.57325956 16.78610214 31.34242858 40.74935956
 38.08082542 17.9432935  37.39777469 22.8988391  34.4350731  31.79557037
 25.44469554 36.69926866 27.7647727  37.89778999 22.93168133 25.53652718
 20.40623628 27.22802789 38.88925794 28.11498698 17.75930731 33.64510927
 33.6192443  36.77968072 24.34183997 27.49486472 25.4707125  29.61634923
 32.03852751 26.09975967 30.04089783 26.54102672 13.71502133 34.35481213
 18.45868767 19.9369034  10.29426953 36.71268211 32.77170294 22.85857965
 29.838986   43.61728264 25.9923655  37.78498022 18.05582277 20.34150042
 32.36386593 37.08864558 25.16418675 30.46337615 54.66733926 32.82143816
 15.52594974 18.50586017 26.89294976 13.40800815 33.29260899 37.37164504
 27.15916282  9.13833621 38.73371618 17.42708872 18.36111175 32.65227629
 30.51671778 40.63161662 21.31478088 27.21696642 25.52368564 20.11858235
 18.50011272 21.75984496 24.40056306 26.74976413 18.25022166 33.17593041
 22.26668761 30.35157448 28.43418143 34.57516109 15.4995004  31.23616969
 29.27412361 27.47908185 36.88116441 33.1171146  33.59493197 16.71367859
 32.01496444 30.26767088 18.72557717 17.06729881 26.78475847 23.08740568
 37.13123754 32.11431426 23.5047455  34.8481527  17.29371952 29.18449579
 16.01402205 25.28085194 17.04859872 18.93426508 13.35722051 23.31993937
 31.38003283 27.61977992 12.3529115  26.66964996 28.25870227 38.48942551
 40.1784248 ]
10
[25.52746    28.43011385 26.58345512 18.16588928 24.78435956 39.96364353
 20.58463841 24.43183641 37.64921875 12.06348413 34.20705491 38.54614184
 16.08252373 19.26861255 37.71642944 33.46424134 32.58783298 12.915383
 34.23629887 33.57082608 36.13337481 32.02523665 23.57310583 25.32379244
 17.56370225 31.10111541 14.00133351 22.93433446 18.83873654 18.59868154
 27.35650994 24.74401204 17.10747878 21.66165585 30.50534186 17.61740087
 20.3583736  29.81243409 17.42181524 13.81712794 21.98979196 34.34233893
 32.46770825 20.14170851 29.31692725 32.95161785 29.02830127 17.38327824
 16.62596607 29.04222603 25.04819332 42.77210251 27.7674435  25.30308148
 13.51383307 26.2159782  19.21026037 26.13782    24.87578282 10.75520521
 21.35256029 25.83854341 21.70898475 24.92040451 35.63606844 25.93626812
 22.63887214 30.34861223 21.93359329 41.58477752 20.36365429 16.72792098
 15.35681072 27.16193521 33.42774656 37.22053608 17.24707028 13.16639065
 13.48807734 19.94636671 23.55541929 15.44642902 19.63889875 22.63156906
 41.89860732 15.47096948 30.7287716  12.11830819 14.62392091 13.94152966
 42.01029683 26.22103442 17.57111896 20.53867864 13.3545642  24.61872017
 40.54994372 18.87120649 12.75176614 29.91182553 31.75293122 26.25025939
 23.59023759 34.85993403 19.88963225 33.13893117 25.08172844 24.51959534
 20.6160968  17.08746237 16.36440066 20.38632435 18.08935356 16.69635059
 21.01495571 36.60555919 38.2679498  23.03004629 21.19801113 26.33116567
 30.06219427]
11
[31.0416365  18.37324372 30.74396793 11.53764575 21.91526325 39.79143365
 15.15654579 29.93573733 35.11803916 25.67409738 34.54642832 39.87226103
 13.3724474  15.91880305 14.54712521 24.18204859 33.78878664 25.58787444
 20.45679966 34.91246271 39.9001483  21.71209978 18.02113137 20.66530469
 13.42888221 19.08692564 46.4363186  27.38604445 25.67944743 29.45113805
 20.54711204 30.81233431 36.35840735 55.0173749  21.0798223  33.51695371
 22.50323572 40.21736741 24.34387329 14.69131999 26.03778042 20.97260295
 31.7664042  17.09834574 19.70809539 33.6966145  20.92489991 40.67996139
 17.82658529 19.07864731 12.54917288 20.53716355 40.48061307 18.13913046
 16.70593778 23.62912912 29.35279455 11.99009867 21.5285784  13.59738434
 39.26318203 37.01169778 31.88724819 23.97733502 23.44018741 23.40592898
 27.75149266 20.28238021 16.86784257 30.47880319 30.15901851 20.64169806
 36.2156275  13.72464867 14.63416024 16.01543182 36.55173729 16.01243277
 20.81418157 14.57545507 26.12922131 18.89252914 32.58259133 17.22851429
 13.75627702 45.68516836 18.53922062 19.14762311 30.82754927 22.89240928
 10.6213825  22.36145726 19.85665114 16.17983748 21.78644026 22.78577819
 42.5407046  31.74363709 23.17824452 31.53357544 12.85854129 34.9470413
 15.89666185 36.8182144  11.95954196 12.26349797 17.67877915 23.55392423
 17.43567816 41.78071425 19.72318923 23.15362765 17.90754617 29.16785568
 13.95437076 28.03081602 32.59402389 23.81214394 17.35641112 47.706165
 25.24011361]
12
[42.07180135 32.1467389  35.48618309 29.86535105 22.02040777 33.61415289
 36.3855162  17.80469062 23.87894871 18.99951829 33.29858108 27.19990764
 17.35238579 39.88478664 35.17731428 23.37013557 31.43468152 26.80937304
 30.64468202 34.73215524 19.46444224 39.03876044 26.00858684 30.43944912
 24.55600832 27.28864918 16.09680313 28.72948532 34.84936064 23.82750734
 33.93939162 17.16292002 20.25860206 31.06247555 28.40860929 38.17952964
 25.8985447  47.74103064 35.94406381 19.31479677 26.0224452  28.53817519
 38.07591828 23.21857074 27.76104183 29.59373349 44.72253238 35.34463081
 41.57055102 37.3022917  13.68254407 34.0277856  28.80137764 41.23387817
 19.08298463 24.84562553 32.58057456 26.40613995 27.25776927 22.44747611
 20.79872103 27.48202643 28.96690194 26.21272539 30.64791664 33.78563637
 26.35957067 22.90057271 25.00863251 25.17961055 26.11970373 22.61877043
 38.84901847 31.49111139 33.47726344 26.4057038  30.41780604 23.17809949
 35.07399885 21.05433926 29.38416142 29.04203935 14.30224208 19.50926477
 17.64391323 20.95691958 32.34101536 39.49309792 30.83884672 42.47628381
 40.04388609 26.81899901 37.66341203 26.47729858 19.61205454 38.60623656
 22.40319028 38.64617007 41.30713448 37.67453216 37.24389346 36.47507161
 40.28324628 30.16239113 14.40642463 15.99041454 21.66950602 30.73045408
 28.48709371 26.96013116 40.24627276 34.16756734 28.20425797 22.82459099
 25.68543378 16.92135055 25.20082532 37.48315124 20.53275774 44.17497498
 32.50622917]
13
[24.59610646 18.41762112 13.6002314  25.23977787 27.58428787 37.47227558
 20.88215791 40.59910419 38.91167862 27.37686461 14.98348992 21.528672
 22.50053534 27.66144688 30.97613863 21.68519814 23.64423366 24.75667351
 27.0926615  13.10324096 27.52774543 22.05092465 25.2381312  25.26131181
 41.96426071 27.03044573 21.28223682 29.32054399 30.41349998 33.81071554
 34.10453534 35.51939143 14.05042142 42.32237884 29.23560506 31.62424081
 25.11477492 28.67201489 19.39719633 28.44013526 22.23875852 21.19528686
 32.30949075 30.30723895 33.49764312 32.62106453 12.0760013  34.95316769
 40.83262852 32.26032682 25.9042725  35.4586637  26.35172063 13.33823473
 29.27980493 24.48708493 23.22438537 26.950379   29.59623776 11.05105605
 26.44058426 28.61667501 16.72293006 27.15557106 30.06512025 29.43267817
 19.45058885 37.51006384 20.04421203 24.17761002 18.79203512 32.81159373
 15.31982001 22.17447592 23.82832756 32.81660999 20.42144623 15.1804737
 19.53949563 24.49022563 31.3825842  43.90863929 37.03534084 44.1825363
 23.56525548 24.07330514 33.63043456 28.76315971 19.62718622 28.67132496
 28.86269483 20.54491705 19.3480563  19.52683295 39.63209165 33.83806994
 31.19361757 23.97362251 35.61753667 21.33289937 26.82805539 19.37142674
 15.70335629 31.89609197 34.06658803 38.40718006 24.45100679 11.38097246
 42.52466489 30.76799509 35.86543564 23.63514356 28.61537843 16.83190527
 33.27000985 33.34821541 43.86268424 25.4818545  24.62674675 22.56223369
 19.33938228]
14
[32.54448509 25.46333064 50.41879882 19.29004106 14.91379737 18.82153883
 40.54158306 18.07529771 28.92832335 25.40335284 55.90465968 44.51753241
 37.41565184 30.97100877 37.21882211 19.27904879 38.22295167 23.032251
 30.35239815 40.7010236  28.38020341 14.56609369 19.07005542 46.31153676
 14.53843693 17.19912645 14.86232801 19.79729397 33.11509206 28.21855904
 30.9879474  48.28081519 37.91192748 44.43738349 32.00541523 35.43343381
 41.43348747 21.21709274 26.87910512 27.66868168 16.03921255 36.37705157
 19.28844672 23.88934696 23.44817973 32.01552093 22.72678982 18.31274382
 34.13630409 36.83368517 46.26793254 19.52424656 18.57525224 26.11355047
 27.37200337 33.37891583 26.92786151 39.51564505 44.15648267 17.57112365
 19.45922696 18.58671961 20.75855413 35.48050333 36.76457623 22.81913335
 21.70207907 28.23391321 21.8939556  44.86865655 46.52374285 33.46055825
 24.56667311 17.69779971 34.35530411 30.28142778 29.43861128 29.85849484
 40.35293933 32.20885304 11.16785422 40.77200964 26.11946757 37.00078569
 22.40079239 21.28245566 38.17556578 51.4352564  18.49761861 43.11326252
 24.01226496 21.16733657 16.47124589 41.04485349 24.17238457 20.93040661
 37.63862835 44.12226257 33.82902254 16.27516938 19.81079725 33.13300141
 23.93342209 25.37428026 26.67446644 37.5002931  22.65774587 29.36390678
 28.97759037 22.01116311 25.31973997 31.50395846 19.03714237 38.33448869
 26.82386453 22.16804377 33.08800902 40.88697307 24.4472669  47.96890013
 31.90671808]
15
[27.78185545 26.44114524 17.04401634 21.97185841 50.07699064 16.56591027
 14.12580552 24.22180058 44.7741999  13.01519473 22.39918323 31.46984031
 20.18532089 25.87683044 22.84581316 30.61153008 18.27912421 22.70096697
 25.65888748 10.16797766 15.58843293 23.54341391 19.45817886 27.46652693
 21.31106393 20.92507036 22.32326142 20.27391934 19.85203441 31.13201374
 28.80105551 21.01408297 14.99965676 17.13358415 24.70591297 20.00389649
 19.87313978 26.95819398 23.27478438 22.04375108 19.85913552 43.038004
 15.44654468 11.2532541  35.77505799 20.53274724 20.41357912 14.04708619
 11.62021469 26.67166216 18.96485826 18.8356786  18.56974093 15.41989078
 21.14356769 16.42687131 24.7538836  15.98321543 19.98479252  8.69597436
 20.19338258 28.09440562 26.5149468  16.96963818 14.19254274 15.99497149
 15.58995964 34.57842342 14.75828844 14.92227632  8.02646372 33.17560336
 15.90088047 24.98792481 19.97009732 19.61509802 26.04421373 23.75311164
 28.66183599 14.57265776 20.20814645 10.22381965 22.43798461 23.35805519
 24.99389329 20.65864324 11.93525645 14.24437902 17.99433753 37.05464832
 25.18794936  8.16644486 40.43150443 20.77681427 19.80693458 22.40028283
 42.87887093 17.74733724 25.49119421 44.06002768 29.70197571 14.77489095
 25.2239628  20.54236305 19.05913786 11.96291794 24.14211824 18.44095923
 28.38283667 38.59281168 38.46598446 32.15932963 25.09944366 11.95179876
 19.73275826  9.52274443 30.51839916 16.98213756 12.39815709 15.30168967
 17.88137344]
16
[54.69850886 43.40679873 25.98279325 16.56341015 13.92243702 25.25271549
 13.62797643 22.92934151 25.81190027 14.48013591 22.47789178 23.02469567
 23.49070145 21.27665327 26.35402107 17.2322443  12.96456974 24.5749935
 21.16047407 28.82037407 33.99268758 38.02210138 14.14203265 20.96630419
 27.63002019 29.55667972 28.95055147 20.17103808 27.63224696 13.44023404
 50.43378495 52.26878749 48.86932801 34.21107469 44.04621294 45.37685068
 39.16133931 39.5427392  39.06933469 21.88668445 23.17733087 50.61275081
 14.53556869 16.29593812 24.77768478 33.32744559 22.60571354 27.19845442
 23.19956363 39.6618056  31.44259604 45.8861722  20.09769615 15.21104588
 25.31036368 27.06689188 35.42487747 25.49064224 23.11105057 15.95530249
 22.13609014 23.52033644 54.30716609 40.89744923 21.35512653 15.66014504
 25.28738271 24.16877237 23.44517074 44.29197249 12.19887426 19.18637406
 30.78037926 21.19587656 19.41153486 44.34091052 18.68140641 28.23453305
 32.21544487 26.18729258 19.78289547 33.3084896  24.97627672 28.18679262
 15.02311344 27.91598074 15.58487866 28.98093074 45.59292974 33.85863047
 13.8071234  19.56184643 25.76701364 24.71397865 18.74254443 26.69628223
 44.33963652 23.10656232 15.57146575 25.11655611 19.83176107 35.36172634
 27.35702385 16.39891268 15.50865362 32.30234487 18.80920187 16.20632937
 38.33602626 25.79293399 26.5490336  29.2220035  12.99473732 17.99031846
  9.21149824 27.36421601 17.61047786 37.10633937 23.13288028 19.25857528
 25.51276239]
17
[46.17571491 29.16549039 39.32745503 35.65877152 21.89749795 33.3396732
 19.61028086 48.25116632 18.06348048 15.21093667 34.86555732 34.35942123
 15.6946152  19.8578792  26.80920964 39.22486178 19.38120967 46.67489022
 36.01489188 57.23659918 23.45066785 23.98538268 13.53956328 41.83271407
 22.26063122 17.10830885 32.02857446 31.28515997 41.0975202  18.96501983
 43.16544839 53.2986536  13.30969337 39.48951187 51.80772273 52.06482914
 27.08125512 43.36503105 32.39872893 27.75748839 28.94230754 52.9954027
 35.23791734 41.03453575 27.91256568 33.34654518 44.8630706  13.03360239
 41.91930419 10.9240506  18.94424244 33.08651108 19.24347625 10.68814024
 36.48426078 35.06617934 56.97361326 13.13928595 31.4927594  13.49114267
 17.49636849 19.95388304 33.25402668 47.08652081 22.00432986 20.1067853
 18.32847633 26.29281133 48.13435352 56.57106068 11.97870629 26.15846371
 41.65880887 25.82398017 41.43326751 28.25905797 28.25349869 14.21573471
 33.64323935 42.96463212 36.53749349 36.05428076 45.5727578  27.34779439
 35.72940255 35.91196632 28.23325437 33.18310174 38.54053006 33.90115901
 49.06758686 23.85697548 29.91638631 33.99334083 36.65263603 28.72537708
 38.23268172 33.0299373  19.67815805 45.42593513 27.95311218 25.34787746
 37.56291722 24.98007432 31.4666833  24.89199438 16.12642204 23.85198901
 38.22949509 35.86455494 29.20628027 45.99931238 27.13857823 15.2266385
 21.96075918  7.41410321 24.86620461 36.92253403 33.00454821 26.81861567
 15.22254386]
18
[49.0887935  18.94668735 37.75895755 45.33178546 23.03669605 23.37252929
 22.555406   38.7066763  33.9828077  18.41251021 30.49551584 39.12633756
 18.84241298 44.16004923 10.91823041 34.98176937 35.77196119 22.99557311
 33.56525287 31.09745979 22.58481455 35.60249686 16.56684381 31.36929939
 13.05391376 45.79410871 38.41938138 17.23193036 20.27012488 21.6233387
 28.74993599 14.16513676 34.38910088 26.69463195 35.22949102 22.38609871
 40.21693544 38.72514455 47.06561328 41.64826613 20.19361278 44.75027225
 35.01411066 31.63377913 38.12525765 21.6651366  41.23026893 28.91790463
 18.482869   30.73825436 14.45158745 36.19884841 36.28223922 31.99394818
 23.32496083 42.04626735 47.16471141 24.51768568 49.8445329  27.68879669
 28.06654722 51.1031507  46.40525081 32.87075058 30.04642501 28.13276659
 27.90799921 40.93079358 27.98757704 33.32387913 33.36269553 33.97579987
 47.14795138 47.48006045 31.47353061 45.6736716  38.13354275 31.76697198
 22.39919421 25.3289035  17.383111   46.2998664  37.61787042 36.48635638
 28.00669484 37.89750148 30.15345203 30.02182284 35.18623031 27.25599837
 30.17349843 13.24777219 36.47590756 30.02707121 44.04490533 20.06106996
 27.39549669 39.43095794 26.46712606 28.06345608 27.12557281 30.70074427
 28.02575786 25.39192883 30.57950791 27.41583095 29.80874827 24.9263485
 35.08117161 38.92102669 27.50715983 20.89222863 29.93491762 39.18900694
 17.55721342 21.8152778  31.75744653 47.65801739 25.99159533 38.00961696
 39.02494649]
19
[32.26546844 24.33981999 41.95968756 13.23996152 32.6454268  30.00083331
 25.79579171 35.6552009  32.2095501  22.12739628 34.97053955 31.49848504
 13.31795371 11.90992023 43.37907002 50.9333882  34.97925852 27.02731515
 28.52627246 46.79660138 25.6521033  28.3001881  33.44911858 36.44765835
 25.91173054 37.37181019 31.14401306 44.10499527 18.2784396  14.84121441
 26.83508945 34.60942854 39.84168995 33.14953194 20.91703541 37.54850966
 32.32950695 52.45299809 24.75294614 22.25403177 33.31473546 36.98233404
 48.24720218 45.33816441 44.1285183  27.3273612  41.41434626 19.76446337
 24.07851621 13.5567876  37.7411685  42.07830614 33.09496108 28.44552817
 39.03399818 45.32634849 24.62296966 21.46411415 31.12857097 14.09740924
 14.16640694 19.50512506 36.79965054 33.96630497 25.46728233 17.04406421
 31.50307067 30.6945891  27.56719072 20.42715981 20.05064299 21.49850986
 31.68315981 21.82485607 31.88633512 52.58875699 37.39837184 34.89245374
 29.83482292 54.43050846 13.06412333 36.95734871 20.43185233 15.17447224
 28.33775529 13.99128444 24.02395653 40.71377182 31.4889056  24.72989369
 45.10331486 26.40504915 37.7410096  23.98548025 31.01376412 37.80572718
 32.45639783 38.40918397 44.76531125 42.70850734 35.32802297 37.74128716
 20.25207747 27.87734592 32.88721398 50.7866969  44.51738453 31.49885801
 30.57992743 31.24434128 22.01810966 33.16776949 37.66363366 28.74213728
 16.96859245 25.1215047  37.96289128 19.42121851 27.84144045 36.37663105
 16.92213077]
20
[35.98023062 15.53781019 17.475126   23.90439058 16.13478097 11.82110858
 13.71354142 26.26959357 19.53057734 14.55927674 14.35520737 15.10616143
 23.99935951 20.2582954  16.85820977 25.28780105 17.87726003 11.89494684
 13.43461408 36.43024614 21.59210795 24.21110255 34.01414486 43.99579176
 16.34117731 20.99152396 13.08374764 15.6526995  23.08020321 15.66089591
 25.83063804 21.32312068 15.90520956 33.93696895 31.91221726 20.64308075
 35.37185517 20.76367157 13.65086535 11.06502242 15.769953   20.34865786
 16.42576606 16.73905814 19.32777936  7.6979461  43.93073453 16.72860089
 22.92681121 42.17675272 14.96960119 49.09334536 18.2588142  21.04653075
 29.31768304 17.75532206 42.9225898  14.51294087 31.7472354  13.2357291
 28.9479619  32.79891818 15.0990963  25.37755102 20.7412019  39.43435824
 20.6204399  15.78665622 30.12253938 39.41532488 33.13833203 32.56722043
 36.01441836 29.14459002 20.35067699 22.14403334 26.3069119  13.47004066
 21.44897265 30.08886169 11.54353423 18.09836804 26.52394879 15.48606111
 43.59321751  5.21425373 15.18063215 23.38040718 28.94234433 33.76577992
 29.6165943  14.20935472 13.2744427  21.81048225 35.53844195 39.75823105
 15.36368283 13.34118115 16.91082323 17.81300379  9.92016464 37.92283326
 31.06341576 13.18523806 10.38286479 23.99418322 22.35668742 34.0996022
 25.32331192 13.30223647 18.5545455  29.18783356 41.28235801 26.08427858
 32.66472755 20.50816458 23.0262723  47.3216699  10.39969618 33.11710923
 12.92933672]
21
[36.70946987 39.12483834 42.22858325 26.48546386 40.39807229 39.14923244
 38.21879621 29.9229911  40.15178751 27.5334258  23.3740834  32.69550393
 40.54646988 38.66725011 31.42147006 32.01487336 21.15957225 15.06033648
 18.21965758 28.69888387 36.34037047 19.67318417 23.00114659 34.69515548
 33.4013063  37.25303505 27.4169481  33.37829402 27.39376445 20.25701226
 28.19084719 32.62200742 24.08128574 36.28111744 34.73757684 43.1894446
 46.82722785 19.61854876 41.62300759 24.82912911 24.53303617 43.6955905
 23.07000969 25.58244098 21.8342606  50.5156939  24.70900057 27.4527604
 39.33005405 41.74932993 35.88560808 23.4885342  23.27725608 26.02345277
 25.18369214 23.71756537 41.09027279 11.12678038 35.84216629 33.66545904
 37.24199814 35.13116559 30.15593429 36.35254245 35.20898707 32.82134285
 34.4063483  30.98969605 26.63202731 33.36174274 25.26120969 39.29330717
 39.14602887 18.05763671 20.72594037 29.49276615 38.02219504 39.96854977
 31.95133969 34.17142852 41.47990424 31.95958643 40.0596049  23.16868743
 49.35610882 21.95788196 35.44146645 31.65440425 21.64762159 41.41673988
 26.39044083 23.44482137 22.16794552 43.06935104 25.63723872 22.9285231
 30.88872188 32.89262433 18.84258914 22.98849115 31.69453075 22.52872548
 14.79765834 16.92518902 35.45173762 27.2356131  30.08316175 31.74355249
 33.41495748 16.4125697  24.01339832 24.85767882 40.90462242 37.22634391
 29.53033623 22.08872648 18.99946982 32.69152088 19.54607706 37.68134654
 21.48847394]
22
[30.88355265 33.05811707 22.77130266 19.74219969 25.87926185 37.70902567
 35.54407788 24.23207746 27.86729817 12.77421622 41.76902819 19.23321599
 49.65598641 16.41274835 24.96666881 27.80711744 19.07289093 21.69659271
 28.63920738 18.85707397 26.26942525 14.55944994 14.69706243 24.49715137
 29.3583241  19.02057471 24.48222757 22.00547038 40.21794939 33.4533777
 18.30145005 27.52886631 26.44409269 19.42406104 18.54363435 19.07781652
 30.67704965 26.15901597 19.04482346 11.9776311  24.18101496 21.5212685
 27.22457959 19.62031988 28.00682963 23.38888594 17.92609492 22.87398855
 23.33835688 20.76338087 35.99780913 13.6190642  22.72547056 32.47033382
 31.49004236 37.83828526 24.69952086 19.36799822 55.79351767 17.69822023
 26.9508415  28.1640647  39.68869563 38.74872279 45.83588168 30.77551
 23.62688346 17.92268246 29.89270086 30.544181   34.54599148 38.73201167
 21.19498433 23.90745233 19.59295416 26.12400549 21.06230483 23.2335793
 18.47390358 27.77941107 26.86819835 51.33458658 29.39470816 23.71043914
 18.79229393 32.75732458 37.44072873 28.81377851 16.33274982 31.01757488
 16.50427736 46.55363053 37.54960569 22.56558569 19.66466182 21.70614911
 32.18169048 16.98247279 50.06127441 23.85592511 52.04428146 39.21175159
 36.86801347 48.23669543 25.27764586 33.29033415 13.22493991 18.60658631
 45.65099394 16.99497074 22.42107598 26.3281144  26.97567367 46.53887952
 22.05339357 21.81539859 19.58688868 26.15714455 17.27451999 45.72126363
 33.82559453]
23
[39.27045178 35.77784675 20.60485595 36.35455835 29.80257712 31.52988658
 46.12625839 44.2078836  23.67093926 41.39581536 27.50409466 16.59067208
 46.70109764 39.25735418 41.58079925 40.9939872  29.34467531 24.38764491
 30.33655462 26.39502729 26.76930733 39.01519019 22.08509359 40.59907134
 23.14194065 16.88307159 23.41834843 16.07440504 46.55535087 40.14260643
 31.58302968 39.69767073 40.72290923 16.17142076 28.77172952 30.59848522
 44.39176726 45.58208412 31.35904177 27.9432713  35.14839935 31.60195904
 28.57417157 44.9417651  26.33346837 44.31548323 31.36389449 24.48223623
 23.17059212 33.8315806  13.97550586 23.6875629  48.63117468 41.1893244
 40.45483566 29.449115   48.78956378 41.33724615 18.37655945 19.49581463
 20.8016691  43.13656768 24.41406237 35.09201417 41.59579175 47.63265074
 38.14677805 27.55704762 44.43971399 37.80929046 36.29285748 18.24410187
 48.12978814 17.86355124  5.35565713 23.90886793 18.17461296 34.86958973
 43.18878327 30.35941557 31.60413639 30.35399686 38.95333026 32.18136912
 18.06239615 41.57851082 26.55995347 40.00363032 32.37325543 41.33467278
 27.79443053 30.86116398 31.84033475 38.88815753 42.34058452 36.4176967
 32.73614881 35.10764742 33.31449928 27.96129157 29.07725081 35.4503761
 26.3799495  48.72259062 22.21220234 18.28916714 30.3082084  41.06325488
 27.66311125 34.2011724  36.94375203 13.54211841 35.39679549 32.17160605
 43.37079661 22.07389653 13.1439759  45.70253563 11.04521902 33.76830272
 35.59306343]
24
[31.25422351 18.87812836 20.64340269 21.65599851 29.64848508 26.12122191
 25.15546459 11.72946368 46.96494586 26.74128611 21.91303076  8.81061025
 22.71000513 20.82498492 39.60169558 12.66752199 26.7920506  18.34675838
 21.83220868 21.16003425 28.13505019 20.02116463 34.1251205  54.79309244
 18.72263454 27.92689934 32.24331196 22.68685363 25.59619843 30.11114505
 16.52165558 12.66120333 32.34498969 18.80173896 38.67907173 19.29649777
 26.83508189 28.35837423 30.29356827 19.97079605 26.10478418 29.04158848
 36.93539944 32.21096872 24.1154147  22.17474743 24.03985522 38.72280712
 18.82871077 26.28890834 28.51661219 26.84430936 45.68338452 18.97382044
 13.84746326 16.56963997 31.45859831 20.12935707 26.35637164 16.69123625
 34.07954563 27.10948968 23.48826041 19.29578563 37.24429323 38.66434048
 30.9128296  38.79532433 18.48984132 45.1534563  36.67107714 31.07404208
 27.65509799 19.48333445 35.54647029 37.66047628 25.76400192 11.96607892
 24.98536373 23.07801524 16.39667281 19.74055587 25.53134519 17.28158311
 27.91395417 14.09360743 24.30453075 14.26868171 13.0953846  12.54334884
 28.75545391 38.74736569 22.35632723 25.69307571 37.83839823 15.11695165
 41.79908457 34.45864207 14.44931794 23.70144952 17.31384634 23.79164231
 22.03016237 15.04381292  7.27133019 34.76044623 38.51814976 21.91506407
 18.0972891  27.21584313 18.81292776 32.12897194 35.99118363 41.22268578
 23.34583759 19.22509895 47.59671529 24.72666639 25.43703913 26.12944233
 26.34162029]
25
[35.82907275 24.10582935 28.41740579 26.35105727 43.09525866 18.73717748
 19.0890467  33.55648092 28.92635263 20.08728439 20.87259053 40.17037415
 40.0062844  41.6990328  17.94076993 27.2940692  29.80162808 22.66020756
 37.10162868 23.43794745 23.10792942 22.22047075 42.50135162 38.54775922
 48.97556402 29.9737798  11.27034047 42.41352458 29.61480649 39.23029146
 20.86963808 34.04482506 21.9319411  33.1064701  26.01337957 33.48044155
 29.07214717 37.31532127 19.4123653  24.21426675 13.89968322 32.95642328
 16.61207622 21.56082252 24.9479301  29.04172223 26.91981294 36.72263483
 32.96365127 38.23132525 31.26411973 20.95082857 17.7712705  24.50554477
 41.31012806 27.50650569 21.06862458 22.7137555  48.56319271 32.03314515
 13.35196418 25.58852377 30.91385074 37.88594353 37.3702077  31.22385121
 26.89004317 30.09645681 26.97979874 29.04769016 13.06535658 38.78641782
 21.56924108 39.06332046 29.85720657 22.63099328 22.38631898 15.75471331
 35.08980615 22.83758055 48.63650002 30.67512488 35.04389118 30.69268655
 44.66213644 14.08424957 43.35412991 37.34732722 31.37535427 18.8528411
 44.62680809 12.40833165 20.63251386 27.24627517 28.19457961 37.25192445
 23.55984772 30.07799539 28.37757601 36.46240136 13.46556393 32.46065627
 37.57846399 25.44587443 35.50985883 19.75623335 20.51117549 21.00867737
 36.64322704 24.59235541 40.36737717 27.31557161 19.91173355 18.82806173
 21.40273257 25.7789301  32.37381586 30.15177604 13.15202725 49.38578292
  9.77612373]
26
[35.70912271 40.71021164 22.1784076  35.46869497 27.57180039 30.34144239
 19.48737402 16.96484546 36.66707027 27.16161416 18.47869933 35.16894372
 12.65277428 36.59955427 25.14941932 33.9461241  20.56271228 42.70366522
 38.40126663 18.00116694 38.30898525 39.54989222 25.75893296 49.35957713
 30.62321112 23.15164169 44.89028127 24.45646156 25.8525983  16.4510855
 40.09486614 34.05370186 22.76863153 48.76792971 28.72433437 26.0053661
 23.40190801 40.53768358 38.81678859 31.34418252 16.49010306 44.47008661
 40.19072149 19.30946505 30.0082531  32.41938905 27.29759978 26.75646935
 37.19079853 22.307744   21.81108732 37.45262906 36.16975663 46.13931073
 23.81703727 19.41372797 44.56391993 18.08848111 32.50200623 29.32131862
 21.89939772 32.80418479 23.55697903 30.15854156 20.25463609 33.35772801
  6.96685344 25.47291875 46.98340791 32.55530613 25.7805282  28.51357303
 32.26160362 37.04155271 40.63349003 21.98721516 20.88537671 21.36646896
 38.71583335 31.83519643 26.4622682  27.11504219 23.83836461 41.01381098
 17.22432122 35.19523311 32.73282077 34.78024496 22.88903984 26.53938946
 43.33097621 16.76585113 23.79930339 33.64365857 27.50926648 18.33396459
 22.33700098 39.28088977 27.054612   32.05171144 25.36822792 25.55395093
 23.32262047 54.71886664 44.26874225 33.3649493  16.90241728 26.20480259
 18.38367074 15.72110173 26.97368429 43.88199858 24.43143229 41.45568346
 40.94814523 13.24218597 21.67449571 42.13806835 20.14013481 26.7935028
 52.71793625]
27
[30.3855516  34.23830333 18.77848247 24.88555227 29.99293468 13.92369446
 21.50965821 16.33326588 46.19878779 24.47944696 36.02067737 22.00431932
 26.48179933 21.30856886 43.36706628 14.60196681 24.11284007 23.41125933
 22.51091345 38.13304086 19.14989507 18.84747187 16.86460948 38.95456628
 45.77882708 21.57663573 42.08834212 36.27777391 33.45458348 40.75362626
 33.89294919 15.57152495 48.24375723 18.73328346 15.96322432 16.66981661
 39.6803384  34.76976846 33.49964361 25.80270669 21.16977231 21.19406712
 21.68115023 17.85489042 20.81008046 32.5171364  36.36317151 26.4027689
 50.91037193 24.03710102 22.66415368 29.65622933 25.98067599 21.86926451
 37.61601399 18.98980457 37.73462145  7.83129453 16.50444684 15.60168262
 24.45705565 45.11625094 17.10277058 24.28377631 38.73683081 39.48843649
  9.9226636  18.7724995  24.79474232 27.95001847 11.93403901 27.57367349
 16.29693601 29.01940617 23.16739762 26.08252626 29.33492854 35.39789526
 28.83025269 16.68696885 44.35250455  8.69499631 26.88191251 24.99129589
 16.81783653 31.11980138 40.63945213 20.98400828 14.48045704 50.29867467
 42.83889368 23.7581108  19.45884584 30.06088144 13.96410592 18.93947323
 24.51044332 30.62729715 22.2287562  14.51380296  9.28410351 15.34816843
 22.27377248 24.06977026 35.4736366  28.88387582 16.75709034 42.74569727
 19.60080968 11.97709754 22.31357905 35.83327963 21.58415232 13.76310006
 39.47346743 23.14343282 10.44492224 49.72409784 24.3724687  11.28629744
 33.96530378]
28
[48.45632621 50.54642328 16.02959697 41.62944158 15.41353182 45.82543538
 36.00613534 28.81100762 30.52870833 17.96416204 34.9488052  18.42045457
 35.99205275 48.14529985 52.67962588 21.41230654 26.89747214 17.23335597
 13.51682321 36.9344256  52.98253896 30.09922039 32.06465433 47.20915845
 26.04482198 19.98241654 39.54520573 33.23400858 33.02257708 40.8159558
 41.37781129 51.32385218 40.79891782 32.80915928 36.41896651 46.66226183
 20.0036184  49.3882829  44.45664746 44.59023822 34.98804765 42.44598925
 35.43317128 39.09229739 39.3155294  21.96300222 25.38416753 44.96436072
 15.94148236 26.9411799  29.87585479 28.89959816 19.58396705 15.71661978
 21.96527517 42.53419435 48.94546727 52.48077561 47.69319842 16.07859466
 24.72970083 22.861716   25.99591652 21.77935679 33.7451078  18.55344791
 19.91505284 46.51141208 43.95802202 28.73878217 48.26159889 40.77667296
 21.47956364 50.3576096  18.42959344 27.33418008 23.28390657 28.7462973
 50.7840569  29.91933374 19.69635443 27.88023957 28.85850881 33.96120132
 15.51501918 26.19165718 36.12691475 20.17065232 39.30894933 34.54906134
 14.90420444 12.09876781 40.53148284 51.23185681 32.32793194 35.65940294
 27.26576516 30.74454464 16.58444073 20.36657752 47.75817666 30.30851149
 26.23819298 54.95439965 33.140215   34.70342251 15.88770809 38.13611602
 48.63167923 41.74993349 39.55865442 30.10889294 36.26927373 26.91067199
 32.69479619 39.40875925 39.17445664 47.94211589 49.79450964 35.76024276
 38.15023738]
29
[28.56230578 17.6365122  30.84721357 35.85672168 34.52223758 20.12630597
 31.84446805 46.88023179 42.44926934 26.11497517 19.35746129 24.15225622
 24.48035417 40.9058918  41.11998629 20.71963831 20.73863901 16.37018584
 23.05336159 20.63685754 36.80424394 22.83625586 30.13632552 30.88044031
 37.16336471 14.97121822 45.34999396 37.91946216 13.14409318 21.54833556
 18.27247762 44.3750942  45.83489162 42.47007517 55.0255572  39.95392662
 34.42047258 22.3298464  28.4130268  36.39162119 26.59593047 25.90434667
 39.33957879 20.79465894 21.49571743 18.24969457 22.43626752 18.21351599
 29.86350035 32.76162766 26.84773112 28.01078529 19.12291072 18.99319146
 28.41918711 36.597445   43.69926649 35.02130683 35.70102368 42.9685312
 14.20710359 23.89577518 42.53936669 23.47621329 30.85061844 18.45727504
 33.29548808 23.47650277 28.35017859 29.03614259 38.61044601 26.87016764
 18.24848748 28.01067379 47.48187542 35.06798608 53.42040376 31.57293461
 17.82604834 22.11146805 30.18591503 24.06135365 50.86364272 19.3602118
 16.91855    30.19288863 38.44400122 28.99255331 25.38700756 32.79153444
 38.76626285 24.17018352 38.25123906 25.10037026 57.24423341 22.02109103
 28.53721824 35.57081073 32.59934094 29.65260608 28.03808954 33.10779124
 38.45068318 52.30719535 18.52700756 29.19610589 34.50986379 21.07636864
 31.57416234 27.47706965 34.3680248  25.11379557 49.93821427 33.89423491
 33.674604   35.90582495 12.88997664 35.82308947 10.40965587 42.01234777
 42.02708953]
