[17.82972822  9.40332241  9.47959991 23.93174609 17.9926373   7.38206539
 24.84770984 25.86479986 14.96248046  6.49712207 18.49958379 17.94804013
 22.12776209 22.11206147 20.40825489 14.68173336 15.9140863  10.6933941
 17.39579162 20.52498809  7.6291629  18.00719717 28.35897736 28.79081171
  9.20026024  8.11605234 14.55186109 16.99617833 10.74011409 18.42855514
 20.19348997 15.04559117 12.92751414 20.74895275 18.19776696 12.47543079
 21.25541517 17.61927502 34.89088503  8.84943527 12.32315513  7.50357808
 11.93429763  9.85755414 13.33262554 17.45483995 12.81017    30.17578557
  5.66100106 22.33448585  9.76122261 25.06375881 23.08644064 20.41104484
 19.00162261 18.77780428 22.20351034 24.00928144  7.27401509 11.89296615
 12.36185762 16.37825677 20.6279369  16.7281725  15.93392466 26.10752231
 27.12876774 12.80345691 13.23349076 27.82523534 25.31577851 21.84050085
 13.36602218 12.71852235 11.96982237 20.95188587 38.30608698 21.39293284
 15.4200246  27.55360949 15.07296205 15.14742895 18.82014284 10.3159784
 18.42632024 18.34690396 14.86233893 14.27242647 21.75079008 22.98165774
 16.26184781 30.67508961  7.63474832  6.80406911 24.99732987 20.10575643
 16.58347637 14.18641015 11.39449886 16.62947587 15.67725827 22.16565917
  8.68749905 21.72126857 21.10119584 21.07659135 19.57631455  9.52923829
 24.42115593 15.93308797 16.71447489 32.13978882 11.32524403  8.19941115
 21.13040601 19.94972641 14.72656864  5.28701772 11.99183065 41.93702121
 18.56813405 17.86163051 29.81774183 21.92231072 21.83718699 12.55400653
 14.11428414 20.97528308 30.52564086 21.36239231 13.61602334 13.81377862
 12.21075296 12.84200247 13.04534317 27.27507164  9.56350941 16.38588168
 22.96359058 21.5470465  15.39703874 13.26934615  8.08464266 11.956517
 12.49631817 22.03026666 35.91864965 17.91211766 15.64394989 18.82791798
 14.70414546 23.32272386 24.72576294 11.57573873 24.02818168 11.97583855
 12.54629263 23.18380219 18.31597035 25.8646421  26.1812519  22.99711238
 22.55896974 13.69359417 19.39448445 12.65011928 10.5971775  14.52959649
 18.35227214 19.86022281 13.9547009  26.5749264  16.34184351  7.23923461
 13.95019035 15.00569925 18.96608325 27.47592287 23.95852948 26.62529418
 22.80799341 19.22198607 34.95162906 29.31729433 11.15997291 21.1744087
  9.68193259 32.7462599  12.85722705 17.55551985  6.01408799 21.63731154
 18.86470717 22.54281791 25.05853133 14.86140864 28.36162547 23.03373866
 11.24316611 21.36400229 16.62622024 21.49996634 17.44885734 24.04942117
 15.74351819  7.48411854 24.70956237 17.00472197 15.34598846  9.29135811
  9.41393001 14.08567819 19.36451635 15.2777911  22.6687403   8.12627338
 11.70209011 35.75737698 17.7202217  14.76687708 16.27065913 14.11433158
 33.01610143 20.0549287  18.99861244 22.37563766 18.97555051 26.27593319
 19.59571412  5.17765187  9.59455078 21.44908799 12.80005861 16.57482598
 30.52239503  7.81096469 12.69780797 35.94067874 13.72847806 15.98743453
 30.29530707 21.09616426 30.99961857 20.57627823 23.47934001 11.57520482
 11.78923204  7.00375927  9.93054859  9.57735868 24.99165832 14.3500149
 19.73892715 13.74522937 20.85340696 16.01945601 26.33216968 16.31644177
  8.0714752  13.40312951 13.7878597  23.79977924 14.62082372 13.55780845
 15.94729139 10.50045297 25.08794355 22.0398603  28.3984924  26.80120501
 10.98492951 21.63056084 33.33073512 15.44424831 23.69778808 11.11999316
 23.63119589 16.1096492  13.42275669 14.22368607 20.13448745 16.02942656
 13.76915422 16.15872239 12.16728656 21.13167357 13.88667375 12.82348264
 18.09021952  9.49060832 17.04694276 20.04084965 25.75718093 22.56262583
 14.08635946 25.01583941 16.9372471  27.68644779 16.0833174  16.18563833
 26.7458065  13.1156712  10.65385992 16.31521506  9.11818797 21.17173461
 21.25654835 10.45798328 13.65276341 28.68896286 18.15347212 15.29369119
 13.32854572 15.62409969 20.8585045  20.01275184 14.329353   39.86575723
 20.33517293 14.44307069]