[48.7686043  40.84338007 34.68558889 36.86663245 51.75756524 35.57266569
 21.86896987 52.96880496 56.29342962 37.46917455 51.88851229 49.71220928
 54.46913699 53.41041124 51.59122086 50.52752405 40.81748291 29.83938983
 45.03017419 55.45351946 38.56809925 20.47022859 56.23372245 54.4996015
 54.18069112 50.74018189 55.48817039 53.9259838  52.11102453 47.48345383
 32.2630614  28.97924595 57.78950164 50.98343007 45.86225797 53.47417103
 55.77010002 18.76275583 46.62880169 47.77944642 54.63097197 40.30056592
 51.26466852 45.36729961 49.59018843 40.52318625 51.22394212 46.69357882
 39.22959661 48.02627937 39.81628324 52.72475919 39.97661812 52.584367
 45.03782382 52.74050817 51.75414167 48.21222648 52.28589006 51.19686653
 49.95178866 55.03073799 43.71251954 58.05603745 53.05444632 32.22679064
 36.82770439 53.17266187 51.77712808 48.84060807 42.0312581  30.49797081
 56.11867769 23.51169709 34.02626531 41.0819627  53.80233337 48.26962819
 48.4362981  41.02285717 39.03291922 52.22354837 44.40944642 35.29384822
 51.19294552 36.85514292 52.45257961 46.58141511 46.04558896 56.60342588
 47.49504275 51.81291736 36.83357576 47.63468839 48.2915731  47.19665621
 50.28701379 48.66425323 39.87264105 37.03118812 54.05483691 37.50116424
 53.09713736 45.94797868 45.72598094 54.50435363 57.10294905 51.94085166
 51.89721391 42.43640774 45.84674781 34.91431689 41.584515   17.07101049
 48.63711879 42.90895659 48.05056222 51.38025833 45.07808231 43.46493689
 57.15903329 39.96966813 14.10618921 41.70472828 43.21027623 42.32586656
 41.22249985 48.56233852 30.72428934 44.13197281 13.49404473 56.65119298
 48.79098817 48.41451071 41.10386195 48.19151831 54.3805868  50.51985174
 48.86834201 49.88236491 50.59467912 50.50555357 42.64216326 50.07258941
 52.6355411  54.28813103 25.26636349 44.04948423 53.58410565 53.23144004
 49.61938612 54.79127939 45.713214   54.81324537 44.7711587  47.81778363
 46.53791289 34.87734619 47.55649811 47.14591384 30.57851385 54.68220036
 49.03308256 49.27960731 48.80441041 44.40055497 30.935466   47.65793567
 51.70828235 44.10447095 48.9396305  45.28223989 33.02217257 52.90774556
 50.28586307 29.61831973 53.30836829 22.43693651 53.38473414 36.79745098
 46.12363124 39.17950658 51.56438216 25.45661192 25.53919263 53.19015601
 46.39124408 26.69137974 46.23319403 39.30694175 57.62558114 52.16540993
 42.41414982 35.84670723 44.09976895 54.94038405 46.27424491 47.68897814
 43.32179943 52.36351982 49.55928541 53.81091245 46.22143337 51.51234225
 40.9660204  55.69341702 49.95869884 50.12991216 52.85407563 54.88117843
 55.33744143 50.61581501 42.31930727 50.14997672 54.33908754 49.06362441
 54.74773418 56.50957843 56.02128786 51.76097253 39.77275529 47.30927578
 46.21720013 51.9452491  38.0002974  44.90539512 29.1143173  50.28759509
 57.44250902 54.49737552 42.76928346 43.72442393 39.44589598 45.01742254
 48.79962629 45.26510071 47.79400198 56.03522133 52.92501392 43.26550755
 27.5529505  46.42469034 53.40897197 51.94754296 53.7031747  58.02178016
 29.99394375 44.90030733 47.82888476 51.38544548 53.56796854 38.15302307
 54.62567246 54.70586751 51.10522338 54.44767811 54.6583654  43.43178762
 56.15450209 42.62936783 49.48724174 29.22734421 54.56490401 53.5147914
 30.11492367 56.78150222 57.93387465 57.92915281 25.73585925 51.07782405
 41.43154754 50.78852295 26.6204685  54.50649294 55.58901628 42.72126482
 56.81637364 52.72886089 42.08183652 20.85446501 50.68288747 36.52811855
 42.09691753 55.2601843  52.50864477 38.92462809 54.39775647 49.0478012
 48.22372331 42.08196272 35.84955921 51.67441206 52.31742539 51.70256338
 33.15374405 47.34487785 53.94259023 49.14983666 57.43485077 50.62089512
 47.39439166 53.54230996 34.27951045 47.84520475 52.54545943 51.50825211
 20.72223486 48.93283114 41.22271065 37.80765809 18.42697932 35.7776056
 47.62481221 54.58443833 54.42809962 43.74578631 36.87284946 52.2894239
 44.1113746  54.99300986 51.39349304 54.63265776 43.30044732 46.8077276
 38.60181843 58.00304338 55.21230181 52.34570469 54.79068193 52.61370192
 49.60904679 53.89015495 58.10454438 47.24863948 30.03283717 54.82671062
 57.55335489 50.07818597 55.95403668 53.92924818 52.60156534 37.85718795
 48.64673456 49.04519452 48.71017229 44.42344652 48.85595466 49.5940904
 37.025393   43.15414512 55.68531972 49.86253881 42.45280629 46.04133354
 42.14696022 44.20869146 52.46430129 56.64213776 45.29881263 41.62343518
 49.72986688 52.36481307 45.95967265 44.54775268 29.04227451 55.0506433
 53.59560449 19.31029801 51.3754483  53.75247437 26.92856661 49.87478205
 56.72536724 56.37402445 35.96958476 47.75728487 49.5938631  44.14461692
 46.73224169 51.01036067 50.55551391 53.00389638 44.77038617 29.02117647
 56.08208417 21.75393005 46.12061723 51.97589    35.47790077 42.44997333
 46.5586755  51.04630439 32.97387843 50.81914187 36.915105   43.51809941
 47.37229145 37.04315828 40.58116062 35.8154597  56.7945093  48.34488783
 55.61169515 22.68399255 55.5360525  39.52179814 48.94559783 50.81923875
 49.54006316 57.89056322 32.83212734 51.38358307 39.56812272 49.59570977
 57.66423402 23.49421362 54.29199665 51.17130074 47.74763318 50.07195948
 25.07752993 53.0355571  41.54486759 56.95681903 56.73269126 48.89461701
 56.45999354 40.70922549 52.87570956 32.96057963 10.75017635 45.45395812
 47.91534405 57.85083772 32.82314331 51.57430334 52.65181138 47.08972818
 50.22860129 38.70892496 48.84941865 46.98775218 52.97592616 52.18517647
 54.25260554 41.24544111 38.29564198 53.38982047 51.00354398 46.23504674
 28.20723981 47.45241737 50.33723973 47.62221659 34.4779733  45.12203508
 49.88273793 58.58235652 49.84579939 42.00577769 15.59547241 21.24425828
 56.23255586 49.11646043 47.73436556 50.2666387  47.34661184 33.07879182
 47.06470126 53.06366098 54.58088676 36.70452281 28.05521257 43.39850024
 30.45862124 54.49936598 40.76513797 34.24308406 53.95903971 33.00791986
 46.4114383  50.53462024 36.63199974 58.22531555 42.67923489 46.35853021
 34.91002846 42.69799472 56.03517255 44.06287621 37.88943308 56.8704164
 49.45132022 50.86491668 54.13944943 44.37863565 45.13772856 37.60365305
 45.77502152 41.1344987  26.97859092 33.96109634 44.54035963 52.63156258
 44.90224055 44.09811011 54.83367958 56.84422134 10.15146623 47.76303803
 54.48540133 55.7333927  52.87984308 51.73868717 38.23961853 50.19889631
 35.3176439  57.15811737 50.18814044 51.19511103 55.97871404 33.4919625
 45.92974343 47.62577729 55.26380837 55.61497559 25.99398063 30.35226839
 52.29614055 47.7204541  42.1833051  53.0646737  45.21974835 38.08774539
 34.92974223 31.85198417 55.65983309 56.81384024 34.0758147  47.12890766
 47.572023   38.61699999 36.77303337 41.11295963 52.28962118 56.87320257
 43.50756156 35.53697287 22.70141766 35.78101832 39.85720543 27.97036129
 53.27789338 52.89759494 54.81192455 44.56987951 52.75935887 38.46008627
 53.74650408 48.24579191 41.88705387 51.68981165 51.5524109  57.66527983
 51.18395317 51.03161824 39.59543148 57.46579221 57.45049637 42.17891905
 49.23206072 43.29799725 57.21710881 49.8989365  42.44469983 56.1859811
 49.27303279 45.00150042 53.58980307 51.17100375 50.05450187 43.36560007
 35.30718128 47.34010493 51.1316093  47.10856382 49.12117089 49.19621763
 50.94922017 43.89287589 24.40633596 43.18445833 44.15953994 42.48980854
 48.87845078 55.96034944 43.68855942 51.0299625  56.98136646 47.48372049
 41.31119265 48.99874567 22.45695054 40.11319592 36.87321211 48.75081628
 46.33134938 54.45799558 47.36659168 56.61718811 52.28563737 27.25067069
 47.4124606  33.93484079 55.46185612 25.21811158 55.89419444 35.95301051
 51.52179732 31.26094567 45.10873698 43.57579254 37.97528847 44.20298717
 39.9713823  52.865871   50.44940243 54.13345563 45.17133307 53.78729228
 29.25996337 46.48336237 33.16455417 52.88633308 49.08484404 47.50356146
 47.10921883 49.86388196 27.18022685 50.17178309 50.86774209 34.41849932
 28.1391351  47.07362479 32.53711724 45.316572   52.22971192 35.62714515
 50.60449526 49.39575126 50.70462183 45.31964781 33.42609465 47.2156387
 51.28691915 42.94271349 27.43818004 51.0325549  19.29531422 44.9240778
 45.4802205  17.23285689 46.70002493 49.60066879 51.61608327 35.00280939
 47.18105695 48.39160261 24.28003003 56.32973269 42.26955118 33.86550843
 52.64221443 52.71665603 45.16933207 48.01291918 47.84421936 49.61703488
 56.92120456 47.87637418 45.69706735 44.59173825 56.85523832 56.24957682
 40.97850533 48.43065682 50.51686562 32.98392894 54.78262264 45.42754396
 49.82394854 53.43988502 55.54974301 50.29931829 55.39489974 45.40890122
 49.82732472 39.48844589 47.35240303 55.4877878  25.83469575 55.93840489
 32.21013576 33.68018853 42.49544344 41.64564975 48.47439451 33.71107899
 36.90657189 38.08063068 47.38974878 48.66237581 42.40902245 49.74147849
 44.6648273  49.65649289 43.86258932 48.74238818 46.36024807 38.04655752
 39.48173951 53.83216932 50.63135061 49.78128101 46.66609861 50.70131339
 50.56621119 46.84183631 38.10179615 52.63214953 54.11843063 26.24501705
 52.91494346 57.09627769 53.09749822 44.43772733 41.88332317 55.39829185
 47.55719712 36.45056981 48.6749811  34.91339969 52.57878502 29.67024911
 50.46507347 34.43513461 32.11389384 39.29056552 32.84978354 57.82783239
 52.82945925 47.63225477 47.12812191 41.37169709 52.6451364  43.41206505
 51.53243279 50.64145313 32.75216517 41.68672091 50.78103657 14.71763884
 53.9647505  51.04872544 56.6436366  51.47757138 40.96082043 40.76050488
 55.79516182 46.61318643 55.37537862 45.6883873  52.90948084 55.16444996
 41.94576925 43.62401808 53.86396624 51.13281931 53.49557308 54.38183019
 43.87061819 35.9779582  58.17477226 51.00670777 54.50692935 43.69066337
 44.01562908 54.35817736 51.02531091 41.71119112 53.4830434  32.03365881
 49.37799715 57.08859687 48.46909182 45.76880552 52.2742457  37.71899093
 51.31842099 50.13869077 53.64090041 44.54980561 46.74889057 55.06485028
 48.07942892 28.78703904 50.13319163 57.32993586 53.19185095 51.20903057
 36.06360351 42.53315847 42.60338722 54.09524016 50.98171639 46.41128646
 48.60041274 52.90216089 41.56813809 56.73739514 40.28574124 51.61128943
 34.47396378 30.54551415 42.38647517 29.1625631  46.31505397 43.22969649
 44.78000548 40.30370003 51.46901952 53.95313992 27.80734896 52.11435452
 32.45140806 51.69339812 54.99608879 46.14234027 50.29827441 46.39149327
 53.97025645 36.38962787 49.90619073 39.23732383 43.48041061 31.1156388
 41.9420771  50.07261751 50.1676452  40.74629261 25.27314365 47.45600211
 57.85062937 36.60824192 50.01952699 55.24933565 54.00841268 44.69608879
 37.85160997 38.18832564 34.67727348 24.82375055 43.30310869 37.47996837
 48.67300847 52.08207971 52.66543076 55.75037085 48.48685838 25.0626207
 29.37400921 43.9710021  38.97594554 49.77026746 49.86396852 43.16265694
 37.31046048 46.15063423 54.64806081 48.6683536  44.10121122 56.96463261
 52.70812484 53.18588499 57.02649445 49.94002289 49.71568448 49.81216379
 29.66541079 35.1728402  51.60427756 53.1768536  44.00951461 47.31200667
 45.58056046 47.43284108 55.72978032 54.18037583 53.9909482  49.34280192
 42.20814589 48.22333646 38.47655513 53.82404212 52.17772653 34.63276342
 52.84051305 47.76867599 49.04358322 48.53054524 23.90319574 42.3218829
 54.61194492 31.71127406 40.35408293 43.0725218  37.06984379 48.23519071
 33.96218072 27.30943062 36.76531453 48.1646918  44.41997663 55.76640964
 42.50647786 57.3399937  45.8940699  31.3894587  48.98953302 51.4958718
 42.04950136 42.11964593 52.65354566 49.89747659 39.35059808 42.00539351
 56.14884816 40.76670042 39.8337784  52.29032027 53.5374049  49.080143
 54.57272756 45.59397506 58.23610449 49.39123507 38.94318072 53.8195221
 25.97378962 51.08116777 21.29696546 49.44289238 51.91851752 47.3807124
 52.03220443 56.38228751 41.76818291 49.91893069 50.19355148 52.41979468
 37.35144666 58.75419502 55.53478864 51.0514914  54.02129589 26.91809877
 45.89009716 41.50510509 47.33474454 52.27019053 51.35606923 56.19183743
 46.23858282 36.00167465 26.9863573  39.11205293 55.9084361  44.790117
 52.45115549 42.79478567 17.73673943 45.39178402 43.49099836 42.24570607
 41.93942768 43.61976179 50.8464303  52.51486387 48.62275171 54.66539175
 43.44530957 56.75227221 56.44756491 53.6865984  52.83705237 55.19878295
 55.77211661 54.07955298 55.23356992 53.1333954  27.85294467 54.16518423
 33.13545472 53.87221184 47.00864051 33.84173019 55.30479105 49.17345562
 54.15696889 47.14451918 40.37128825 26.83528428 29.81051009 37.17715484
 56.26758106 33.71447894 48.06629088 52.14918214 41.14698407 32.71334626
 33.52901834 48.31194569 42.76236796 47.2872682  39.6793964  57.36097548
 37.02519466 33.81857466 50.66230307 40.93658185 40.37859276 48.99563974
 42.21155889 46.79532715 47.24416844 53.9474816  52.28845022 51.21648672
 44.29161397 52.04084645 22.99984864 46.0502936  55.44041766 28.57669302
 46.03787838]