position : 
[22.02223029  8.54094215 26.87896583 22.20565291 34.27899602 24.18964903
 27.89407479 36.13670884 18.74089363  7.0390629  38.96189098 46.42719666
 23.13803396 45.20199401 15.46695891 16.0537816  32.91550615 16.02588053
 34.86567897 11.09555853 40.57471053 20.79501     8.9735691  18.06080229
 22.33987968 21.85951907 24.91188572 17.77791101 19.36715265 10.4956321
 12.4257689  12.80364046 18.20980589 15.4575499  31.375714   22.49685816
 29.7261333  12.81059258 20.56198486 15.5725566  34.01832628 18.02165366
  7.5999369  16.38542086 39.08576385 22.01707568 12.08797874 20.0712669
 38.0329826  27.37079181 20.0787727   9.48783742  6.50367452 35.34615676
 16.31944209 32.48935257 21.71565153 23.32168123 21.27970291 16.39913444
 24.19806154 16.80326771 37.75315828 26.12047623 32.69646958 35.17926784
 11.27720949 23.22825075 15.58604089 31.05132054 20.30122136 15.29914625
 16.02221218 11.30078636] 
