[27.63269595 16.47386459 37.55726051 13.90413041 25.81288278 17.86566113
 14.88221582 23.22181163 36.68405135 26.0620965  33.19305376 13.50355844
 17.73772939 16.36551846 23.99520979 29.7158476  15.17443179  7.67325226
 14.59589053 37.12441359 22.98321821 14.84671497 11.58812002 30.84078972
 10.00646787  9.27124847 28.92629233 10.62720826 10.19523528 11.60230068
  9.10986239 30.41467696 26.93295896 15.50855129 20.52417867 16.12499544
 23.25103914 25.82359879 35.70701996 19.64005679 14.88701887 37.23771488
 32.48444551 13.795193    8.25160934 33.87655344 17.65899014 20.52448687
  7.45124698 14.83948507 12.5393859  16.42650778 18.35357806 36.17453021
 31.81145841 14.18707212 28.02985711 21.46641736  6.1274817  14.44712458
 23.74691625 17.15713179 18.22003835 31.96578357 11.34463936 18.71865838
 30.68871104 29.82396778  8.58304394 26.36310226 22.6969281  20.86399601
 11.42090891 16.96934197 22.68148189 22.49593782 15.04757969 12.79750553
 10.57164078 21.80916578 27.88644806 32.24406862 26.02158809 18.79354634
 12.15864428  8.48823224  9.8342147  14.02302212 19.2066569  22.45560451
 21.60217335 24.96804859 15.50321088  9.92521945 22.18674555  8.61440892
 19.03541292 25.08842587 11.45758699 19.69191591 21.22816949 20.29624351
 15.87759391 33.49261741  6.33102234 13.65829173 23.53602664 19.67963354
 13.77041983 14.24703028 41.00824432  9.95808058  7.51835587 27.31141222
 29.11860934 25.53157268 22.98062991 21.35101884 17.42064244 10.70577696
 22.25152069 16.96160658 17.33185249 23.56222205 29.92742918 17.07696268
 29.66763351 14.23371615 11.07228093 20.91267589 22.36453362 10.25255381
 18.81856833 26.7671304  21.4805789  31.75586207 19.83186214 15.97078927
 28.72638375 19.22579088 17.91488336 24.50086817 12.13417659 21.72053595
 35.88048725  6.72259428 12.36587338 26.61090015 17.20644298  9.76061989
 12.4535155  23.31561313 17.31510649  9.20274283 40.31451873 13.17741561
 28.60296684 12.61090685 37.58829007 10.9714959  14.05100788 11.76479917
 15.39029193 10.74070519 11.41925082 29.95929159 10.30323319 30.16362608
 22.24396141 24.26876446 24.37885219 27.58890643  6.49051071 27.3793672
  7.06673599 14.0864408  24.19228448 14.90870703 15.75526862 21.11217052
 10.20130465 15.87887008 16.52790245 28.19520543 20.28369827 14.75010393
 26.45888448  8.54407418 12.72942147 19.23998605  8.49153266 12.68600637
 29.21898426 14.2913861  21.27382362  7.33684664 24.63395804 16.29914896
 13.7520596  13.69047774 10.23727494 11.44046169 12.92616054 29.42058344
 17.91378143 14.25933829 20.99260052 12.40717498 19.79845588 13.18234655
 12.24822364 23.64263318 15.39178457  9.97659067  8.85190373  9.85853977
 15.98445009 34.46389108  8.00809805 15.81578699 18.21574887 23.1695034
 19.6201783  18.88365027 23.73325376 22.50978917 14.67821812 28.76361356
 15.99134503 29.20836701 15.20311828 21.24951531 20.66166801 13.68233909
  9.22634672 10.04749751 21.03273129 22.97756646 16.28079104 35.96655143
 23.64411441 21.67843176 23.57591567 20.8990753  10.81982804 12.06561764
 10.86019676 19.71956715 14.19983826 14.26395505 15.59642937 22.27317901
 19.36619124 23.23167814 22.13540701 21.11342776 31.49742055 14.34725145
 13.75419452 13.108742   15.99389158 28.54757074 26.30813771 11.04523978
 20.38906144 34.10895976 19.75671595 19.68929223 12.17905565 14.60070295
  7.84965263 12.88179358 18.12091913 15.36461221 23.95095356 21.14332857
 15.74700974 22.36143866 13.19769388 19.62893894 13.6800743   6.46235338
 11.14152527 27.968612   19.80453471 21.77366365  5.640555   25.21209026
 15.07764586 34.66650266 24.07119767 21.28144779 20.73089414 38.23086604
  9.44141717 13.90487856 15.73510765 31.12394098 41.3963528  20.34031879
 37.39343597 18.37346718 12.40853481 33.37084913 18.54414732 21.74697102
 24.10058199 12.86126826 33.13344581 16.32246664 19.4363703  32.66038144
 31.98389542 14.65243188 13.53192869 16.38468071  9.92290782 14.37354007
 24.76896497 12.57934977]