[46.53618642 23.25669626 16.50495357 31.90528778 19.03657136 40.3830953
 19.89053645 36.47649873 36.94305726 21.32606737 18.45888731  7.37862261
 32.9054562  10.66060973 14.57164228 28.26500104 38.08231263 37.78872233
 33.32015373 49.00095981 16.67108598 49.30192265 15.50249117 41.3961659
  5.52734159 32.37280216 13.33679383 28.14013012 16.41967802 19.02218291
 15.35180343 31.7642072   9.33939112  7.18552346 16.4182035  10.36846334
 20.41053308 22.51881168 27.73285353 27.97468911 41.59645935 31.12095524
 24.45145502 32.46163752 34.23615605 41.76607498 13.10570294 39.31903972
 12.39819348 30.46581779 34.95725169 31.01538104 15.53909972 29.25159325
 16.76038636 23.79863059 20.8672648  34.02870617 27.71737824 14.08601444
 39.90046847 43.17474964 31.27122598 12.33441595 25.78461855 31.06947454
 16.57945341 33.14944193 30.129372   14.18192291 40.13975383 37.52157801
 14.03697917 32.89405813 10.76460911 27.63412344 48.84185149 26.70005327
 26.76192456 25.85218831 30.6772902  15.07452596 20.94602517 31.69408234
 14.2404688  38.20196847 15.18008959 25.67555478 14.95948862 23.05310282
 23.44845771 55.81078292 19.65761612  7.02499797 21.06084777 14.27065965
 26.4279494  21.845593   21.45974431 34.73889276 26.95963778 40.44562875
 20.09064066 27.13437301 17.44029422 29.6012654  34.17674318 15.4405186
 34.14394741 22.05086472 12.92789374 33.49362602 37.63908359 55.49509754
 18.6407521  22.41666951 29.70127715  7.95069977 19.28282713 26.74281833
 42.95716574 18.35762945 11.9578594  26.06581156 12.97934571 13.37982937
 22.44205528 22.52611755 39.68190408 39.69948344 32.38814948 12.08052071
 27.83295051 23.35736711 41.27187964 12.42845057 22.0243799  33.25110158
 23.94412821 16.31453447 11.93805473 22.03796087 18.89852783 26.00126712
 17.36387439 26.84289931 17.94833361 25.20543864 39.71474857 10.10360023
 16.86346536 23.73030989 21.93723509 22.25111488 13.5942252  25.69919708
 15.45433338 21.1595871  36.70931268 27.99652656 14.81176541 12.83982664
 13.63274847 13.95167822 37.30562977 23.27414984 36.63146332 19.81239469
 23.22622992 18.30970188 24.51236144 29.69566829 19.30336167 37.04879295
 21.92239444 40.48621576 16.39382326 20.67357045 40.38693928 39.55286586
  6.07010538 19.0266514  30.12010476 44.9992318  20.56387479 14.01300489
 15.68089723 13.7129818  25.16932988 18.8280451  18.62883058 17.41153124
 34.41337202 25.23612211 23.97186468 23.70546169 28.55561644 38.03817163
 11.53442643  8.03555945 28.05754485 23.42757976 23.09399304 15.67391686
  7.20369436 11.24082714 17.17823064 16.43655877 21.30399812 15.22601883
 57.00570169 20.19283645 13.4033784  31.07865467 29.85488699 32.77276425
 11.59839638 45.50209373 14.04438816 20.16634814 31.45411783 13.56786076
 13.40279102 14.88098347 17.06503869 29.50160646 19.78365324 40.29270475
 22.13200009 34.8465542   6.65839798 28.61391015 29.50051305 21.72403339
 27.39571937 12.69027904 33.68662449  7.67036521  9.23496221 26.80674925
 41.90200885 17.46089754 24.42829708 13.76255925 30.53548489 13.38612415
 30.32326037 41.70287455 16.30532871 22.95099988 38.05787805 24.94010596
 30.94553922 21.2301198  43.39083791 35.70122643 20.93214039 19.27560655
 13.21228809 27.28879924 29.46134488 32.46440157 17.51421766 18.83536733
 54.8498013  25.78048881 15.22895854 27.5257451  36.59728091 18.3770803
 23.9500185  50.72584717 36.8856507  33.59021182 23.38348948 18.09260211
 55.43920274 22.57111788 36.04380654 25.3342717  18.57475175 24.7348748
 16.63924478 20.39440149 32.98783156 42.97574173 29.73293666 25.93122553
 21.22782205 14.9243163  56.49056326 27.76378428 26.76666822 19.84682879
 25.19701791 27.19763129 32.4185445  32.89101939 28.80424428 40.2619455
 28.28928958 23.46359329 22.5653656  25.72402472 45.41638173 29.24217793
 20.64961933 18.00711382 17.33813702 23.96660846 31.3759515  29.45438368
 23.62007045 26.33585562 27.00075958 33.02616827 18.09559975 12.4552792
  8.01224738  8.29456857]