[23.01713821 22.12425624 26.59978491 44.48826491 21.78235874 42.5278013
 46.70142634 17.74433894 27.31244865 23.61156824 47.52245328 13.84089873
 12.6527614  34.96925642 29.19891982 24.2698402  22.63927397 24.303639
 49.36593879 15.18073687 23.2894751  27.13911564 20.54769844 38.67355287
 48.79819102 24.830243   25.51766602 21.66494161 18.83061317 19.66564859
 19.349622   34.27463977 36.61991024 46.33064736 29.07901571 40.6465811
 21.79675626 24.21860274 47.7721322  50.01381083 54.61001637 35.84524717
 37.03621376 24.14584097 39.13726757 21.66140167 16.60386403 35.57209077
 27.71536332 16.10074314 23.17133011 30.83574054 20.04329727 23.14792017
 27.64335144 26.69842234 45.18085725 35.57436242 39.3470404  37.83263071
 31.41385678 18.52512456 26.55817191 11.20892826 36.76474731 15.62467329
  7.78238837 19.27468723 40.10892235 45.15048976 11.60338101 12.61996849
 28.84503798 37.3572945  21.43207008 21.78176591 32.63837453 24.18105651
 27.30471993 19.42513729 27.59477169 31.11955887 30.41903619  9.20543668
 22.53667532 35.07617419 33.37492114 13.53311434 22.55030031 27.30431162
 15.51858173 31.47744705 18.37674275 15.47347054 25.68411596 15.95919852
 41.18947447 25.51246498 17.82591196 13.30298674 14.64495581 20.12573958
 32.76449479 32.80820572 27.50246352 25.07671363 29.8029242  24.78740383
 43.63550555 23.18887513 20.2659518  17.93698061 13.3923515  19.42898072
 27.03177082 25.93942764 17.51244937 39.54106703 40.95925733 31.68539072
 26.53139881]