[14.4921634   7.46306303 30.8238055  23.72759094 12.66713803 18.52739979
 31.50963254 22.67436225 20.41308084 12.01300382 24.5742816  36.37565444
 11.15865315 30.54804285 37.05327814 26.90708331 16.35918368 28.22440396
 29.16105824  7.75867324 21.6145103  23.66241091  8.251797   23.75188015
 15.63541979 26.46420677 18.19080733 12.67289058 16.60846786 18.27002406
 19.93471488 16.11613935 12.38105672 26.78091443 22.77120524 17.97448501
 28.8035506  17.17708319 19.9027274  15.85905293 16.11935335 20.75956853
 20.14501401 23.15570908 17.93283298 21.72842827 27.61089541 25.42109167
 29.5793911  16.37767903 32.50604631  8.10476285 22.73949852 10.94491956
 13.47931729 18.63300148 44.55366967  9.59964951 20.46087979 10.62824959
 16.79127583 31.35909137 34.73088453 20.16665118 14.86421054 15.58180293
  7.32219344 30.05567352 35.46466187 27.30134526 25.74926138 32.80929754
 16.50623881 18.52679225  7.85669634 14.68229628 19.06175711 16.27685569
 15.08501256 12.69077294 21.50747525 22.47903938 37.42389346 23.31309105
 22.92057612 28.5849293  31.98108948 37.15589242 39.26653938 39.33026822
 33.84795559 13.89480399 19.70233678 10.63031089 20.64192628 13.22190882
 10.71145659 17.52789919 16.24964654 35.18873062 26.42403704 30.06433037
 20.23811547 14.00591407  8.69716526  8.40795431 19.11217934  7.87626378
 36.16952992  9.00165343 27.56669305 11.34117362 21.84216944 27.95379618
 44.97860388 40.26543498 31.97364483 46.08654283  9.10212335 10.58947333
 13.88878243]