[16.20333224 24.06948333 12.85532521 15.65337781 37.78791015 15.58761118
 14.17851456 42.99394319 10.01909061 26.37598951 16.6579952  26.3274874
 30.26282521 41.02908704 14.50415801 28.66298169 19.21627788 11.40494893
 16.90954484 19.07307984 27.26190382 39.00117817 10.81114294 26.15500167
 49.61266798 19.90571247 20.35082391 23.5480253  16.61536032 13.73506266
 36.12101444 18.72097432  5.21676817 26.66539496 32.70250731  9.5880316
 30.24676841 20.39430693 39.10924829 16.64249368 43.5583686  39.76265555
 39.09434214 38.2611701  39.56354159 50.9345946  24.92272341 19.23635506
 35.95196014 21.93882546 34.61391098 20.90048478 23.24676131 29.43490918
 44.80462878 11.89477767 25.23767692 21.86717028 17.02040688 31.05981847
 19.72007605 16.26561414 24.12825207 50.07469349 22.19917775 43.04368191
 21.22004453 18.37339775 22.72160602 18.67671288 39.66017249 28.13452926
 13.85644796 12.5379398 ]