[21.7890354   8.57423022 35.55811626 35.22586167 14.58428384 12.77488389
 13.13532818 15.34357185 42.55367433 17.68009379 15.1300273  12.97462787
 20.57366521 18.67312212 10.34680272 38.00069161 12.98376431 16.65853685
 15.52422394 27.53435661 17.63878361  8.38549298 19.17873839 44.71840322
 23.36138056 22.28639605 20.19911323 18.94105353 42.42384199 14.5460846
 15.62180005 27.4987421  17.63220504 13.65018514 17.01244877 21.50372304
 25.88053615 19.62858438 24.07658251 29.59445541 30.10539589 19.33169338
 23.39085619 16.14964784 25.67035838 37.28160564 14.33817542 18.89869146
  8.68752326  8.76661085 25.47095492 11.65558512 45.10644466 18.49760955
 20.32643469 30.24959269 14.79893304 21.3302516  17.08297443 15.20093743
 21.58190906 13.68659614 21.04103439 13.79390576 27.78579986 11.86027077
 22.6327921  13.66976714 27.50912954 29.67601468 16.88628643 30.59645949
 19.9256767  19.48068648 20.30114949 15.80854567 11.97372966 13.6115455
 30.85010565 30.09634325 12.91534301  8.33412318 23.77109824 22.40923702
 14.60444449 12.44905365 37.503604   20.5816893  13.95965349 31.3316327
 13.46724997 21.74844824 15.53014361 23.19208397 24.48286316  7.43635516
 11.16934554 12.8731234  17.54510862 15.48304443 17.70045576 25.18717912
 37.47814853 29.57441908 15.84911452 26.82308271 14.59385351 17.78138065
  9.89679236 17.4618651  10.20900691 22.59640879 16.39802888 23.45843641
 12.3846607  31.89747847 45.72410673 21.08261802 28.77179166 29.42953647
 21.26377824 45.9258317  26.36251595 12.997768   14.09098031 41.68687748
 34.68209291 19.40543333 25.99576842 20.26488781 41.69806015 15.44196268
 16.04794441 26.06993252 27.09343766 16.94141974 38.41623684 12.84712215
 22.91821865 14.13173434 22.23012886 17.04542622 35.30788768 22.05933857
 24.43768678  9.56148401 12.55442608 19.16198164 38.16229817  9.98507516
 20.99171229 22.33075229 15.90414592 22.9328392  32.5831638  32.44618741
 16.52856446 25.06329588 11.1243218   9.34833067 15.94999236 30.85801762
 13.51727119  8.70015415 16.3810548  14.54565071 45.52992989 21.33437724
 18.43280644 21.01820626 39.46260672 42.32266809 19.3325857  23.25547979
 12.64124707 15.52824081 22.73529576 15.63190647 20.60286376 15.94670111
 14.03986996 12.40316962 13.70262023 14.12924647 14.57204091 18.19863642
 30.1283116   9.36821416 18.2165398  21.50974946 13.79194626 17.33816433
 26.8874527  20.87687156 18.88210935 36.57337183 17.6380658  13.35583978
 15.47981663 10.71742816 21.62699711 17.46794283 16.14766209 36.19176563
 36.30058962 14.61237531 20.52814671 47.58382453 27.89158627 23.54987612
 31.49677242 12.37628709 15.13756998 31.21763074 20.40819339 18.58889838
 36.20919025 12.13632059 18.95179363 16.2848103  14.40672197 22.49668605
 18.90634179 21.00625454 16.4137933  47.5511901  17.34478332 16.36488292
 19.3972971  17.80828614 20.69910906 11.38958742 12.82265346 18.84815783
 10.43939465 31.5383568  20.05137222 18.87131818 19.7021568  32.27215442
 35.42123322 15.22684687 15.74618366 40.47771018 14.2817583  13.68034468
 21.823685   12.89364694 18.44970585 25.83282753  9.50123769 23.17685287
 21.71062203 19.68667982 37.15189119 13.7051356  15.42726612 11.01693286
 28.52641672 19.14985839 11.30021067 27.55483434 15.41702725 16.88563496
 16.45492595 22.46200102 32.44040952 20.01183357 13.72135423 40.67578903
 17.07515455 22.27463207 24.00760356 12.15696727 31.34316372  9.72117001
 12.59364445 17.83275313  9.11047843  9.61161248 24.98590432  8.00230079
 20.28654643 14.44205726 28.10530231 15.88563105 40.20958418 19.89246037
 26.27159453 23.19313316 14.1471428  22.80338413 29.43969627 24.6746159
 15.62112346 17.61036461 39.00657876 19.88364412 24.51688454 17.12641854
 15.77537311 16.47796974 32.34653791 25.20879972 13.52891563 18.90015681
 21.40962064 22.60542936 20.33726777 39.24948576 14.42144785 15.7886724
 22.29897522 19.41279251 10.16244767 10.70674269 20.8764637  14.81543878
 15.92188038 27.37514758]