0
[18.29384997 10.13894308 13.1791317  21.35182124 10.33621849 16.91490602
 30.01547867 18.11516554 21.0976533  14.07542222 37.20652436 14.74377518
 26.68464776 19.22267582 27.83466872 14.89261108  9.17858524 11.52685511
 12.95884582 14.2555359  26.23510752 17.35736496 18.00342033 28.68152928
 25.85833589 24.0812969  25.80782107 34.90177818 31.37232943 15.83099125
 10.07546478 18.45516118 11.10768598 20.23988031 36.29707038 13.64343324
 19.60097006 33.73886881 21.38975266 15.41590219 16.34075062 18.19204922
 18.62689666 18.60312287 24.92553745 34.7586798  14.63627717 12.38858049
 16.59013313 20.72527211 26.57970671 15.42778569 25.57834086 11.1720752
 13.06486595 16.88008466 31.1618088   5.83505243 24.6027317  10.25704701
 17.27537439 18.0102757  21.23453646 13.5535108  17.54545985 22.06973271
  8.54069749 13.98394108 18.43960242 27.59520128 15.97989612 20.1640056
 12.9704825  26.11380947  7.85074342 16.48979286 37.42868976 18.00403717
 11.36015014 18.9785121  23.62426004 10.43199035 24.13594821  9.07434967
 35.47093444 23.29185079 26.1832668  18.13073791 21.96946267 19.09165849
 16.58910775 11.53560905 11.32284144 25.20104249 11.56318266 19.15826984
 22.98772404 10.97860484 31.05720874 14.43266763 16.50039409 24.99548925
 17.32961607 15.48741267 17.03310408 26.5015078  31.86251819 27.49491073
 43.22845954 34.53504553 15.95775803 16.91364848 21.41276185 28.93867216
 21.91493157 18.05906579 17.65586225 21.82936896 10.34301784 26.07247373
 28.14423989]
