[11.04215994 21.16513291  9.00093667 11.51009284 10.3291858  18.03513313
 18.22022018 16.84499139 14.10269812  9.61052674 14.54444426 18.01272355
 11.2475177  13.93654111  8.49216081 14.96676446 11.40241425 14.63955397
 18.4520219  23.12343668 13.5517289  13.8961391  11.8745469  22.4068253
 12.57930532 22.07777003  7.44594039 10.06396053 11.15270487 24.20510904
 19.74107821  6.10194176 12.64535602 10.50508134  7.81539751 10.08005275
 15.52220711 29.54545981  7.68588083  6.20514635 11.73290749 11.90271958
  7.00434464 15.4901269  16.5743795  15.77514049 22.2420345   8.14322543
  6.80076328 13.38698682 21.53211788 13.34457987  7.13857654  8.24273618
 16.72782832  8.63772124 13.3106988   8.15998506 30.98036505 10.00475641
 13.66933906  8.74372179 29.57678431  6.46576563 20.08426522  9.82502846
 13.65413086  9.83433906 14.54098745 22.72383459 14.76226951  5.92067573
 11.39039037 11.63352645 21.06903419 18.74670617 11.51042287 17.32804043
 15.01237939  8.21646593 28.87823324  9.68902426 15.74116857 11.74882985
  8.37406553 16.98500638 25.92332168 14.10940846 21.40396291 13.20876005
 23.43059509 19.30565742  9.90242686 20.14135388 13.36234411 10.45174925
 12.55795253 15.00304804 23.22012659  9.45093663 38.70316112 13.14984538
 10.37193084 13.56424988  9.4800802  14.93286192 11.20359316 20.45396968
 18.63352173 24.85165309 13.48191988 13.79694702 15.24876919  7.10663853
  8.82110748 10.67418975  8.29228821  9.33067953 18.95314776 12.90987065
 10.96693913  8.89743796  9.19874055 14.01626673 25.03506176 11.44593906
 18.74823666 16.73733522 10.80128508  9.68942371  8.06753491  6.69843779
 13.38571074 23.94018064  7.42040755  7.88182085 11.84912604 13.90845176
 21.72319969 12.3480209  29.14017439 10.03811435 14.34052733 15.93277317
 16.70393366 16.27031124 11.18761416 13.51348463 12.09463359  8.54710367
 10.00542314 15.66690993 23.2852259  12.17005704  9.56464918 25.20168486
  7.95365556 19.41600344 20.08820546 12.19822005 13.7980143  21.04254679
 10.9485583  18.75960668 10.32822219 13.60025379 12.18240049 14.99375312
 27.33984542 17.53359867 19.06417085 14.71154929 19.65273144  8.10952225
  9.11573034 15.92472226 14.17509603 34.96898856 22.12807048  9.70491432
  9.47107202 17.97547573 10.22050166 11.25070776 20.13056492 22.21734669
 26.69348327 30.52470624 14.26553413 22.10950311 25.62356936  8.69096413
  8.2625114  15.70553176  6.52908136  8.47607112  6.61097173 17.7491783
 21.55012277 12.53745561 11.85173897 12.98345049 16.68992383 18.45697281
 16.07613641 10.95387354 17.14984719  9.25289148 17.21526858 28.61361908
 16.06281388 16.38651654 12.63558547 19.6893741  12.5637559  17.44581194
 25.06552731 15.66908499 13.49277091 14.85328247 27.39908782 14.21777284
  5.97491831  9.2409253  18.65351264 15.64244859 12.08458515 11.35828207
 16.69466007 15.20427433 11.65050735 16.29929969 10.01178578 16.25220391
 12.78363696 12.12014347  7.77557107  8.91243321 21.10933899 18.55195421
 35.9484929   9.37541173 13.05969065 12.08411605 16.37607006  9.72862798
 13.41442521 18.87116045  9.35774797 12.32407476 19.67660869 11.93569755
 10.7399876  23.05309066 14.35379747 13.89539317 19.66035288 14.88403313
  7.52621239 13.90302829 23.32615334 10.88636123 15.73655337 24.15970821
 10.96497725 14.02458116 21.71428909 14.69902206 11.50471847 12.18668549
 13.58308857 10.95609151 16.12115973 17.65769405 14.71643654 11.22414205
 20.41940571 18.12466135 13.43376016 12.51005143 12.37937026  7.91566715
 13.13366701 19.43961812 11.14617914 10.12374882 14.524136   11.1656401
 13.7326196  14.69790506  8.28676865 10.78995676 14.73675611 25.32964969
 12.43338408 14.16687048 22.46309413  6.29196439  8.38251639 15.9389041
 13.63172488 16.73849621  9.23674793 20.34417597 11.54389155 10.18924171
 13.92614093 31.53514159 22.15688522 22.67478976 14.53894816 21.11822718
 20.17543661 20.11711052 24.32965821 18.66300736 22.9046884   9.21699536
 13.19171712 12.15321854 20.29492602 11.07386688 11.59440349 14.36724613
 13.34726548 10.34825404 21.43071708 10.62185323 12.44490369 14.30406824
 10.83139492 20.75576042 20.52006244 20.96708444 12.96750443 13.33484485
 11.77234019 14.72277191  9.88285338 11.95102516  7.39576751 13.56191729
 19.45721079 14.50696946  9.05431863 11.15665676 12.57250641 16.25279586
 31.2271627  22.44133008 22.94110848 14.49159    12.62976786 10.5193899
 11.95177571 11.66583543 13.57170843 10.05076446 15.56985686 12.57326936
 21.94004363 12.20022614 15.77905141  6.24790165 10.99017055 18.40048752
  6.73263962 20.87081842 23.75050425 11.61200595 14.2973065  21.81685752
 14.74987987 16.59646016  9.75824947 13.06014662  7.43038421 14.41104416
 14.87738028 19.40447837 12.55003275  9.11552114  8.63723025 12.03128533
 14.00108628 22.76053915 10.84332936 19.92104064 27.98683596 16.55334141
 22.56417468 13.26171244 21.85675107 10.54972198 13.79175022 16.04212729
  8.76153788 13.07041164 16.14639367 11.49012604 13.5905243  17.74273198
 15.79437254 14.52553553 25.1611671  10.77541847 19.8834695   6.35914859
 16.61782134  9.78427296 15.48312584  7.23062114 15.65179367 16.40919912
  7.06898809 15.79140922 15.35592693  7.94188603 19.33575859 29.29903308
 15.58733845 20.55252736 19.94076907  5.46738441 16.73949647 15.66126127
  9.32879189  8.94850438 14.45664638 12.53814097  8.9399808  16.43198541
 12.69058184 13.36842943 11.72278984 26.09595122 30.99390125 17.70149606
 13.69669772 11.76396237 11.12998552 14.84399335 17.69955432 19.57335546
  6.9148476  11.6711507   9.43251343 16.85378359 22.93954893 10.39739256
 16.6732398  19.8000069  18.00282236 11.21978121 27.6185731   8.90119379
 18.49684403 13.67497582 18.1219268  14.35639577  5.92075463 12.19037506
 21.55590507  9.78236962 18.3975999  12.69936549 10.93174671  6.42013708
 12.18495701 19.38552278 19.43363014 12.9729844  13.70440813 10.39618148
 17.22072923 21.64745277 18.22884576 12.27492877 12.51493931 11.65392613]