[13.32727445 26.70973618 29.8077788  28.3356487  25.69781011 15.29689717
 22.0053997   5.28167283 43.14784736 36.72905644 37.25431818 21.50212688
 17.60834147 17.97266856 11.66776164 30.02634811 20.70080051 33.58287566
 20.74508963 43.45414241 20.89386583 19.58027096 26.69969057 14.13039538
 22.69323676 23.01682984 34.1104733   7.57816984  6.3460439  21.9047266
 23.30926884 21.72492676 28.65407435 27.84288475 12.22501521 25.81215813
 35.31014389 49.53488476 26.41633601 42.80971926  8.35860014 27.60015434
 28.62792433 25.07176519 26.89204217 19.63385246 37.90629837 16.36828313
 10.27109439 25.62184078 25.31328703 27.40007231 17.42761742 23.16598911
 27.08947027 17.77303125 10.24539232 17.09021801 24.41128574 20.36170894
 23.83046322 19.22429709 33.81604607 34.6302136  42.77329679 39.16694281
 23.38965769 27.84764309 23.31367093 18.8636578  13.70543577 18.01850969
 27.51000232 22.13857187  9.81270858 42.16055857 17.24281624 49.01842015
 24.37960403 15.12885431 30.8362841  26.67103821 45.20788778 26.23024417
 43.27663529 30.78735721 27.3909487  26.85210607 34.04062233 11.29974854
 35.45545131 14.13286558 19.65423815 24.60657773 29.60071474 16.33634815
 32.48257027 28.88601632 29.30399646 39.06607043 29.68862347 19.98307595
 28.12453    37.31351084 23.39566824 19.5250418  19.30338419 18.80289221
 20.31813184 16.96774088 19.36672505 17.80372224 19.43911568 15.21323213
 25.32622448 38.84550124 35.73404013 31.06270643 29.77099736 17.37755006
 23.49747424 12.9548936  22.90267673 34.79208636 37.46024128 20.78936118
 16.62935515 18.3805851  19.06556984 24.91049122 22.77663394 40.7693112
 38.30545532 26.74859618 33.40611789 15.16105131 21.9466712   6.9716682
 27.69979502 12.58161377 24.55442724 42.31264412 12.10624518 14.22150442
 17.10123612 14.33022212 23.23443786 24.13800917 25.51068197 31.10698889
 46.62781788 11.80781936  9.13591388 44.72596741 39.07525884 30.69357704
 12.57592698 20.91065251 18.247395    9.77016844 14.46642182 34.84468279
  6.23647953 34.63887496 11.40570474 16.98728479 11.73260784  6.35727004
 41.14545186 39.78860045 25.59311638 30.24450187 22.9764101  21.2147591
 17.49770417 41.57835555  7.9322003  23.62007774 14.40381792 15.18048333
 19.60914513 26.30737749 30.72384183 14.6570482  11.64142482 36.5218765
 28.90071725 23.68768531 40.74136912 20.33347653 16.77525394 23.19474229
 39.18581983 12.10156398 31.56932984 16.70070897  8.18750213 20.12744614
 17.40373701 16.06316947 48.48037984 29.68383218 31.42545234 15.84108449
 36.94921475 33.36316533 11.13478465 12.27181254 46.97089955 22.44598575
 25.80939769 46.00641108 34.28817715 28.8872067  30.67419069 33.11986344
 21.96769974 16.59005366 27.91040996 21.17928574 24.27999807 41.57485983
 43.31689886 22.32628174 14.86745667 26.2790313  13.39105648 11.62869626
 19.27673513  9.14561944 43.75293399 10.88574706  9.4723355  18.84314251
 18.87014654 47.32090551 14.5864804  19.44334727 15.32480311 26.18393601
 20.66174087 17.18561999 21.60114674 30.73930202 10.75440501 29.98685322
 20.34893872 29.00490526 30.47108735 12.97722108 34.78055565 32.17037186
 31.99428401 34.28703811 22.72023773 16.22828658 39.34234224 22.60745929
 26.6686216  35.5059934  16.12733457 11.39930909 21.46106858 24.98000897
 40.94539282 15.07980106 16.38439819 30.50372535 12.24727583 16.45115752
 13.28816155 25.2978697  16.97233081 38.76358742 10.28857137 14.12916222
 22.76883247 21.15055801 27.2700971  27.92588411 18.93616392  9.49842592
 13.20227128  9.69841689 33.81557704 42.30840967 14.01300815 22.84583016
 38.53493545 38.75109686 18.70438345 25.68011937 21.93590816  6.64149418
 35.00949788 26.24670709 10.5393451  13.16997966 19.60986196 29.66414118
 12.65704962 27.92433251 21.7604197  27.62905228 31.48071425  9.08620637
 23.52132499 31.76788375 18.73502332 19.98355078 22.73091713 25.17647316
 21.16304623 20.85394786 27.92432209 38.80439467 12.83686207 26.37509132
 28.9920514  14.92729972 22.56242379 19.54064684 10.28231022 22.94142771
 17.52601431 33.67906676 12.43818723 22.95927819 19.45785379 14.41305844
 28.05695909 11.88055528 30.27474754 30.8496805  15.93879623 25.54814745
 10.22544371 31.45498724 22.4281331  31.56044386 22.1989588  21.65339429
 39.42404924 13.70017643 19.84069033 29.23801113 23.92514749 33.55212063
 10.68345799 18.65084786 27.36680051 11.1752927  32.20601998 11.76303592
 30.60599079 14.91998954 35.33445332 47.99327406 22.34263035  5.78470205
 32.84945436 22.85240499 23.48393815 24.74732586 27.07816339 20.14277365
 23.45562841 39.98842641 22.17060857 31.49689907 37.89878586 15.72480444
 39.55602351 43.88954398 22.88691338 30.55627284 30.42705635 25.15781867
 12.84091135 23.76982974 15.32522192 17.56050315 15.86306292 32.37719813
 14.32340536 25.71230724 11.03774396 46.36820109 13.72301781 22.56677435
 13.88649024 34.45320087 17.69734556 27.62552978 15.90282105 29.35225197
 21.12005009 19.69072137  7.84037114 10.35291566 24.82347696 33.9754579
 10.26872372 14.41686975 36.35071056 12.79688024 18.74992909 15.1321568
 21.91885962 25.88738457 20.95752657 46.38323262 26.04769291 41.31858046
 12.94180251 31.20859179 23.80337657 29.94970809 40.48114175 13.97369358
 40.69392815 26.44892692 35.67909224 17.27743467 29.13166301 20.42753515
 18.49753417 50.98282336 23.0192608  20.75431657  7.36785216 29.34265074
 17.07900126 12.84218053 25.0253483  37.86719864 13.31998355 18.34154001
 28.71194957 16.61033203 34.06823623 20.31557517 17.34160524 30.6065425
 21.52008848 18.50572775 31.73427851 18.63999289 25.15366945 32.90501789
 14.41933599 21.76022711 12.18543268 36.03745175 15.52923054 15.58508748
 13.31370572 19.56679076 24.25870245 20.1848329  37.24291427 20.3999015
 25.33363769  6.39469611 25.56746563 35.26532339 30.12838021 24.45930419
 29.16805427 21.07152976 17.81847324 30.52492394 15.70199313 19.13686742
 40.9493923  35.84288182 33.25794942 25.28893987 32.11529828 22.51549468]