[29.07883191 21.4855415  29.65522796 37.83881678 16.9308639  34.71215858
 33.17900276 21.99344854 16.43884747 10.81590979 33.25937867 35.38887649
 28.51214421 34.56368858 13.90016853  8.35526062 38.6725876  39.82584505
 48.91556656  9.72676498 15.08510615 39.32402793 10.29785906 11.28008147
 27.59911042 17.75340234 26.73770559 15.29052303 30.95611317  8.32640934
 15.09744773 20.90604701  6.24966312 16.89087342 35.56882917 23.17388287
 21.31553497 23.2083357  35.44660823 17.30553751 31.74318091 31.81601477
 11.32247723 31.91395908 18.2114064  37.72585974  6.45779312  6.56368125
 25.03232226 31.1047361  27.77195844 22.8101962  26.83773956 35.73826124
 14.42766456 35.58262354 35.03071525 27.12398444 25.20405786 17.23160267
 29.28436389 25.80716141 34.04483651  9.48726184 11.98966002 37.95007511
 13.41046671 15.9881689  19.26038064 37.30839823 20.22659193 35.43886296
 20.7733961  15.6596777 ]