[16.98007352 12.8748477  12.22428494 17.99582136 12.89997035 12.22151196
 20.06444518 19.48136724 12.4105543  12.84187064 10.62304793 10.42111844
 16.10681467 13.88283508 17.91975493 10.54218247  8.75294946 12.37127951
 20.61847541 26.23219562 13.65483662 12.71896341  7.87968062 17.21333767
 13.21359744 21.15192737 26.16076012 14.408221   32.70972588 17.72968212
 16.44739289 17.68439414 11.68577768 15.52112226 36.43336162 16.38004582
 11.06836835 19.40852841  9.9079722  12.40446353 12.22637406 12.14768787
 14.12453814 13.62579391 19.96984004 33.0949042  12.44575862 11.18376939
 13.07129611 11.43837991 12.14049854 15.27081277 16.46680017 12.80920277
 12.39316328 13.25427491 20.70747138 10.39403786 17.75057391 13.25867588
 11.60384004 16.77547306 11.56393594 10.52037923 12.36130702 17.9748219
 11.23116302 14.37185636 11.57486482 13.49742607 14.56400241 17.28966164
 35.44831392 19.01084525  9.81145388 12.38534864 17.16916118 12.24471593
  9.24112088 18.54904334 23.10506775 12.30060271 20.59328842 11.49583526
 15.99009818 17.4412033  10.70157256 14.99266688 15.33099305 14.40381737
 20.45498269 13.09581911 12.24308978 20.27619366 14.975612   20.31972871
 15.26628525 19.03579416 10.2253696  10.32106618 14.06919873 11.16232139
 13.7473472  20.88831755 13.19785417  7.48823414 14.1723414  20.2882528
 11.92316999 11.1440293  20.31698883 10.44831333 20.71942497 22.67544458
 19.80901266 10.07998084 20.55005779 18.20492407 13.11398668 21.41759263
 11.99311179]