[19.35976559  6.88186231 39.97709514 20.3147003  25.40898659 16.36890359
 18.75554202 39.40469997 20.15481626 27.11206021 20.29937094 32.20333666
 24.06420968 49.15904608 24.18984438 33.39677564 23.21216343 28.37338282
 14.31888524 22.23259908 11.21149975 21.38833665 23.08278715 38.84347652
 17.7583029  10.7588353  17.12014098 47.71456741 29.98568209 24.39302482
 22.23767701 21.42412582 47.35387809 37.77100172 20.52687856 20.92104795
 26.04862297 36.27020093 40.67720907 17.8789093  48.37443973 20.18055093
 38.06325172 30.8216468  24.73334553 21.50530671 11.62046889 18.64784367
 13.42328013 13.24811328 11.77684865 12.42580949 34.13773972 16.22589944
 42.46213855 30.12202339 16.47756087 21.6541269  44.96222004 18.98613173
 20.42111077 15.04845258 18.26885712 32.93056862 15.84190781 24.44631694
 24.73405353 13.51185003 33.03102525 14.76006658 23.9343273  42.63171328
 34.91624098 35.81957849 24.33783268 45.56741145 42.96460404 28.21101204
 15.47844261 15.26050403 40.41560097 31.37685887 34.81565665 20.04612413
 32.57847923 36.58298658 19.40430672 21.03256515 18.14253431 16.09202271
 23.44851934 35.20041211 14.96838669 17.93499461 12.56450932 22.39945981
 28.52284401 23.77467585 20.32618761 27.45163137 20.95785146 34.24263968
 41.7950285  23.86811259 33.47317445 36.24824758 22.07384262 15.28015958
 13.61449451 38.04524894 22.99456556 20.92464173 13.96790597 17.71164336
 18.02710911 11.02928538 14.63643046 15.8169082  11.06647234 25.67384764
 14.13812168 11.51987726 21.15446042 20.00559715 46.61956794 24.38539199
 21.74261288 16.10652428 32.48020196 25.6921859  36.29142766  6.97200218
 14.45470856 19.12256231 20.48600642 27.26706963 39.87350504 33.11614119
 40.56660547 24.4599784  41.00768434 41.10483648 16.19870284 23.80827387
 31.3186088  14.49171486 33.56780523 19.00226767 43.98112447 26.52364019
 12.7551247  23.76333811 17.32117068 19.23475748 31.34974588 28.33641713
 33.18312021 16.63371581 25.13311121 50.81922022 16.68667144 26.44886163
 18.7216983  12.45167407 29.26325637 10.83167439 30.20457981 32.03771888
 36.71268449 12.43368601 21.45111686 20.16313141 19.3046965  16.27628333
 45.61151756 17.74724374 32.04414281 20.41551184 26.25114223 19.18308393
 18.1904414  19.69819255 41.49577485 21.05906138 26.29854073 33.35103274
 22.15076463 28.81571549 21.29795688 15.46361657 26.05968849 14.2370342
 18.8057897  18.14940723 30.91163885 33.82346699 44.78597805 17.48965895
 22.35062052 28.77054857 25.19480244 20.15223165 16.00156491 48.31197204
 18.63823632 21.2831818  23.10809627 14.98230635 19.05541976 22.47458191
 18.89527163 25.69517982 19.08778096 22.74291954 20.25745782 14.80467363
 22.5951196  15.0157089  16.77715541 29.59724438 15.11069799 21.04820308
 21.48759394 15.62269221 22.63841975 20.86971943 26.54520297 15.90434265
 15.94766607 35.9032634  24.62158748 18.44244598 29.86073534 23.6595635
 35.80176719 41.90855559 25.98772904 36.14717801 20.59308772 17.30702107
 18.25650703 21.5352673  25.84068876 20.40813738 17.88284611 25.76044157
 21.91496693 16.36293072 26.98133116 13.40824824 38.47433992 21.35678543
 33.52731979 14.6823803  32.78667279 32.86472698 20.80057916 22.18840397
 38.65194029 25.23356106 19.49835512 25.23138696 43.38348128 28.37935127
 30.27729044 20.07540459 16.86514895 26.48755457 12.60942044 36.05715073
 45.47057267 28.44177157 22.87341451 23.91250394 39.21991303 24.36290238
 15.96662677 27.31071601 19.9483017  14.38185316 23.9413175  28.38533521
 17.84698644 27.05834878 31.88473608 34.29298547 28.50704867 12.71571988
 31.337194   15.94897461 21.46139971 17.77471253 27.80210868 41.82096329
 25.71708345 19.75474217 24.49713092 41.39768074 28.22371575 23.45291552
 24.78679212 16.78551866 24.63695724 24.47571899 22.18242772 30.06908749
 43.65621112  8.15035455 15.58950735 19.81455054 37.94233219 13.96193611
 32.1285014  24.81052364 30.41410703 14.73613442 14.84782887 13.34777169
 21.86733958 25.55421051]