[25.75632298 16.40425686 36.75655296 23.29714978 36.07631673 25.49774719
 28.58597412 22.30716826 25.40062337 14.29955172 26.59335717  8.17710831
 24.07352724 28.37228948 31.31404981 17.09528817 19.18722443 26.57491209
 26.64249237 19.61424654 36.14405026 20.5936514  18.5409655  30.49792913
 15.34843545 18.15727809 23.04292466 18.14964321 16.33114427 22.0718395
 25.13264838 21.91020099 25.90033194 34.76137248 22.95869682 12.73649705
 27.60448788 22.61593268 30.57371848 19.2559727  15.24070799 15.45139712
 25.01103838 21.85542087 21.69239828  9.14520422 23.49828713 27.26617743
 26.70476396 31.9209742  22.85344216 12.39517094 22.26125127 12.14896046
 20.16006946 22.4227114  44.1746892  10.24804471 18.87976874 14.27480578
 17.86911433 18.63553792 17.90555053 26.93918689 18.31431336 21.48969717
 12.69996507 10.81882875 20.85377687 31.96914547 17.82266135 19.65086034
 26.16280449 24.73331039 19.0382824  13.51833717 30.19740281 21.76095036
 11.59435162 24.90369044 16.52339395 14.16993385 11.13743165 30.33797632
  9.48576651 25.67781333 21.60796762 29.7130337  22.91170446 17.45612317
 18.19219469 34.47145964 26.27546854 25.6790474  24.32507499 32.20735278
 18.13408776 20.24184364 22.74977442 13.29497602 17.14029133 20.56183298
 22.44034002 22.57510789 14.64326332 29.14005744 18.62696232 15.84144847
 16.42013676 25.16160481 27.14950586 12.51701146 27.23821079 12.39886754
 35.77400246 14.51789857 20.66812059 30.53011259  8.4605648  33.01329349
 25.22401685]