[35.35812545  7.08490229 22.0063283  16.83889338 28.59573163 18.20905356
 29.65019028 31.50118873 17.91550104  5.28301834 37.63495958 49.03757679
 17.01762798 40.52502415 21.92494637  7.2294458  24.28140642 38.02899401
 33.98939259 12.59429742 17.11944032 35.78293258 12.22263819 15.91525741
 24.24673228 13.48856474 31.33546176 29.78601696 41.34551164 19.35352474
 23.99203958 31.15093347 14.10168033 15.90802891 30.11554118 29.30013537
 21.84403272 18.18722634 35.74753512 30.24458898 37.97718001 34.51439125
 19.35758376 19.51716442 22.92193169 32.86457321 15.75312976 25.77831643
 36.50010492 37.2944124  34.44132315 51.95177035 32.12619235 23.82550347
 13.59325914 16.64546446 19.01466093 51.43372405 21.65168952 37.87911898
 36.29305769 20.90269    19.62889384 33.6635899  21.25747348 45.723973
 25.89567008 52.94329334 38.99054867 28.54228846 34.86629628 55.61123119
 24.63144141 40.76993131]