[17.04350929 34.44157851 47.88486989 23.13179751 43.46451459 36.4305055
 23.12759455 29.85533553 50.95604084 57.30661446  9.66253215 40.2806518
 43.7161935  38.01443755 32.3928693  19.58130168 42.51247782  8.668847
  7.43929144 42.46442036 14.19560923 21.99810121 58.17626769 47.90883822
  9.75034143 16.38766784 27.67591699 46.25232004 17.72812069 45.25214451
 55.90303968 53.40415962 29.74115973 12.25382571 49.96625658 38.26456034
 36.1865531  27.89773299 53.66808034 39.21208352 10.04394517 50.34636563
 15.39723431 44.7365153   8.00976304 18.59680009 26.99233451 58.65669024
 26.01201493 26.06775658 53.49989945 39.38366068 44.14380567 52.25639965
 14.44631915 31.1021606  10.3790212  48.7694171   7.97420197 17.04166498
 13.38299867 48.9135812  19.62776413 51.46760436  9.35707261 52.80869441
 22.70139983  9.26260614 41.51195866 27.97521099 48.45374811 29.78059737
 55.71703302 34.4826864  31.75301285 31.79209117 42.58429061 19.66205129
 54.14698361 15.3396404  57.74742518 20.40329682 46.514011   51.6373048
 58.04026499 57.58796842 35.78458934 46.02484514  9.94037589 17.37138108
 19.65291249 11.57307595 10.76144724 24.99408324 46.14336016 30.76640596
 58.26842577 43.39889272 57.35443231 29.1531984   9.34563642 53.96986879
 27.68642946 59.08544724 41.23785173 46.59877126 53.46518221 42.36382256
 16.30575934 48.41851088 19.49148747 17.23894898 46.3535653  51.09368887
 45.74074187  6.69860562 56.1906907  49.42247287 19.75676224 49.54419549
 20.45075036 52.60867329 37.96042721 44.8490975  22.71048813 54.11171646
 34.75296246 43.51534987 18.60217586 56.63154066 36.55099596 16.78469959
 54.58897651 56.11534468 54.44897006 14.53844255 46.71788715 44.03347473
 10.80916876 36.47823754 39.80559316 17.90294331 43.7613236  40.80088849
 35.92565367 26.77329838 28.36326437 13.29306945 13.6258676  57.698973
 50.31273983 54.92201834 54.24481547 54.19793518 20.39183976 36.24246496
 15.53075684 53.86704619 48.23063807 28.71328165 41.98465316 27.00509307
 47.04398158 30.7870802  44.11702572 22.6232702  14.54141137 31.99187521
 36.46745082 56.59505788 55.24962625 52.26078411 45.10822924 39.19648494
 51.73782094 35.73802164 38.89981736 59.3890152  25.60449087 55.12233848
 42.86409192 13.04610689 50.46707925 34.70113303 30.55829584  7.89686421
 50.81074156 38.20465204 32.91918964 20.67991436 48.06003926 39.49174597
 16.40658557 57.19982138  6.5955806  18.39408248 42.12082934 28.73918514
 47.46310335 48.57012347 43.70518248 17.32455846 44.1293967  42.46309823
 49.67287767 52.88787003 29.305896   20.74766974 37.10524303 21.11975466
 52.77941094 44.80710575 12.99781885 52.15194553 15.18701714 19.85702377
 58.72132901 14.64124137 51.78751417 18.02658566 13.35701643 31.63485012
 31.16747062 18.76469583 24.23581622 50.28718837 11.19206446 22.44934819
 34.93946747 39.18651727 21.44018955 37.81370634 44.24618193 53.89354094
 34.79063838 35.5838705   7.9528343  56.33597452 15.7231626  27.39679456
 54.03610032 57.06877125 36.06277439 52.92454254 23.67490683 10.71526589
 52.01174143 20.97509862 22.63958633 35.62140381 40.07456697 28.6352924
 15.80863185 39.37540461 45.09378722 24.06363621 34.61635812 21.80659741
 27.92629619 50.7060816  58.49547951 35.18131117 18.49988731  9.59686722
 45.44325121 59.71232764 39.49173992 16.89019034 26.42971322 18.10015085
 34.9082792  28.74102046 55.55760976 57.72314249 29.09774732 35.77638752
 22.58827641 41.29709775 30.2998108  47.60734033 28.44202457 50.27401569
 35.76702704 40.97247817 53.90091973 18.95913453 35.36323294 45.90089883
 37.87401806 18.91770681 31.25206129 26.81734122 25.58184089 11.53851482
 35.06875517 43.36232174 34.01951297 21.66960961 51.50052375  7.31643727
 13.09705187 52.27286286 10.02383016 30.76043877 42.38520089 53.94957192
 34.94402514 50.06380522  8.91427705 25.79140248 28.99966344 56.61958674
 12.14526091 49.95784771 34.68464155 16.85236742 45.51432152  8.62871272
 52.96855814 29.45993643 18.54401501  8.76260081 36.89026526 32.16143736
 28.5488054  30.32999048 34.24967857 52.64082149 15.35265174 29.87420401
 32.74997888 53.29938775 39.94127112 22.73928149 34.43042382 22.04279863
 50.0824772  50.41963268 29.49445085 54.59429273  7.22308671 53.67597261
 15.4325058  21.88345768 50.18409546 12.75497107 48.2642715  13.78812646
 53.63794466 54.66078944 27.61127017 52.41025205 13.27549874 52.73225172
 37.72905219 20.54785259 46.93352196 23.91796881 33.53689327 49.30321961
 32.27895882 11.4204714  24.08556498 37.56797625 41.35854029 38.26969946
 28.14957704 47.69415592 37.740221   40.73390422 44.5639021  26.10944402
 15.04072514 46.16386887 38.25165578 43.92398666 43.59555102 35.68865509
 37.7303434  47.28623858 43.50700863 25.50616503 22.91840871 49.54757074
 24.17455773 39.44479655 38.9166492  55.01960899 16.54185911 15.13089598
 41.97547962  9.47440603 30.33776123 19.76839925 26.37493031 38.07051982
 37.14768847 30.00288961 26.3171203  40.70088175 40.99027495 48.59883878
 39.68880188  9.52696925 57.54652683 22.66506093  7.89538788 37.85885987
 24.93151429 15.55248345 56.33212733 58.52066966 16.29135224 24.89073223
 19.75648952  8.68898544 12.47392378 51.69542595 18.95676112 14.65930795
 43.89908282 10.06037211 54.51527584 55.04766388 42.3784756  34.90360069
 45.17100605 41.6716916  38.39025954 57.87132439 49.07110471 45.91474662
 49.2997278  20.59332298 53.37704447 33.17099472 25.86822717 31.72910916
 25.07090896 21.91146713 43.5990912  48.38003806 23.34270383 11.03460391
 11.88062988 41.67961563 46.83849823 45.88073755 16.12661611 48.82997511
 38.26908618 53.45974885 47.39391837 14.58794518 32.12654683 31.80571648
 23.32999879 47.88893188 37.45856344 38.7164545  13.43727858 52.43833342
 43.30753819 54.51090679 33.81077803 30.22956232 46.45241922 21.9687547
 29.5188502  16.49717674 19.47851681 51.89542619 26.40771186 37.55581702
 45.15588171 56.72543197 51.50798217 35.28883757 26.3357544  21.9608927
 42.17194693 33.51814989 57.36762522 47.89960038 29.32037305 48.032459
 49.42932356 15.51036679 58.24472303 41.90229413 33.99948351 42.87497753
 14.07816015 53.85639739 45.10482735 28.64905439  7.52277839 32.55904892
 37.69365743 38.64482141 33.19868716 34.08425101 49.4181437  51.84277641
 56.50227625 12.61040161 10.54780808 15.37918302 10.82730563 48.11022115
 15.6411737  16.4521357  43.11153063 53.21932187 47.66486506 26.29574601
 17.5298556  26.52060455 52.87795007 39.10192886 11.57297105 56.65903311
  5.73844683 16.7658088   9.44185117 22.77604774 26.49387634 14.31753787
 54.91004723 43.36100016 32.39455722 54.00528524 24.82155781 26.08138353
 35.1385069  33.58688061 55.99594952 26.02817445 39.89291666  8.22581125
 42.30745305  8.62921678 53.00360823 36.65668162 53.50178136 55.11288826
 29.80781764 24.69509191 47.34000783 42.73295617 19.05717146  7.95876265
 11.29655024 16.64259952 46.44642007  6.37915508 33.55761653 11.07685379
 36.35254179 42.92182497 37.60756407 15.68427824 46.27703055 45.27273364
 14.18213177 18.88962632 36.55292249 36.69760892 55.06834396 40.86355309
 34.73151549 34.35651813 36.15561272 26.5034673  37.686849   53.16281186
 33.34249831 54.50041709 34.94292902 49.7354456  32.25904217 44.47030193
 42.31721169 17.59958768 23.56728193 26.93837494 27.89689394 11.08143987
 29.9635468  30.93834325 59.38565792 30.50177317 25.99399719 52.61467526
 31.62602787 21.38725838 47.18375631 53.00362269 18.76548035 24.69405295
 12.72341823 32.66014682 33.6206085  44.989948   48.34790453 48.6212169
 51.45855611 45.00354812 10.17029235 24.73752255 26.03241037 40.19857986
 51.41792537 24.8865762   5.97175678 22.21231898  9.13305664 52.18190463
 48.71079623 12.8115746  15.17831616 46.54746156 39.96388818 27.51698743
 21.87630112 15.66387022 23.30026998 35.99796103 55.06552707 48.19191651
 48.65321006 17.92729678 33.23021141 31.4524329  33.21158534 46.67470482
  6.06882967 10.12828762 49.89692004 15.8768608  32.39334379 50.02182473
 46.31997898 22.16469216  9.19137159  9.11585005 41.93238968 36.69568961
 44.0670622   9.82663828 29.94647725 28.22292081 35.03310588 48.33302204
 32.52731994 47.00497882 26.13245659  7.9458339  25.85203746 43.78763297
 51.89987458 20.97001241 23.79495018 49.44557278 28.16529009  8.98345923
 32.68907877 46.0953917  37.15305885 34.48401584  7.83275569 40.52977225
 14.88413083 56.16688262 26.54656234 31.29505477 18.45659178 21.92042426
 45.4580837  56.87645746 29.0707774  24.86521705  8.85192398 52.05343488
 21.45551253 30.7343439  55.46015566 51.30038691 52.02770864 55.466217
 26.22962733 13.9628384  40.33428614  6.93919592 36.1901694  19.32987279
 22.77332324 14.92532506  6.79002562 21.50747301 25.39690884 54.68324119
 14.03514968 55.26524771 46.65692113 30.38860632 48.5493787  55.02235583
 52.38708898 47.73620885 46.37559618 24.07116431 48.02868258 16.58676464
 44.28051736 31.01175804 50.34112355 29.93574465 51.53485927 30.69654767
 27.71028771 13.07466794 24.23548363 52.57727106 23.63169218 42.33099069
 35.34563905  9.3931172  13.57000613 25.44555317 35.78049025 31.80368542
 30.1391792  30.75219332 30.67223723 16.27737205 51.07743158 48.70517297
 32.41206297 19.80836837 19.27180349 39.02200611 36.4434308  34.74321443
 27.86794138 43.59060266 35.30018471 53.20618458 15.17656828 54.54058544
 33.63580745 36.66869686 43.34790229 56.46654228 33.36650831 16.64482697
 56.90844412 34.14280729 17.20147933 41.26461075 46.12838495 40.96970986
 14.36979691 44.69608861 34.4958098  51.61369863 33.44339645 30.6318119
 13.71346008 49.37016035 44.89025527 14.0227229  15.79716665 50.69227792
 18.90832182 21.66511069 57.15943869 45.07908138  9.43044111 21.33240849
 30.8493579  30.30643344 19.20915354 46.88409606 36.0419082  42.03915064
 43.93306768 37.00476464 15.14940481 26.55680016 27.12591394 25.34218759
 48.68549628 41.13765937 18.4260002  23.10011596 54.06881892 23.47904052
 20.66372316 16.98906033 31.84560761 55.65793036 49.3533407  27.14620511
 48.97994601 41.86040009 48.63788334 47.2393485  36.28492515 12.0742359
 15.34668933 55.65436239 37.27558594 50.70364473 58.24239196 34.77127854
 51.06500039 18.85550008 50.87741547 23.62194374 55.79913181 41.91714288
 57.62180813 38.44583534 18.29095996  8.15541773 14.86719647 43.12103425
 57.08491855 23.55393621 20.66765985 55.52970529 33.01506135 55.82092905
 47.7036561  50.55884653 59.20168172 57.5170139  14.13452962 59.78257725
 15.32218628 20.52110058 12.35231678 33.34186082 28.03349135  9.25530604
 52.33272603 18.99307496 32.56885442 49.26363423 48.5557017  31.4015155
 38.8391699  36.33400893 40.06621779 33.07283199 22.79378388 33.89032845
 40.81620487 33.50101495 38.19096886 35.83535715 50.24541202 56.44137726
 21.90890031 28.90546159 41.39964969 45.97256619  8.62456746 15.04548953
 27.83816405 40.02798045 57.03030848 21.89178491 14.91146706 36.45447859
 28.39537309 14.38084879 41.23756063 46.82079286 53.96875091 53.09017526
 39.41543414 32.76201895 54.22460444 26.63632388 58.50708176 15.68602127
 29.89995203 51.10260166 34.6967736  41.68365527 42.89769192 26.42246871
 51.45844102 17.39473087 36.91385579 40.92063633 16.54429917 40.77324758
  9.69517661 44.41342256 25.79718232 35.18668225 19.29666691 43.45974442
 27.32630222 48.70672873 51.14142796 16.72779141 51.68595334 45.59510225
 31.76573659 14.10550309 48.73568855 40.72921116 57.22975536 56.77512263
  7.81899569 23.97409081 48.87025033 14.50552735 13.26436806 11.79200807
 28.9263099  53.07488418 11.08532185 34.2553306  56.47807531 25.65347205
 34.69656864 48.8226918  57.8604034  17.03948545 52.30353645 22.28606402
 26.1507254  26.91942567 13.60491396 25.20404452 44.85177711 45.55701513
 23.75891405 18.0467952  41.23852532 55.9736822  51.4550368   6.10324484
 43.0526341  29.26554023 29.33919594 38.55461213 46.79345832 53.25945962
 27.81857495 54.63912978 39.1310552  36.42419986 19.90869519 45.36814581
 15.52077839  9.71741043 55.91349333 13.39614316 48.76175018 21.75960264
 35.46616886 18.34585143 12.97047153 41.51389127 26.22624044 34.89250758
 51.62796242 24.13302408 32.86620203 38.67485807 40.83428066 21.54095652
 31.73558059 35.64767831 19.09778907  8.41852929  5.4056903   8.20332997
 28.49200662 11.25852332 22.31377179 52.43875786 58.20312912 52.85603017
 55.52771695 14.68530528 48.87729448 43.4871934  48.92257225 59.6069336
 17.95771247 52.0658894  45.50204057 16.58857601 26.48652152 29.18605164
 16.31161377 46.433525   33.10807654 48.12841238 22.3678038  35.89450826
 55.89956051 18.75104464 48.43050386 40.64929422 11.99292017 26.78824486
  9.75992567 53.85548742 18.85321657 56.48935915 39.88261443 48.22794986
 29.18928541 40.38459068 56.80631069 44.90128744 55.03679308 35.47867327
 53.85350976 22.88610992 33.32789036 19.65842707 54.09611881 14.07138284
 52.77946198 48.35177985 44.9162185  11.26255718 41.69151246 10.47975602
 28.17366408 53.93289493 33.69536631 31.08037606 17.08903936 34.76985157
 59.00417944]