[44.3839851  18.49659956 24.04875723 24.7636354  33.77770798 25.96312714
 33.10732128 24.75637979 35.46117592 22.84696638 30.43583015 40.5561291
 26.78517896 25.98820299 25.06390219 28.18037228 25.15296295 30.07731997
 26.86074388 33.88116339 40.97796891 37.64099657 20.40706434 35.067099
 19.0575141  24.80086968 20.17349982 19.31403525 24.41597461 31.20387747
 24.80481393 21.92892118 28.41311214 20.15439662 13.08559495 37.71551437
 24.21859926 29.14024305 19.74656572 24.26211827 22.72861028 26.5004291
 25.82568382 22.85972818 30.61679873 31.31010842 26.97065294 16.18435482
 26.14044549 18.65771139 30.1383912  17.10575438 27.63840218 21.2321077
 33.28159791 28.54238427 38.07944757 18.47500876 26.88940431 29.08429279
 20.53383271 24.3850909  19.32260842 25.13432385 22.75644437 15.62631759
 16.71186605 31.6100306  23.95248898 36.79783485 19.65189299 36.10975144
 36.35417533 37.21341364  9.76174746 14.73675373 24.29576889 18.32305771
 28.54162839 20.55970868 29.75974056 27.04318719 22.84574924 19.46892746
 25.69268325 21.082503   36.12854877 33.29643876 28.31696754 34.19648021
 32.52854208 28.61841084 36.11057391 22.63534875 28.53432672 22.85726925
 18.45955612 34.9344998  27.86725695 39.62725785 12.98771157 15.89701829
 17.27672765 21.81613159 22.34501701 21.50734499 20.598317   22.4310821
 40.29379332 21.01060605 25.7211732  38.41434665 28.09075634 23.03170156
 21.42974083 36.34868757 22.66453927 38.90677437 15.10202205 25.45844279
 27.77434828]