0
[43.20816292 21.41168654 38.15897492 44.53738426 15.82218896 33.24466452
 27.94242272 33.30132124 36.43878032 33.4185428  29.2097729  30.02600394
 17.44676672 19.92540721 21.85985046 36.09192228 18.63335444 40.8793999
 16.58667514 29.1728609  33.52721082 11.72098363 20.68712014 30.28411082
 28.12508397 21.01944647 21.53798856 42.31027015 23.35204048 36.8375154
 16.56642846 25.98756443 13.57798509 38.33999018 29.49842735 33.01885274
 33.5225357  36.27672811 49.58553484 47.92756987 25.87794182 22.43878818
 24.08530635 38.52153227 24.5772503  19.69616999 29.91479146 14.11995689
 46.41186443 32.89026156 27.06952929 28.25939241 13.60320954 32.06905901
 11.08290031 30.64093793 42.87793083 12.50917766 31.12011123 18.34243383
 18.12916028 29.77100155 53.99115218 27.45860521 19.53009671 16.209501
 15.36705601 10.7822238  43.17146628 18.53601619 23.18585302 43.47339555
 35.89043308 30.77457178 22.74400844 26.52706185 15.47367013 29.80436273
 21.6232359  36.579937   32.1182681  15.71665877 22.19828473 21.78795843
 19.67732773 33.46896475 42.83315433 40.28695515 18.75395065 19.62837926
 36.38370131 19.23047844 31.04844222 34.63673616 26.33512561 46.28306262
 34.76192788 12.47028979  7.31729389 22.52279625 29.66344947 41.60721782
 26.68296195 35.13783235 20.85629278 19.62606831 14.50415803 13.30682964
 32.72664838 17.70222631 14.95113759 20.66421704 23.64576172 18.12756662
 30.35601925 26.18200383 16.57821754 46.87507206 21.21578373 21.33177366
 26.18639008]
1
[19.16659746 33.03610483 18.95316155 15.43413927 15.74675189 18.0559998
 19.13245217 28.90850971 18.35984894 13.7486493  31.60414266  8.49545169
 37.94685121 30.3879338  33.76347214 24.88804313 13.64327437 20.80637409
 39.1903625  34.61350181 32.16453106 11.30547837 15.86737555 37.65561664
 37.22662826 37.17167112 32.07654118 22.50225567 15.10795813 28.53898747
 17.28737566 35.27480246 22.34548018 22.32592302 18.31097052 28.68530561
 32.66906333 12.55710988 33.69772944 45.60749439 27.75573366 22.03213603
 25.18104993 27.31420497 28.29618427 30.6477828  26.31518109 26.92301167
 27.80826322 48.91683677 14.37236614 29.57018123 31.56299562 26.06989637
 28.75002847 35.0009878  32.55873523 23.28452691 23.87955614 11.50552088
 14.69241955 26.24858361 15.84393182 24.18787413 19.13249441 35.66415382
 20.40163407 13.12313894 49.43294482 41.15925911 21.46452239 23.14357743
 25.96301885 20.23036709 18.90330805 19.93175839 14.6266171  14.21371873
 34.5875303  35.40437871 46.75939658 42.93216359 35.90217573 37.6073157
 17.29176432 19.36227192 22.2014694  36.51137792 20.98875973 15.51445485
 21.31978613 16.8672833  14.29040782 44.60487761 27.96924006 17.77522856
 34.85730501 31.9165286  27.15621488 21.26614171 25.56970057 37.63863093
 31.42313613 17.75069877 15.41493418 31.13000206 17.17179774 38.98483939
 29.84701918 12.34937197 50.62937744 35.41091009 38.99831552 37.7731429
 21.37040187 14.77545266 43.10095803 36.99632971 17.0703296  27.85901484
 18.12637944]
2
[30.17527892 36.07712606 29.38210775 36.03135095 23.31975634 39.83099522
 35.76993756 16.56669841 41.95092888 49.87795897 29.76148637 23.68338878
 32.03445018 43.60460231 31.0453117  11.69535631 44.603633   44.53851092
 28.67499657 29.10759084 29.80568765 25.43908991  8.21409075 16.30547945
 34.15110184 28.06710069 40.22956299 32.18207957 12.18345449 19.15376276
 32.93550447 39.66810108 16.67585299 37.5068711  44.00683946 23.02890753
 38.95368973 27.98496143 37.86448302 36.32292174 39.50493375 25.643654
 37.64771751 16.58070861  9.18226564 26.5857448  28.91745246 18.89066874
 34.56892622 20.44687818 42.85709647 23.33874812 21.82799027 39.53291821
 12.81552386 43.22131623 19.40220639 24.24091734 24.72550594 11.53611556
 19.28429441 17.79991754 18.96323608 35.58660549 27.99716244 27.09443572
 26.68172195 23.23919851 10.15855652 37.02616251 39.89653509 39.29114227
 36.81033272 29.012183   24.21367811 26.75049395 22.94175463  8.29738269
 51.53629805 42.61461741 28.39896793 13.62023414 20.97129741 25.82943631
 40.69340291 43.83353732 39.08059517 10.96437684 34.95730076 23.56326593
 39.23155557 29.47913672 14.559673   30.38683805 22.15474201 28.27275316
 13.35884643 44.43156866 33.07587406 11.44252163 26.93773718 14.51635765
 36.74630122 28.07761729 20.77149983 38.1318627  33.77252273 23.14395955
 39.10839835 30.88731398 30.69596386 17.71118467 23.64447826 15.45541233
 18.15147044 46.00247416 39.12695413 44.94182407 13.02024237 20.05731948
 32.83330968]
3
[13.5289861  22.05951127 11.83152322 19.36152849 30.97983738  9.96262385
 33.06615265 29.19045245 32.7707531  12.39905536 22.32753282 28.7785625
 17.36643812 31.61116226 21.66273098 11.13975998 28.21657646 24.60385136
 12.70432063 18.82909172 25.16145035 12.18651598 10.24132042 32.30501206
 28.56769982 33.10802038 26.55307813 22.08233519 15.19387835 41.58854906
 30.57713024 17.52383812 15.11715066 36.02494216 26.54378272 14.27476604
 16.51134973 31.45987208 28.55405744 10.09925278 25.48912488 22.43378805
 17.95313277 33.89728614 37.36166097 35.71154487 13.34469885 12.77576147
 30.66580411 23.51342541 39.53529721 26.03798394 16.4659607  20.54241741
 24.82911559 16.39898915 27.36449595 28.16901411 24.52137563 10.03159253
 18.35565892 11.56884849 23.95842917 27.39634408 23.23987437 24.48046708
 20.10011477 35.89735552 12.91977845 20.73014376 34.37530123 16.34676178
 25.57789823 24.471433   14.23893989 17.62064142 27.00635092 14.21004787
 26.36347423 20.08120181 13.31249541 31.4634824  16.40940743 41.8669827
 39.88446645 24.65509142 17.00860909 26.21197934 23.26570835 16.52339121
 27.38279633 15.79647557 26.41791693 19.54626721 33.8131474  21.71150348
 29.5543485  37.23042558 24.62952307 44.83204325 31.99472748 33.35585993
 42.48136933 31.06747189 18.51907746 25.46394026 24.08569209 31.05201136
 32.84161763 22.42240097 16.91808833 25.1238608  12.12489241 38.24367516
 22.96807365 19.05680216  8.83565164 39.83483991 12.50444275 40.63057876
 38.16489895]
4
[12.26294279 12.33583235 24.0451688  26.29292963 12.3946613  19.69789983
 33.50583674 18.07002587 19.2252009  13.90284794 19.06916916 23.41274194
 14.32611891 26.27849354 23.7376638  22.37763486 20.61115209 37.17261238
 16.14354793 42.05543928 16.55975448 27.06018557  7.38329921 27.78580692
 40.6336152  53.09135763 39.66531702 19.74669139 45.23400638 19.304205
 11.77752955 28.9973209  18.85763329 20.05573099 24.80389418 20.3364198
 28.39549176 34.23286855 28.39565191 25.68912394 24.69230935 22.04638692
 16.28704425 16.32331124 30.73356841 20.66286245 23.53650489 17.74982379
 16.33745944 17.49037189 21.75151604 43.57585237 15.02654415 16.77484577
 16.21879171 18.6148097  51.1705268  17.84230532 17.4107009  14.84294906
 12.96405086 17.15366208 37.63388385 14.94716468 30.33172418 11.88299172
 10.87926368 22.97427129 22.40583752 16.07715968 25.32747025 44.94565516
 44.46182117 44.84956713 14.02358558 10.7291766  16.9475198  17.92177282
 16.34709416 19.24022912 41.95679769 36.4823907  12.39287144 14.31814926
 20.55120981 11.69807482 25.02132491 12.70989852 14.19847605 24.04832713
 32.36750852 18.26516676 28.22551577 15.60171005 19.89874614 22.74229809
 12.46958105 21.62794551 11.16871314 17.47047679 14.08028121 44.83240364
 26.32248467 26.63170746 26.37626371 22.74457386 24.51445692 29.64372771
 42.67417974 23.6441215  44.26811049 15.88729971 21.54463235 16.56079881
 44.96447091 16.16701974 16.9806727  22.67047545 16.4043014  41.26428809
 21.80678083]
5
[33.52159006 54.99620882 12.42913142 21.71081809 23.62514413 30.65542288
 18.11018    14.6842162  24.67894289 17.79609162 16.07926364 20.59912332
 38.02557606 27.74241754 13.51167464 14.63889489 16.59722396 22.440398
 20.25000008 24.10239046 24.90501802 24.85177818 45.12181495 44.73981486
 29.84133564 25.55672064 24.71767005 31.14317625 19.19977005 23.76043818
 23.73143115 42.9333088  19.06861443 11.12091248 20.50680392 27.96217741
 30.10276327 34.29216806 19.61500571 26.24897348 24.93945758 17.4420666
 35.83592037 26.06212333 19.54715723 39.65652985 20.77806785 19.10568393
 36.36761942 18.34664919 41.90934772 20.14786472 22.17077883 12.64692405
 10.99388559 10.39645243 48.529368    7.11221166 32.41598089 21.20850996
 21.85180977 20.65190178 13.47941327 15.90748063 12.54964847 21.59490323
 20.89590962 23.25109094  9.98122393 29.71439385 16.33667225 23.59327324
 45.85750038 38.63575854 22.29230867 10.21514847 37.37067136 23.85209015
 11.20945592 25.91243824 22.39820809 14.89167862 24.1216443  44.09846364
 14.23778729 25.59515098 17.827799   17.37912635 38.61275349 14.83475454
 15.38351314 29.72809992 15.52437769 32.35453065 45.5435102  18.63900271
 25.40248357 33.70291908 45.04465735 38.4726316  19.7052841  25.69671408
 36.12090922 21.26245315 10.50048696 18.66279435 23.26493547 21.46248545
 47.04266365 53.67475678 16.83328352  8.78332802 32.81830239 10.69094844
 26.68957981 16.13679665 44.88958714 22.85762822  8.5872269  25.95620378
 24.8999521 ]
6
[24.11952282 22.05294603 26.78134189 19.40382109 39.77740761 38.48071478
 25.99563696 10.98049125 32.41205045 12.83754069 12.72003343 16.97728029
 14.44737973 38.58060178 25.15039996 22.2176371  15.34024809 13.67132399
 31.11654699 20.51853523 34.89851287 20.84675672 30.01832047 24.15356963
 10.48999569 37.40762341 21.56975386 25.80460693 10.778819   22.44073436
 34.61241062 33.62427223 21.57612869 15.08763155 19.14253292 17.33626474
 23.34335151 35.67312875 27.33459147 24.9423399   9.84052926 13.95034427
 17.37156738 49.58133441 25.41613238 40.83436782 26.34299592 27.36285578
 26.01288678 11.48034893 25.86735303 25.10470413 21.74369034 45.39810336
 11.46478755 25.55865533 12.01640811 11.24802914 18.15701678 12.424695
 13.22824684 24.94367549  6.9017993  11.17378368 17.99287627 10.59415042
 10.35110089 38.48405333 19.95575512 37.41184874  9.36583697 16.59888345
 19.06674125 19.49664165 42.0617366  21.51332282 33.84687073 23.48009726
 11.99185414 13.78580507 25.13909012 12.75169193 24.90328181 27.51721283
 35.07244132 13.14706539 18.24889581 22.99371409 19.85989764 34.08777691
 25.35003071 22.16212771 22.31932808 19.17354791 24.75376525 19.96840909
 17.86884229 29.13428307 20.79372894 31.76485111 34.37212532 16.65203945
 30.18757217 20.79039855 16.50430964 18.3104314  39.69212732 29.76057893
 20.78919555 18.1498491  42.7881389  17.29211193 35.68668696 16.05818853
 43.88642618 22.80410926 18.87979815 28.02744386 27.06609968 22.86190903
 18.89813984]
7
[21.81316263 12.64183269 35.47736016 16.72770724 29.38739951 29.02395242
 24.85911959 25.85470827 40.33022605 18.66611932 13.8391234  33.31689583
 24.03740782 24.47523044 53.99979663 17.53862342 19.00716645 18.23667666
 33.92741951 20.84134707 24.22954353 17.51974462 40.34620542 26.74451066
 37.86102858 14.62627218 15.48164763 31.90463492 25.74088397 32.93932398
 26.3703117  16.73360892 35.54545776 28.00496244 18.05107264 15.09093126
 14.5262446  27.54945786 35.79892728 26.49238705 11.57874221 35.22433674
 17.89693107 18.06047818 20.20336545 24.95778396 17.9144844  25.65253375
 30.06773765 17.30604214 46.54079173 30.28119247 26.39996192 16.2325884
 13.51372735 14.20253604 28.6378746  16.21694003 32.36136586 17.21028983
 19.10541039 18.07866402 16.39448407 25.99132621 36.33677223 22.54338486
 19.06267229 45.80599378 38.82269387 24.44602903 29.24100655 33.79632442
 37.47216543 17.95136124  9.8115472  24.15436635 19.02744933 21.24275255
 20.93372447 23.76790912 22.93962588 28.32619917 22.16696282 13.59068087
 17.28639625 28.88164659 25.95439928 21.65866932 36.84284748 31.01985328
 24.02558398 38.45334295 16.36329699 19.49401845 28.30518171 13.24842416
 45.32409925 32.77877325 25.76125111 19.92963081 28.54159227 18.5114151
 16.17191138 22.51842491  7.70130812 10.24440011 17.33283359 40.26301533
 31.15077934 22.00395136 11.27416281 27.05408001 43.58883245 15.20446873
 18.1198529  28.5811085  32.8868245  19.4292616  10.69132926 18.38345861
 28.6581866 ]
8
[21.11329548 15.02618303 33.04522537 33.74547518 35.53766106 26.80134034
 11.40983338 18.47132467 20.62937201 32.13109491 24.42583341 23.11854502
 20.18588726 32.3745469  20.36755491 27.26170349 24.38741498 25.28192935
 53.32419936 16.24830864 34.3425735  17.75148277 24.17178392 37.01013512
 21.2679733  40.31039252 22.4796486  36.42474651 25.65833773 11.65409097
 13.75181742 21.15809729 23.15370072 40.06264026 28.66229077 26.76503181
 25.49154613 20.36183641 11.78597806 13.75633247 23.09946686 36.63013879
 33.01997534 21.05143487 23.43245648 45.22069498 20.26430469 40.12785807
 31.48426745 24.43151274 24.32499252 10.29476851 35.42952506 18.62467135
 39.86692794 18.79183349 23.12016652 18.56085537 22.78931122 26.72080593
 13.57029206 33.25683805 35.24417557 21.63290976 18.01185239 14.56255854
 19.35824111 26.45321944 11.14049613 24.72422342 21.51464161 20.09149827
 12.39196889 14.87885543 21.42729492 36.18113281 31.68531003 16.53666759
 25.92194067 20.08488157 20.12918723 10.46266133 26.16386211 19.42835203
 28.71936897 30.30492678 36.33521895 33.10381433 24.34524689 20.98050437
 21.26984935 25.16476974 41.0680554  24.57226271 31.7351846  22.66478213
 20.54731211 17.67384578 14.13834467 19.04528005 22.1548465  25.09394256
 34.50498562 25.8727318  21.21978646 12.47192033 20.15556733 16.27645956
 37.62380056 31.3020516  23.70213075 37.14256694 21.07436645 28.10467602
 39.2557935  19.83062763 27.39869182 17.4265415  25.11119104 38.01501558
 21.52552353]
9
[14.96592043 22.62362146 13.17150057 26.92480368 48.27403065 17.59434791
 17.19901086 23.745079   15.50497274 11.88357703 32.07779384 48.52909595
 10.46843557 44.78484769 37.08019006 39.98034021 15.65054421 44.99609872
 45.7480181  30.6747083  34.82628095 36.16824727  8.85276602 14.68239482
 29.06481546 12.06679598 43.07957373 27.67621584 31.98113211 34.60039045
 12.51588975 19.4174161  42.97680259 28.12311212 39.71571648 22.77784564
 28.28715236 16.14802265 10.76628661 33.14634476  9.237228   16.13483601
 17.19268906 38.83135908 42.0166973  10.44429675 40.66560251 46.45583993
 16.29734429 31.76478866 39.39320582 36.74995332 46.20094525 50.68446084
 48.16821092 34.13435665 42.70567089 18.61228875 37.89148418 15.10948355
 15.21525342 18.61384084 18.51092641 13.92063835 14.18871761 15.37788683
 16.41731396 15.63353978 17.66980822 43.821824   19.06849251 32.84132609
 16.79730455 18.17980989 41.70592421 33.17375668 45.88126273 21.95968577
  9.61047249 41.42599031 24.14262458 18.50222216 13.96972156 41.90261191
 28.43351686 21.55814189 40.28491734 37.02500269 18.1777323  25.87780541
 16.92888476 11.95583889 22.38109042 13.92530604  9.88772022 23.09031345
 20.33311814 27.75784605 35.67248734 12.16904759 22.07081435 18.91481879
 23.88904525 23.07701336 12.56303978 39.84451823 12.49647871 26.54006263
 15.75195529 32.63997785 12.38013739 30.71981561 16.76109463 19.40692567
 34.36085464 35.46667396 29.19077256 24.53133719 11.31258045 12.23478936
 44.33911834]
10
[14.69343224 23.83877139 23.90410165 17.02940303  6.99763221 29.02545693
 22.59848061 30.67349767 24.27963952 22.78900192 14.8831336  32.67527238
 17.3174877  29.43732196 41.20110007 18.06652893 24.41631345 17.04881648
 26.21917655 28.53092787 27.90990038 15.33755564 13.5676265  23.97933184
 11.95726114 20.72150164  9.88455676 14.31690144 25.96002003 23.68230574
 18.39722161 20.98849294 25.30731849 14.26840579 26.15350653 28.10050028
 25.0761848  17.48724636 29.84808649 24.22759255 17.68733941  9.96185366
 21.64689575 17.58842021 31.18295857 11.20487751 34.05863111 33.10872497
 30.93831963 14.07733264 22.14601086 24.14994292 27.7125903  37.93188438
 21.94579052 30.4446986  18.29334264 14.05120394 29.73897583 18.44851058
 10.58192103 20.63732834 21.66430789 19.92593704 26.10130629 17.83401342
 17.69223035 31.76964922 17.50574712 18.06695849 10.46908782 21.48344449
 40.02233983 23.88209342  9.53878702 29.95203459 28.81302963 11.56163508
 19.32221517 15.84291956 38.43317472 26.97336646 22.75932805 25.06784011
 18.55948151 20.05318053 14.92246847 10.40884832 22.41298618 28.76726092
 20.52760047 37.51747378 16.79449877 21.97893161 51.05192278 23.94718604
 14.87673065 24.6558899  13.68828579 19.50791711 21.15877324 15.13284012
 16.41556584 18.82484026 31.42975344 24.07879438 22.91847346 16.20514762
 12.43528622 17.59824144 26.82992245 34.01927051 22.19222128 16.49333811
 19.78362595  8.08420116 27.51867119 17.94123586 14.46095695 28.6124823
 22.25529501]
11
[25.36664831 27.92785116 27.45464789 10.44474565 40.46109425 27.653291
 22.33361757 47.63243613 21.05448645 11.24794529 17.40217974 26.21255761
 20.07002491 30.17602931 21.01179504 11.21886853 25.73778369 21.7938304
 25.63269712 30.85247459 19.13372225 25.98981545 19.50614007 28.42232396
 18.56964305 30.9112687  19.09612455 15.26567926 25.3042553  23.54717744
 20.30239143 24.09533414  9.92233691 13.12930984 28.41362909 34.97236252
 25.66309295 20.88472089 24.75200487 20.15533806 10.14632639 19.76066265
 40.69363605 20.3513339  22.47273508 16.7691238  19.97984555 19.39837631
 26.02906249 16.4357385  23.93194066 15.41939652 26.41356951 13.71240311
 20.74848635 24.18081349 18.42729627 17.82950022 22.11097723 21.25227633
 17.03252688 25.93834721 24.25601546 14.3498141  18.47905959 23.90453512
 16.44417142 34.37195199 25.97362431 19.68041213 36.14858996 25.69025313
 17.44518232 34.37161356 21.10069052  7.40103658 32.21059157 27.07207367
 16.73807825 20.12797859 20.41661054 21.80219133 11.31946429 35.9443627
 27.54677492 20.50548474 20.27279922 18.42611313 29.19828147 15.05908844
  7.36258213 31.61396081 24.46708324 37.03565939 37.68871538 12.77329716
 27.51058537 22.03745822 20.28002891 46.08577474 37.88293663 23.37963295
 20.65462147 17.55849704  9.10222251 11.23071236 14.74943017 13.69148979
 40.89866231 25.10165396 19.05759422 15.25027051 24.72797859 19.50379268
 27.88258641 27.03161314 17.93085886 22.98939415 19.85588018 25.30885565
 35.48040009]
12
[27.5377437  33.29767872 42.25743887 20.42238569 31.43804548 29.25369948
 21.3192743  21.4746686  34.08103609 11.48607611 17.46075386 23.08264513
 27.37021712 26.04306197 25.92125001 19.34010171 33.17295517 19.96868567
 20.46630288 18.93279199 36.20870458 36.51691216 25.00601688 24.54968828
 11.30770628 21.31770866 18.19703393 10.52755045 18.18666688 26.52120714
 31.68879997 27.54878263 31.05331994 28.88676473 45.76511684 38.86659279
 27.79103886 42.77167928 22.70117338 12.67872447 17.51045176 29.34426238
 31.0738588  30.37962992 21.81743288 48.93269893 23.96292582 25.06429833
 42.63526265 16.12025884 36.25655614 22.29280963 19.40942305 28.07428344
 26.0065324  18.68974625 32.31436881 26.2962616  27.92880656 25.72521433
 15.13891126 38.95408265 31.75398958 18.360609   37.57707865 39.10003746
 16.60830103 30.27091199 21.50160549 42.45327513 26.99178467 30.35503921
 21.13476998 14.21165505 18.17746034 13.23880591 38.67024049 25.4295619
 26.63403582 25.85427484 40.11200478 13.56334444 31.41884193 39.03230513
 22.76323219 40.49969745 43.94727866 18.45999719 34.53222002 38.41991452
 21.82838336 19.96432573 12.31851206 41.70582081 24.18776475 23.82614792
 31.11981067 32.70295595 28.45591522 22.40515015 22.03577613 21.23130684
 11.45205341 26.06824011 26.75035133 39.24665038 15.38347764 31.9700615
 30.63171499 38.6770541  37.38837671 21.25325914 32.48238174 30.07183884
 34.38851417 26.07779127 47.87236178 22.98920714 23.64187963 16.00552099
 35.08633452]
13
[28.81980659 12.42666102 23.24373914 36.77449721 10.95848022 30.84907608
 12.84175213  9.28497241 45.13683094 12.55927366 18.20442588 20.72745206
 18.66943632 31.92582963 40.0048125  14.11198158 21.64669852 21.17041371
 37.05244246 28.70808336 13.01539716 23.23190062 36.052979   25.86614425
 12.10842476 24.2284731  16.71695422 15.0485881  16.09712251 41.6659449
 45.38573642 24.03811101 42.94202346 29.75923882 22.10475123 18.58432611
 39.07300935 11.24960006 32.7025762  28.60825109 26.58452062 47.56470218
 45.37453758 37.9723348  28.95929265 21.41902049 24.63694402 14.72731409
 40.62380011  8.85010306 14.51704141 21.40292214 30.19725568 13.15280866
 17.63856227 11.76195367 22.98333002 12.897811   27.71095283 26.85327348
 33.14016498 23.43883362 27.93033669 22.78178031 22.97242715 16.15857119
 15.0917483  10.73155906 14.49183554 15.02754381 22.00542025 26.34557965
 21.31549015 40.54116122 10.99964439 10.63820749 26.95627653 42.89432737
 26.69332047 19.94198419 44.21104189 27.44267854 41.14057369 16.79097045
 17.01084583 35.01021282 28.86698391 46.26708028 29.44108142 11.76736255
 24.76426834 21.45687733 16.69856186 30.75248547 29.15437946 18.72802761
 17.9229651  12.12693665 30.57443893 29.52375185 25.0036464  25.52107888
 19.20868791 22.51205827 15.90327884 35.54266992 48.94351528 32.07033988
 12.91385463 31.1953103  31.60253383 27.96313799 30.64625725 32.76869844
 17.04305    33.62558274 20.29842473 22.86135901 13.55356725 15.42914834
 25.602201  ]
14
[26.67271471 18.81648914 26.10786463 14.39150018 44.94688879 12.23120702
 16.75555653  9.95155963 24.73819254  9.46028395 27.51332775 23.49634027
 29.63403151 22.84102856 40.79651364 18.7434444  22.18381178 38.69075235
 29.9088858  26.43567309 27.00035983 15.533716   26.11269838 24.61666005
 16.30463959 23.97794387 42.33931115 21.4594022  29.37795546 29.25878419
 24.4181257  19.37328748 18.52409846 11.2473681  11.20637698 22.24982873
 21.01944434 21.10510069 19.17715598 11.35675599 25.72971732 22.26639182
 11.00941396 22.19501846 19.99526964 19.8899854  10.01777431 20.29173623
 33.36423551 23.27335538 22.80833547 15.80039363 25.0324016  23.77496425
 27.55546246 29.73915141 22.07470314 18.58081601 21.45250928 13.48471781
 16.08252004 16.09514727 15.66253654 14.68441237 16.44510298 15.33612234
 10.83967086 13.36230806 21.20951132 37.71120055 11.94067104 30.03904327
 24.26118065 25.58699793 39.70796427 29.36708153 17.91034984 23.19865781
 22.91462486 37.57384424 32.35828384 19.9792301  17.55655712 22.87147861
 49.79313945  9.62421982 26.72650001 28.64008572 29.26238442 18.12566043
 12.90386891 28.33197294 22.5289088  22.81910935 23.82234702 13.01410649
 13.78599136 28.99318607 19.31118198 25.48385454 37.14530198 19.99966618
 15.13828226 11.23436502 14.35288714 10.4943038  20.82597998 35.73112015
 34.83905449  9.38511567 18.21362165 11.41732894 42.45016456 18.09560123
 16.82586964 32.87911941 15.5331008  20.85694012 18.78779849 18.01336371
 17.17786315]
15
[32.13464628 25.06445599 30.23361483 27.81925234 26.72112887 28.88474257
 20.2082272  20.07938933 23.23501045 20.48234195  9.43082672 17.43063381
 28.34927783 32.84416029 23.36759585 24.01479498 37.68815197 24.29200948
 20.35967953 36.4685734  26.86767609 24.47950882 24.3861509  28.04236612
 31.46926031 26.6570454  25.06707332 28.57060556 48.81493818 16.9952005
 18.55227799 29.00101159 26.61142155 26.2962421  21.7523635  33.70533881
 19.2192915  28.10997241 24.20314648 25.04478394 34.34240286 32.823405
 23.76130517 23.17211157 18.07097307 32.47177459 30.46884202 18.08689162
 32.35150346 25.71030808 15.61592528 19.64723206 12.35725953 18.431824
 35.45511008 27.81705424 16.21442167 13.1776259  15.49923224 11.26937062
 16.39645151 33.57560585 27.27598867 18.77271261 32.05654388 22.08263595
 27.1955593  39.33666009 17.71907999 28.61836257 15.38962136 23.22630715
 22.16727863 14.7953218  19.35518417 33.53208684 38.25974048 30.05168809
 26.38077692 25.87544238 19.44442272 41.13624464 10.48106403 27.49833399
 20.83271406 20.33270624 30.31932948 27.28178461 19.21807062 18.30887174
 10.55804691 48.17787297 39.03364668 47.05762733 48.20843819 38.74430526
 18.66810733 14.6928168  18.58762458 18.64072615 35.9421686  15.1483013
 48.92008017 15.96052784 23.17929392 29.74648027 15.39408907 19.40005596
 28.16212327 13.28005852 15.31751094 15.11887292 26.15338091 18.69678456
 33.67190864 21.9615496  17.11753838 38.72059189 18.43880949 25.81464121
 30.15322688]
16
[23.38724925 31.14263811 26.05746402 15.71707441 17.70076019 40.88786783
 42.17697287 14.98770969 26.04306669 31.92675934 19.12071594 46.2790439
 30.39977405 17.08971196 33.57345289 34.92994851 15.27735671 23.84548126
 21.62730348 33.6249234  31.26000954 31.79032145 23.61876487 31.49698148
 32.32009465 22.17631853 30.97923904 25.33262241 30.44379279 29.11317662
 13.21365991 30.56887272 32.70919022 32.90573001 15.32253391 13.10637999
 24.27490725 32.38600316 47.60876781 34.92908145 16.71820185 35.12219942
 25.38902905 14.02413122 17.87520449 40.78638014 36.2447604  25.00671908
 20.73162765 31.6084655  19.98750082 29.14573061 27.72507463 30.41216668
 34.85456944 17.54493828 35.80782726 29.49114519 27.91653918 27.75439225
 47.09430821 25.85839744 34.07256848 37.45796896 27.51850792 13.90079352
  9.43266267 13.7994626  30.97858914 36.73429005 27.99059826 14.55558423
 18.93277003 47.28043399 23.91489563 39.19731379 34.53557694 25.22301185
 16.11892635 17.52501855 25.70316658 17.19929399 19.97868197 23.61748697
 18.25525047 27.23689045 40.51538324 33.84577996 35.78940978 36.86820201
 30.57434873 31.36410317 30.13738035 30.27011637 28.7719745  24.26707317
 27.33797506 23.89857816 45.58494551 28.90082359 18.93234147 32.30084927
 28.28240304 48.2343119  25.68353757 32.90136839 26.72120145 33.95070433
 31.59816369 24.58407537 28.78762329 20.92553309 23.27572032  8.66350397
 19.22869683 29.22869995 27.29082025 21.30846264 15.36697472 33.95094606
 32.2260528 ]
17
[28.56537008 21.07618094 24.32411482 16.02316196 15.12525855 33.99243594
 19.52288916 21.62421892 17.94166106 15.0506268  25.90728094 14.2079288
 21.21135371 29.76970515 17.79293476 17.5062072  18.77867632 24.45363988
 25.59877962 31.31117045 16.71554275 31.28607881  8.62488295 15.08223833
 20.46893892 20.89785004 21.41929886 19.85886128 14.89279075 21.06462427
 20.01728718 40.96759171 34.89223524 16.58234016 22.79279328 17.4081029
 25.40022621 12.39465874 29.36107944 14.92864229 33.27812983 13.51528511
 25.50542617 25.82442674 38.57899408 20.61207357 28.52304263 37.04626832
 18.2134779  23.64601262 16.86496366 13.90780531 22.89198702 20.78895996
 15.88805086 26.26721551 26.2523162  14.02431667 28.11232402  9.44422409
 16.76055568 20.20376378 17.87182894 32.14072341 18.26590776 27.62183758
 18.1435865  24.57103064 32.70086899 16.82614615 22.15745129 19.19475273
 24.67782533 10.70374772 15.29479788 23.3324121  15.62645595 23.7600426
 23.01757735 17.90728471  7.07536009 27.89329929  8.74871632 19.36294642
 23.34353302 21.07960951  8.57164657 33.21641842 24.525693   26.80452027
 15.90041524 20.84797438 32.55310781 35.45536881 21.4520645  41.96823169
 30.98238263 23.40410175 18.00261822  9.21439501 16.15888411 20.37848248
 24.50421949 19.08411098  9.96172801 14.45395739 17.94438879 26.31663169
 32.96531344 24.3310509  19.9067698  21.12188122 18.21736431 29.73826896
 18.73014122 35.51454404 21.46787889 28.61621037 18.60262686 18.44437982
 46.39174573]
18
[20.41163967 18.59241567 28.19984473 29.00628128 27.3230419  18.97555356
 20.51780191 44.44133649 19.12604228 24.0619011  29.90536039 12.82476125
 32.87969855 47.75954783 31.19707364 13.35163737 23.01185827 19.45803373
 23.39440844 19.21973754 10.84400398 13.66480212 16.15379266 33.12972353
 23.21300069 31.06898721 20.18727527 28.17741055 27.90683393 31.40677837
 31.01208865 29.93947758  8.66269745 37.62560014 41.40066106 33.7722617
 40.40788605 36.42571456 28.35891085 26.04354569 20.07713796 28.64025935
 15.27259127 27.55551211 41.88117488 28.08503283 18.11609378 14.91849094
 19.79769029 17.46322591 23.27756387 21.0142954  27.0628758  23.97631242
 27.83525746 37.91049459 21.6554857  14.29463485 24.05014701  7.11192004
 10.98988638 27.3215321  24.40998344 31.42995857 36.33217416 36.68275581
 20.59532978 23.52461366 30.72542347 19.98743433 13.99815943 18.18546158
 36.64469997 18.71177447 30.03194744 17.77085129 44.67945472 17.3868521
 22.98179305 13.03887095 42.73966714 31.80016082 39.16995181 12.65194224
 35.15616408 34.55750053 23.33621599 14.37602393 19.72415828 42.02629482
 11.03492041 33.92692239 29.03474274 30.17802918 19.76888568 27.17856063
 41.14666554 23.84887738 29.66952941  8.76791    28.21439407 17.44916161
 18.51051049 25.9604732  27.11703707 43.93252254 17.92086844 18.27319083
 31.62780907 34.49500694 21.86097797 36.60238012 21.21651694 10.7502579
 15.60835969 32.09447376 25.0395061  21.43375447 15.21156627 13.98897534
 25.14211959]
19
[33.99782274 28.45392854 25.45692048 36.28340055 11.74316724 15.03177044
 15.28570724 25.39486425 30.83095629 21.88398491 27.92335822 11.82445616
 28.32058081 30.01774533 35.90174914 15.4702329  24.91304414 23.00752657
 38.72420918 29.46829386 26.40210217 27.00985026 10.21640785 19.05282375
 34.8142134  28.71586124 12.91756564 32.255038   13.05428141 24.50877746
 20.98653256 18.00738246 17.23927171 16.37743929 23.39713492 46.9339445
 28.79858957 17.76142304 30.08237052 16.15540398 24.89180433 40.47880166
 12.84832037 17.69031777 41.33282875 21.25011965 16.94666943 32.97360729
 28.83273322 12.75117075 19.03252582 22.95632333 19.40222587 13.71278989
 19.23011006 55.55888432 33.03325634 21.0805857  22.37142926 29.96367371
 30.56841107 32.20797301 24.94308875 24.6899116  30.02382898 30.86521622
 25.59380868 25.5452864  23.19744531 21.12679816 33.51999341 35.48112787
 48.56174477 28.57526576 14.45724798 29.00807326 22.96397041 32.07571359
 32.76960993 19.67643147 30.66905832 32.74439527 35.03795912 49.20889311
 35.99873203 25.51888606 25.90947904 32.5052195  15.60661268 29.53974117
 16.32547501 22.15287599 23.224366   22.87293322 34.17600376 17.8802487
 28.54535678 56.20025467 21.83868733 28.17906385 19.52909505 12.33238617
 15.86443714 25.58401815 50.71874168 11.42057032 37.77449656 18.45497434
 35.87006475 36.49204753 23.15558489 17.72759693 13.68678087 34.00496152
 35.36687672 21.50877581 21.0537996  43.70724433 20.83082484 28.66820489
 32.20308571]
20
[19.558207   21.01799767 27.22821835 19.10749001 18.00871046 20.46857439
 16.26317288 26.03232928 28.69226561 24.00883476 21.57266483 15.97549033
 32.46591186 43.53225569 13.7248856  18.24287892 24.1226569  44.53734055
 32.26663307 13.32513123 14.14295137 20.95731377  5.10699187 16.95100891
 33.10864577 17.82425394 17.03107762 11.58713386 25.82603748 19.30885562
 24.1422529  15.48465231 15.76468097 18.58460982 19.3643273  21.0836507
 18.94335536 35.71371995 19.39262129 13.45830833 27.65740393 15.00314153
 20.01834998 33.16795917 14.73938139 19.49085789 12.21976885 23.37053314
 23.50365374 30.47263108  8.15114929 13.18826549 17.13597845 22.81534208
 18.35595588 32.08205607 24.95098167 15.26554243 43.26608654 20.74258145
 12.1930183  21.47069766 27.07455493 16.50064763 16.36477528 24.26286584
 23.15553555 18.51146015 20.53789285 14.23276756 15.55602262 13.46894825
 18.05575217 21.32601213 22.90069314 17.47545859 33.81005311 21.41881831
 42.06767173 27.01776609 35.14010117 17.37280915 11.2610319  42.97231611
 28.15690273 35.70759799 20.50756092 12.27061132 15.18364256 19.24800329
 23.51210222 26.09004943 17.00338928 34.57831119 18.10257008 11.06084514
 30.10061642 17.79060024 24.22351311 15.95871259 23.06279614 26.89833905
 18.04682317 23.31299686 18.31141978 31.71160317 11.10375362 27.80574204
 14.30478487 13.2360862  24.41003764 28.86156651 23.3892151  23.8338839
 42.92149245 15.52326964 13.55588044 22.34058961 24.94804594 14.25124784
 33.96851304]
21
[23.19422251 29.65546484 26.70931222 48.7859071  19.48206235 18.64774869
 12.4438906  15.43448875 18.97303773 27.7070911  35.04812695 32.82064671
 14.75255384 17.04324614 45.52052644 23.06172929 16.37629158 17.46198477
 19.6308733  25.47565348 14.25669818 15.94327257 27.04061163 26.80050239
 19.25262377 45.16786967 13.92273606 47.82016293 37.62224101 20.63724141
 11.60213647 37.9874968  10.60749116 16.92756059 27.8447818  23.73440232
 17.89123712 18.09464484 17.02480898 28.26213189 33.4064632  36.82392166
 17.96252264 21.65554729 17.37409898 40.84347482 27.8524183  24.16212937
 43.29705698 33.38208803 36.76395549 20.60584116 13.71945811 25.81606077
 37.70586853 23.00667215 31.65263665 21.5726749  50.95799722 19.61435577
 16.08406653 25.13083719 29.28697116 11.39764907 17.27041487 19.45714383
 18.66017594 37.72640185 12.1739466  16.94257893 21.31854182 21.49498635
 32.77870023 34.27914233 11.62438066 34.50931039 15.80008989 20.55922836
 27.43224035 39.51668218 18.56192073 21.00110822 34.71338589 18.11169699
 11.698518   16.29373937 11.85982077 20.19572887 17.30375207 22.63422095
 22.10157232 21.86247181 11.62153814 18.72547552 13.69955634 11.64399002
 43.24047474 29.4972953  20.68947647 51.68125771 23.9362275  24.06426396
 26.35145875 19.64038281 13.42623158 20.67746367 14.06150355 33.52121054
 28.60614238 18.504065   30.68561493 18.72359082 26.29841057 25.73348166
 15.68866596 24.66163837 18.15981485 49.10406604 29.47905281 37.53620414
 32.71765967]
22
[37.57610055 21.33429363 33.22578266 36.82572546 23.77854469  9.65171524
 19.20586081 31.36475879 19.53283563 16.1513245  15.59393537 25.82166487
 17.59566002 30.21991614 22.42224968 16.02320606 27.13485888 26.80891331
 27.68740075 36.86172968 29.35415991 19.83576943 20.91909219 22.73661234
 17.49344574 26.40271647  7.63297599 23.52574496 29.74847442 23.79671676
 31.47442053 12.81812666 30.61265543 23.23413931  9.50002356 20.60916274
 15.73920692 19.25374576 21.46549064 23.49238664 14.73987323 26.56748107
 32.47143593 27.00146041 30.24830565 25.01971851 22.47540973 35.10327992
 25.83394213 27.97729741 31.75601386 19.74783068 24.12857242 16.68641904
 11.67765429 42.66095785 24.6949116  22.80002411 32.68858505 33.47597871
 22.93601919 28.87635926 47.00492163  9.24342031 21.13704389 27.20155756
 17.0192168  20.67505419 29.61031909 15.18579604 18.10591161 21.42786074
  9.93876077 26.41304192 30.21417349 20.78930317 28.72977187 22.69205315
  9.61686628 25.98845184 13.77905717 25.34521628 15.5286522  28.77869876
 29.47003625 13.87932551 17.21038946 31.03542422 32.81347256 24.02053836
 21.19039713 19.13784103 26.05749258 22.52409337 16.39107436 23.8108212
 20.06157353 29.48225274 10.07565138 16.84314355 23.54048905 28.51664578
 37.10977551 30.42729671 15.79252882 42.52839533 20.85752756 12.16642103
 22.74274734 35.75332207 21.25048405 21.55350844 17.06701792 42.18663419
 28.64887633  9.88753324 29.83566147 29.40193045 18.46183849 27.05193285
 41.38642686]
23
[23.0192102  15.75520546 12.36272034 36.70311953 18.69765163 23.24114737
 26.22234824 22.15546234 23.69313385 17.36435242 21.62906839 12.31270222
 17.69016592 19.71205589 45.18243056 22.51692889 20.46683349 14.71741091
 18.22329812 11.73140032 16.59939344 16.56624423 19.70723945 18.6961579
 28.90501446 23.35967259 21.03968784 20.14470707 12.74595798 10.47873213
 17.97214093 12.38223266 19.08736442 26.34089403 18.83722943 48.31042235
 18.81798223 17.0831463  12.68969697 19.46944487 12.90472608 12.36876413
 17.31226762 14.04918825 19.14703112 46.22172848  7.85372695  9.5130143
  7.20969935 21.21291377 17.45418407 37.1982938  20.38774497 21.71254797
 36.20897458 22.99234799 15.74263167 10.17068782  9.59306341 12.93744957
 18.444259   31.13253557 11.88314199 17.34831282 13.57116198 14.35205042
 18.95154798 13.76431213 36.09074929 15.24676648 11.60303314 19.6891881
 24.40141953 14.61743415 12.2659048  38.9610105  37.38096777 14.45319449
 27.24187976 30.37051622 30.82610295 41.43949912 11.80418707 17.63750336
 36.94791554  8.88637212 14.80892004 19.64483725 25.40537052 39.56944186
 37.11236525 19.73260279 26.59882993 17.99299412 24.22789676 26.93192468
 24.93924012 40.39137915 17.57404341 25.15354007 27.26816059 31.73432182
 47.70942684 17.37569347 27.47311947 26.14016232 23.82904539 20.86598253
 31.08266503 19.66601759 22.02742924 39.16780299 22.3066249  31.48629449
 15.04665493  8.21113707 12.74006143 39.66780956 18.04403658 24.7212393
 14.94465243]
24
[20.57177729  9.57721441 42.28686797 19.82952215 19.7330054  25.46316596
 42.8665885  18.5942142  34.31916129 25.52995763 36.39165059 24.01148569
 29.16664089 27.97301838 14.61371873 28.77232401 27.68196258 26.96790178
 32.67551117 22.63636631 48.65289012 22.10975098 29.52550853 37.07371681
 34.4227944  39.7816585  22.08733726 17.39172219 18.8935762  52.39382294
 28.21160642 48.81407284 20.76990124 31.85113392 30.48569731 17.47549629
 49.12681987 13.2531819  11.01270883 34.86061194 19.29866471 23.33190329
 33.5494665  22.54565046 27.20762259 28.5451382  22.56003571 41.64404953
 20.465876   13.86842658 27.59786702 18.44482941 32.86417464 20.67277869
 30.15500996 18.52288903 17.58440652 24.38440942 18.34467799 17.93993394
 24.64954876 16.61457549 18.12828219 23.90711981 23.00862196 22.55366436
 37.82001458 21.62915062 26.2174245  36.149844   19.9434102  17.49679718
 19.94642501 17.83101089 17.12930469 16.43148135 31.85006849 40.68265516
 11.62420968 13.65958447 25.44808889 18.89422123 31.76505554 31.15470583
 16.64415042 31.1154522  36.86221851 16.35850029 19.91418045 17.45630346
 14.72533387 13.13686938 42.75508393 41.91077952 20.87386737 25.73948468
 43.9591559  17.56004137 34.3006478  20.38343618 54.95020521 30.85692016
 32.37450743 18.26109034 26.16313299 13.46470385 11.88315292 30.0943584
 21.15237786 21.87214307 18.72690479 23.53410338 22.86794617 32.51126342
 37.84000555 30.67709095 39.90731263 19.126107   22.66870671 19.09246216
 25.0604891 ]
25
[26.48937038 14.4357431  32.47814217 23.85832411 15.27452665 16.94153515
 42.00273277 20.66852183 21.94068679 28.0451536  29.23815566 11.66872264
 19.90556223 33.313898   25.45456049 25.63816453 30.31970642 12.61545711
 35.2203802  27.54268596 30.44589743 34.77626341 20.08865777 48.21809678
 40.62901684 33.39567019 15.22133884 26.30949953 12.56468641 50.09730066
 11.18198603 41.97385279 21.0919247  46.82804674 30.86544181 25.76632319
  9.15679563 20.13650602 38.040715   29.10803592 35.40455297 29.36345025
 13.80108819 16.44798636 38.30051789 17.65004173 30.31803818  9.54008914
 19.84068056 20.52871782 15.47342656 28.28436768 32.27124185 15.11766016
 27.92802884 13.76559173 31.98141212 45.25997795 14.73337285 13.28050642
 30.5600645  16.1918332  34.35791239 17.68446165 14.53712156 18.35331544
 13.69932898 44.2345134  31.55182446 22.37110625 27.3841179  41.39767632
 22.958834   27.91886386 18.59629373 26.01834809 31.73381039 17.37962522
 40.18701705 48.30951971 26.97489851 11.91543062 12.97717802 13.6891435
 19.85752169 25.21431213 21.60390793 27.14961196 54.34143985 14.3768229
 20.49225532 23.22905558 51.02126022 23.01770261 35.2714437  12.46093224
 20.730501   28.64393987 39.19878653 13.29281345 35.44729735 26.12047587
 27.05836907 15.13214627 11.36266821 15.33075593 36.98093836 21.6237885
 34.19047718 23.95454169 21.00901555 24.05154727 29.4031785  31.06363288
 19.87807724 44.77496046 48.81636873 34.15534549 27.03020385 17.11226741
 13.18311969]
26
[27.02622505 23.14498011 38.03123781 40.56903463 24.22593625 15.97219294
 32.26673981 16.17117709 24.16958754 41.75899516 28.15650079  9.05361363
 29.34360319 46.09087551 29.9992139  27.71164721 29.1645339  25.08933073
 30.02555463 20.87567874 40.25236607 28.65273944 19.78163102 31.50546496
 21.98713987 37.98340491 39.42464942 20.17092774 28.3879751  21.82191067
 28.55365651 31.57652024 12.72261096 17.99706324 22.85887931 44.95853058
 29.88566141 34.0359869  17.70757664 27.63791735 24.22982926 19.70780157
 10.83191277 19.0082485  25.16827751 31.12806187 19.38467242 23.38951532
 33.7637115  21.50833625 26.25300805 19.0477473  17.38515055 17.60539816
 24.56201903 35.54501962 43.9423353  37.09070706 36.95061933 25.60353607
 41.46746676 18.46957015 38.43767518 12.90139772 31.46760277 12.33424822
 40.18803222 23.89007118 26.86265407 15.95391103 14.73510438 20.37315507
 20.95961389 19.22698145 33.50990941 25.48180832 20.07549454 41.85944212
 24.35353418 16.3150604  15.38029069 30.86516948 40.9598311   9.13341704
 12.0576732  33.22814056 29.58697461 29.54029793 52.07131237 45.34478977
 17.54624564 21.53775492 19.77216093 38.5281256  46.34910279 36.71625013
 36.12667306 23.478142   18.70788226 37.92858446 22.73244538 23.99383146
 18.93296609 18.73561082 13.31548147 12.20500135 18.07559161 30.42318932
 17.34103226 21.60313896 22.66349507 36.69526319 12.21524784 48.66282532
 45.58496721 16.40503298 43.00055023 15.4074438   7.91526344 16.30969007
 12.10928478]
27
[12.21656737 12.0320887  13.95846669 50.53237406 25.55214853 39.1919188
 41.49933839 14.62605194 53.5810162  19.4612544  21.97543618 47.91142793
 23.60094906 43.83294564 37.56594337 23.18331674 20.19034247 52.42357462
 31.84056823 19.98217877 20.58611932 34.49956278  9.91119909 34.30764631
 11.76447834 21.19251904 26.16916925 12.45612732 36.35852718 20.71705847
 44.48742753 39.47998392 18.64583681 17.92416069 36.00015529 34.57112452
 15.77371659  8.35655545 38.90697634 27.84988052 10.28085501 10.9731392
 20.99691071 27.4226474  42.45021811 28.86228015 30.48081974 48.99108279
 40.54436708 16.84018135 21.38936895 27.95938822 31.510447   27.83447488
 22.12612052 33.56250208 32.26124821 30.43581111 20.21208349 37.41318183
 18.51348594 25.60936319  9.55983943 23.99635238 28.03804066 22.83591415
  8.12649271 22.01960037 36.96069552 11.59652713 18.1150724  23.83901891
 25.25509982 23.74045087 39.37343352 49.53888691 21.83408753 17.06862652
 31.065805   26.16224963 13.98591703 30.81644586 10.51350139 30.98443784
 24.36291558 28.63094257 47.13787336 21.71734308 17.45356885 33.26505826
 28.91878984 38.14864372 31.48622862 16.82181779 22.21768429 19.86082499
 14.33994005 44.19841433 11.94145047 24.45816258 21.25604665 13.76225936
 36.11747567 33.20610919 14.83971116 23.12368868 14.53021106 26.27649113
 27.39693574 28.18612904 22.64366524 24.63985319 36.564489   35.46112805
 18.07711286 27.81917266 36.95342075 37.62672141 26.84893125 31.90745252
 28.17272531]
28
[20.6170314  20.11075603 20.66513759 14.42624064 11.80061775 18.00956757
 19.01051582 11.4491836  29.14225611 11.86255635 23.82925107  7.28718351
 14.64558592 10.77217837 26.29018557 26.23664084 30.44140396 17.70055761
 28.44739343 20.63675789 11.28615715 13.22403014 34.62450732 21.7016402
 15.86014472 27.69524775 34.03642433 24.00197562 14.13929055 31.67363347
 20.10191313 20.3347239  26.84819689 18.04468462 24.86344912 18.49838575
 17.60991342 13.19222727 19.57900873 16.4701045   8.97684912 11.94655603
 20.50956688 16.39501892 25.26628825 39.26695208 39.05698524 14.39580407
 34.99527595 22.44517717 17.01045851 33.88747028 16.57427004 13.47368638
 22.71322438 18.52603427 15.23329812 16.77575237 21.77207154 10.87738334
 11.37976224 16.75564654 37.65554053 37.56160962 22.07058635 24.83932241
 26.06846261 15.80544114 25.64036699 34.29938945 13.36100113 18.98729351
 12.55342453 17.8123071  25.19656476 15.74994027 13.26650133 32.04868924
 25.90221128 30.01550521 17.48491205 14.08314522 30.7318763  16.34646881
 12.59260146 18.65196428 16.08229103 38.4109001  27.82113587 33.36791246
 43.29914486 11.29632261 31.8302069  14.67062692 20.0182594  15.15548483
 27.73796193 31.28141662 20.41148978 20.60885864 29.92684344 22.98448781
 27.28927112 23.43647169 19.19591201 35.5215605  33.5732196  21.88703048
 28.55231946 24.89248951 32.71631236 24.17207744 28.90008808 16.88155055
 24.24829484 25.55089175 17.83606036 47.49320587 16.38611655 23.38459698
 29.02904301]
29
[22.82877302 22.40672213 16.4517487  21.91788357 44.9085651  16.83628091
 13.35427648 27.85504299 29.62044967  9.08401174 19.96642035 17.54873574
 14.67485756 14.38357189 16.75207068 17.33421835 21.76629039 25.15356399
 17.44626198 18.20299151 48.16253297 19.63037264  6.34797924 13.76657364
  9.01897189 15.38131705 25.15861588 21.35831491 32.26179788 19.55935995
 21.19582116 26.35494148 17.32503245 30.60529403 20.58640186 26.49900527
 41.64686047 17.80715175 20.55632096 18.41076247 17.41349234 12.77570222
 16.31738861 16.62708706 24.2001111  32.44852264 23.41203799 24.70679099
 23.97872312 13.99164939 22.77224808 36.09720415 11.18697807 15.86735832
 24.04893923 42.3878336  19.18955126 19.2021152  18.64395911  8.37602949
 11.66271305 15.4794968  12.79578124 35.11685347 19.02706274 11.69416635
 18.79614295 11.26463159 19.04249628 22.30269738 23.96497454 10.92400411
 43.4589174  20.88679198 12.19606198 17.79957917 20.51051264 15.79511651
  9.77805237 27.85507043 21.55501198 20.87693248 19.47585643 26.48443068
 14.54559264 10.65067084 22.49344959 18.07224106 22.73836194 32.13098897
 11.83452777 15.47553408 19.80941332 44.29599073  8.71628384 22.99823256
 41.16494944 19.7877055  13.43376352 17.03717663 18.67260661 19.20052043
 18.73428478 20.60422089 10.52297475 13.92788557 29.37166076 22.9166665
 24.73921753 31.90705309 18.95663367 17.45080214 14.55828216 18.7033689
 19.17245063 16.30647887 20.44100072 12.30957201 26.41371682 21.77271639
 25.50132261]
