[28.56537008 21.07618094 24.32411482 16.02316196 15.12525855 33.99243594
 19.52288916 21.62421892 17.94166106 15.0506268  25.90728094 14.2079288
 21.21135371 29.76970515 17.79293476 17.5062072  18.77867632 24.45363988
 25.59877962 31.31117045 16.71554275 31.28607881  8.62488295 15.08223833
 20.46893892 20.89785004 21.41929886 19.85886128 14.89279075 21.06462427
 20.01728718 40.96759171 34.89223524 16.58234016 22.79279328 17.4081029
 25.40022621 12.39465874 29.36107944 14.92864229 33.27812983 13.51528511
 25.50542617 25.82442674 38.57899408 20.61207357 28.52304263 37.04626832
 18.2134779  23.64601262 16.86496366 13.90780531 22.89198702 20.78895996
 15.88805086 26.26721551 26.2523162  14.02431667 28.11232402  9.44422409
 16.76055568 20.20376378 17.87182894 32.14072341 18.26590776 27.62183758
 18.1435865  24.57103064 32.70086899 16.82614615 22.15745129 19.19475273
 24.67782533 10.70374772 15.29479788 23.3324121  15.62645595 23.7600426
 23.01757735 17.90728471  7.07536009 27.89329929  8.74871632 19.36294642
 23.34353302 21.07960951  8.57164657 33.21641842 24.525693   26.80452027
 15.90041524 20.84797438 32.55310781 35.45536881 21.4520645  41.96823169
 30.98238263 23.40410175 18.00261822  9.21439501 16.15888411 20.37848248
 24.50421949 19.08411098  9.96172801 14.45395739 17.94438879 26.31663169
 32.96531344 24.3310509  19.9067698  21.12188122 18.21736431 29.73826896
 18.73014122 35.51454404 21.46787889 28.61621037 18.60262686 18.44437982
 46.39174573]