[34.99959864 34.7024578  43.18341667 48.36307986 19.10966065 37.04668974
 24.57172022 27.97610694 21.97999614 22.36496413 32.17692932 48.02104116
 26.74796066 24.83324999 38.21921086 20.88291461 50.27335262 18.77891446
 27.66210221 23.50896156 21.99203053 38.95472199 18.33221154 22.54678353
 22.37776539 35.39689474 32.63980102 29.43070512 29.19175313 25.78621272
 34.43433537 43.79177126 21.27870559 16.04284446 42.25214545 31.43310997
 19.24463922 24.08535335 40.92819758 23.97368149 44.59754774 39.6002149
 33.24419575 41.11192898 21.69829002 34.58519498 22.87482065 17.20102561
 28.58972626 41.74840772 33.40888067 43.48783976 30.73251703 20.22918536
 17.95415244 23.17980584 13.9500938  29.27377956 38.2546038  50.04066737
 29.67920102 33.30620159 35.90622922 27.43099725 24.03690244 35.5750272
 35.16925644 41.39265996 24.44408005 41.93863526 25.38679237 22.05980682
 32.61348228 25.17153252]