[25.02079848 28.4466447  44.08828711 10.00748448 30.30341627 43.82770659
 14.13578616 19.39338893 36.60624386 46.10068027 48.89067617 43.38605108
 25.10944112 27.34413083 12.54169235 31.15444407 33.47795194 24.55378419
 41.42030376 41.86267576 50.26029937 36.97538552 26.42946224 13.26612603
 50.90279536 42.56749564 52.81171881 26.65190575 44.57824986 43.41766898
 40.09881477 27.35986606 22.37467139  8.47438362 28.09305651 43.86297457
 37.37769447 41.78882002 42.27669316 48.88737053 40.12866255 16.33596693
  6.07313046 25.27823289 34.60215857 37.51152421  9.62474285 33.83588262
 41.65352146 19.46217964 36.45016478 30.5659852  47.54235925 32.6299099
 11.56751369 25.20593662 58.03090627 21.22353808 21.24024391 44.94237002
 32.38099938 28.35678059 12.31721777 38.49897349 29.14452221 56.03281545
 49.3365377  20.65477825 27.67474997 55.56090407  7.35106912  9.49153788
 40.88299054 21.42015953]