[ 9.55370188 36.08425777 22.33084365 11.37391633 57.64311406 36.57542127
 15.36550944 42.96065326 29.52078511 14.30732906 45.27793555 30.36562127
 36.33024036 34.95735296 17.48583512 36.10229885 12.19202788 28.53281435
 30.28212876 53.30682022 29.10055173 25.48352308 21.85415127 52.22393536
 20.25350466 30.2545686  50.27686915 16.05375339 43.56600189 44.836975
 18.80778091 20.538085   17.89988965 31.31619211 50.49672652 15.69551746
  5.59449628  8.95489495 48.66654175 48.32561404  5.47564582 30.78030598
 34.00447165 26.29609921 41.51096051 34.08867278 48.71349165 26.13118871
 36.55452377 34.22804892 12.24495818 26.44491332 39.32487875 29.65197252
 48.55951349 35.92520932 36.37130871 26.14416445 14.96414868 18.07107105
 34.34627025 43.32004022 16.14968876 27.18221592 54.70795988 40.56919582
 23.94250773 27.12152865 27.73711897 43.7028133  48.19429189 46.69264927
 10.78762852 15.74036179 43.44555258 12.57745213 21.56327227 55.92961683
 15.2333186  41.0186574   5.98314308 12.30054014 30.25356024 13.1195851
 29.36109592 38.33278505  6.48080253 20.62014334 23.23041796 26.03251474
 39.4318169  19.93011031 35.02422363 49.79252659  7.76416392 44.40901114
 25.90018749 16.60217539 15.97170968 33.98697465 56.39445181 19.38032865
 31.91939911 40.5509896  16.32475452 15.95370334 58.85880517 48.7615183
 17.86558943 20.28834863 43.68370209 49.61649657 28.25044974 52.61759738
 22.26121614  5.46808363 41.01680496 39.58258337  6.0510317  58.16078418
 21.77293864 59.47304263 18.49786952 37.96716592 33.56877864 48.27875175
 10.82833542 15.63561122 48.30830298 12.14940616 20.80375078 16.13472974
 17.44373455 17.34616634 48.70498507 43.55727717 38.91313152 46.27749537
 59.86672318 25.56045705 41.82213205 13.87468475 31.60509068 40.26309821
 43.26198878 28.4597952  26.84725263 29.75190997 12.52383658 26.49312427
 28.77371561 49.9584765  19.25783945 47.59615019 20.84908505 33.81973174
 14.00765373 22.27093128 21.40864657 52.85518185 17.96508451 41.85272673
 40.01480897 48.75898211 31.75077608 24.71044778 33.86860457 10.28383652
 20.1658349  11.48189947 11.74800095 27.31757315 32.60823383 37.83879441
 43.39428003 26.30970917 28.89624544 46.56537213  7.05712061 29.62659674
 10.0981078  52.31090561 22.50003453 25.15616208 15.44707062 23.89481666
 14.56672045 53.74603804 35.06245184 31.50595208 10.83041661 14.53073045
  8.25003637 37.88094468 59.81301965 46.42493864 26.89918674 53.08872523
 15.28594817 33.57898775 25.13511195 31.81549869 40.08231611 18.07813659
 27.52614551 21.82560785 40.26141946 43.12674409 22.44644423 27.90206153
 37.2384704  47.34356161  6.65359632 16.30017277 18.83882594 26.65512706
 26.27741088 18.27633006 58.12728762 48.15651674 36.21866695 58.00760137
 57.98001535 23.95620085 30.95570856 34.80456165 13.60535365 41.03747646
 50.35817925 26.19051999 13.95714286 37.02232891  8.23800742 24.77196782
 11.74979201 16.45819077 34.70840216 41.39740172 34.5245965  18.17763322
 26.40939218 13.9789956  29.59451883 38.73741571 19.23569296 20.22854923
 14.57907617 30.76469089 32.49581436  8.87825901 14.22232816 48.45848599
 20.0682738  10.11965043 50.95966645 48.94637156 36.88328443 33.33378278
 24.00556246 30.62095109 41.14689031 51.10177291 25.9933407  22.70472752
 38.4597657  23.45495677 34.63119369 20.87504368 38.8616877  44.21597726
 23.07414973 32.95360811 16.6898336  32.8849306  13.44848515 44.49732106
 27.45449959 36.447389   23.98438016 55.43264559 59.41277189 20.37469047
  7.38513677 28.7167576  25.45526385 12.9929575   6.25542967 25.39041852
 12.18090602 47.77524846 20.05157089 51.70689207 20.09069843 34.5315684
 48.02819413 16.51194084 20.70476069 36.26614032 34.08088558 43.34648097
 24.60057782 36.01128981 33.44040612 22.35202756 53.38222869 18.8722655
 38.74159087 11.03292233 20.39131726 32.54488639 14.80112788 13.23182611
 50.32900747 40.96226635 42.14885062  9.56950878 28.02062123 27.27016448
 25.62102978 17.05471644 34.69750598 18.79177621 24.98765697 46.3336807
 50.84112611 24.37056574 18.2714324  20.29026021 22.24278114 43.77107352
 45.79197269 16.2173442  12.18233774  7.54951694 29.93528192 26.21983508
 30.82333131 41.19122047 10.02325731  5.74725935 14.44735191 21.46348434
 29.01416549  5.16132291 44.06579396 35.59960083 53.2235845  48.68695889
 43.75883777 31.63984336 54.00927447 59.33301977 33.1605234  30.93565161
 45.54255893 27.23482446 33.88512514 47.93872727 16.54507151 28.8430311
 52.68452714 38.32531378 33.94948635 16.53115012 14.14131757 21.93486869
 15.73939876 25.54149772 58.2153614  40.13846809 34.42347784 15.58053968
  5.70892947 22.54830155 58.97049498 34.71985409 15.79240381 24.15739934
 34.47518385 40.15960904 15.69215005 37.43439415 15.33574732 34.55314456
 55.90524787 13.72869816 53.39636753 26.98064576 59.95578867 19.49960474
  5.93309272 43.48658472 14.16743195 53.2519887  28.31408599 34.95169086
  8.74710054 51.7032052  40.3440599  45.63649061 19.36986483 13.72743994
 51.05105976 21.18456811 18.24152828 22.56129795 40.50554862 31.46783102
  6.23726887 48.09732495 45.2187636  42.32624291 31.3319637  55.45066552
 47.28498422 17.75762036 31.09052418 28.51769152 41.92362715 59.68505308
 22.17765149 31.15120287 17.06389839 44.24903011 23.36289639 39.23419106
 35.24325973 59.87172702 42.84080797  9.12612204 33.17273899 46.18398617
 30.25942199 30.80848141 16.52550537 50.8047966  19.50270504 50.98170228
  8.01707679  5.82445559 14.74481733 49.75468555 42.94039979  9.98203236
 52.98469143 20.99734726 12.55296157  5.23844933  5.67487815 38.31747185
 33.48912591 39.9481404  44.13648866 22.91856153 13.31450151 38.28433462
 48.59697789 23.09870744 11.04048488 39.94318977 16.33428251 15.89401281
 32.84568284 38.1329072  53.84295777 17.73289521  9.80394451 14.85619648
 31.18752745 20.78372751 36.22820685 53.43789187 25.49227046 46.06476787
 39.7961911  22.70624617  6.87994699 22.05116574 59.14430623 25.57405398
 15.05307594 37.55455467 36.12337913 31.54108844 11.45733942 28.21154037
 26.9081843  21.24335879 41.39487548 38.30389015 27.80097723 17.02622339
 14.61308369 25.94349443 42.64219275 55.42665672 40.37375021 51.53234868
  9.39951115 33.4281664  13.95114526 17.22926588 11.63708529 40.33364629
 18.54353721 39.48768234 33.72977495 19.83074376  5.72635672 44.72902688
 11.83438577 29.64021201 10.26330977 29.28833011  6.84155474 31.7385142
 27.69329729 27.79691789 52.41142238 38.66842961  5.8572137  14.08756683
 13.08343197 28.73328136 26.68919823  7.77281042 26.94585345 53.43711761
 30.00366247 16.05188658 27.27619861 15.13683587 12.58517733 21.30389503
 59.33839194  9.88353114  6.51332061 44.18831938 23.48620168 44.78039647
 12.67286043 17.40383176 15.6365615  36.42521888 16.69552952 31.85502811
 24.09044418 24.70834059 23.45632232 30.13272238 24.76772767 47.71486158
 30.77581137 29.44968291 18.0313061   6.2736942  54.18084592 45.90241386
 27.22252436 13.37342226 25.63571122 11.46612867 18.1955662  21.10649562
 16.43352607 43.4082794  17.00510354 21.25452238 48.03074919 36.22279737
 23.01914591 56.31603529 44.16112981 48.13071895  5.30310312 45.65236931
 50.76603223 12.98381896 28.94881144 18.27816641 44.26611551 30.86362408
 29.61409419 56.26274048 20.85795589 11.832121   50.06698366 43.27322425
 31.39258785 44.35057576 14.39722168 48.3958     16.2139541  30.2615206
 24.63304552 34.61878123 36.52425747 45.96422163 21.38989809  8.05169978
 23.81674356 57.07320816 14.65136035 34.37637651 16.18771085 16.56023016
 54.11068192 32.56079378 15.53849651 30.61021963 22.63303998 36.53153887
 54.20166154 10.48933643 53.23082839 31.16198976 29.85182629 20.85506497
 28.54680196 50.04457402  6.29579567 25.15790667 29.79329446 58.647251
 56.48265214 53.18156343  5.51666725 16.52672489 52.77709843 27.01659551
 11.86566098  7.9262463  20.37477565 22.7553375  39.50290759  8.48269639
 44.4310153  24.38755332 38.10484806 12.78354413 41.22547581 18.14611063
 13.18210898 18.07198986 21.42971887 51.19387815 47.4441183  59.14938744
 29.28412622 34.64526018 31.85028432 44.08870933 19.42597284 27.65402924
 15.88140836 22.50346855 52.09489673 30.68715933 24.61303557 14.7531311
 50.8113718  41.53490809 53.54170454 23.45698546 23.7732357  16.41152101
 40.49323253 30.4088739   5.95275099 21.69283379 11.56572306 29.54537595
 13.96353692 49.55679914 23.09241336 48.86743197 46.64207657 58.05353543
 22.98353042 29.56480171 34.89600811 42.10862521 29.63572149 17.05773582
 26.64416657 15.34722634 15.28865033 43.19770419 24.78409743 25.25740882
  8.91110324 49.21099056 22.33662304 20.56812641 30.10615459 36.28602771
 43.73471598 32.3638627  25.18760942 44.30178471 22.34488906 30.1307824
 37.84773771 35.20695737 15.62262224 24.76212704 40.09915092 42.79856594
 25.596746   24.80443804 16.65984491 47.61017931 34.34217488 37.01280554
 27.68282662 17.18406559 44.9902231  52.55269838 40.09252076 12.70307751
 30.20780499 31.2111683  31.69949116 26.21184163 21.73177714 11.18043017
 18.88324065 31.80285255 41.01714215 41.73846568 41.03534716 13.2045454
 10.43107965 24.99535668 20.66658119  9.98672651 22.7679897  40.07907877
 36.59271467 31.5431676  32.3737877  14.59507649 23.99392002 31.96030658
 30.07523502 30.45057407 30.56846441 52.20162481 20.56015228 43.97938519
 53.67322863 16.80384546 25.5494972  21.3384525  18.56822529 48.67595791
 14.42683158 13.46964517 37.1562136  31.02131307 31.30642133 26.32756411
 41.8519029  54.21555393 11.53170508 30.92369321 22.67496411 44.59340921
 30.81836939 32.78134914 26.97411071 39.40026005 36.70127966 35.38514005
  6.04269149 51.97282602 43.9195228  43.64586596 37.55416182 33.35664883
 27.04936904 23.61867793 20.73373766  9.01974358 31.69605409 21.45557327
 34.54706096 35.57197721 37.73685696 39.71412798 47.65742937 59.97617432
 28.96659461 18.55432399 12.64854956 24.06009918  8.47570137 14.50278554
 31.3587844  53.07786926 39.24485735 49.67149843 46.28461715 12.901935
 25.83521673 13.21035465 13.4304042  57.50042062 19.51892007 35.28841036
 13.51483324 16.42991189 59.46176207 27.27824613  6.43483114 43.71712778
 36.71899724  5.01218322 34.84892462 25.45282443 49.3202103  25.70873785
 21.75050087 37.86783    21.63367924  5.35479611 30.74455239 47.78527074
 18.33869257 35.83452872 18.94016603 14.31371146 29.30485514 34.36008657
 55.96213643 38.93189146 45.98404793 36.77116207 30.1321697  50.7740104
 21.34591517 19.20380541 35.3247227  14.04101899 19.28927227 24.3011657
 29.16768413 44.44952483 14.40024609 16.81586652 25.03119083 55.7679698
 38.06094277 23.92581495 31.43947047 25.06872165 41.44570904 34.28457927
 23.99734956 18.32683871 37.92667373 11.41157449 30.27964758 32.64248243
 54.20261995 47.12749926 45.1208844  38.82975932 29.50084573 45.42129867
 10.83624873 41.37183219 23.34443277 59.90923745 35.68427387 18.8432796
 24.67671499 14.27076226 35.11292827 30.25462922 16.37889982 50.3665052
 16.77645957 11.38302441 42.06205237 42.02518967 20.64691151 15.66883022
 32.61931398 38.39686492 38.61997503 23.23576619 34.20759243 23.91271548
 17.53534664  7.71903093 44.29860818 17.34470345 28.44859373  6.31163258
 24.29826307 49.91887067 44.36520755 20.90161322 13.54178486  6.5081452
 45.98787371 54.32701202 18.99849379 18.6995882  13.42931795 36.22629375
 31.4408449  26.94008141 35.27196072 52.90299698 45.11522716 48.4821726
  8.8851617  35.61100457 20.62177188 22.33185835 40.3660706  20.7083161
 47.19408706 16.54155506 24.52648161 59.43807704  9.84938506 30.94430681
 27.2207289  29.04982889  8.28650571 25.55568425 36.61326971 56.79298472
 40.59459164 18.39518593 35.23611003 32.15208552 46.06063381 30.72068156
 51.35988443 24.97816874 42.32460815  8.68337163 31.97367202 21.2340511
 23.4453789  26.84390967 48.02622868 28.94369476 22.71377787 37.21080937
 58.73993941 48.09115054 22.44305878 38.08840588 15.46083518  6.79740548
 43.78247966 10.27410779 24.56316863 45.39867772 47.67543558 39.89544278
 30.43099708 22.40236969 12.43668825 30.77670152 52.99282228 36.21329801
 34.67351611 48.01613768 47.39184528 28.8037664  22.71879995 59.19684132
 35.67205407 25.14360683 19.72127672 53.48733801 18.32268285 25.32081819
 34.60915162 42.4640103  36.8111519  26.74245029 36.37132073 41.45074143
 48.06045455 56.26404962 36.25517194 24.0657907  45.14949228 27.32779173
 14.63808012 17.27512606 33.17061222 25.80346983 22.95537656 17.90460379
 28.3515207  55.82535656 19.64263019 48.6409625  25.42217437 14.51901193
 38.39191386 50.16431663 22.39394121 43.31968268 43.84110534 58.49505823
 10.85973839 18.10971285 49.35826874 18.12508149 12.28104308 11.8447593
 34.81029558 37.21361386  7.24421005  5.79135727 18.39730556 57.5364937
 17.81064805 26.30939682 30.27685088 20.84720247 22.87860319 44.62494552
 32.13175525 34.11639682 12.43371398 13.2303424  47.81459134 21.63323134
 21.64834815 21.84320842 40.99452214 48.39353645 13.03500377 43.31297674
 22.28953651]