[41.84901856 17.39538036 27.97691741 13.64679107 17.80957166 27.93661055
 26.64349078 21.47834299 26.87200176 23.62811046 50.67446203 16.55498289
 14.43674575 34.9697083  27.94212669 13.33254718 26.02655914 18.46706197
 46.42978746  9.6202824  40.13550744 33.03476234 10.88787401 40.77045083
 22.9207945  23.53000644 53.28501654 48.37749559 48.97393464 31.6029415
 18.71997426 10.5871071  10.96355569 35.00399927 20.45296752 31.81567104
 47.68480258 24.59251724 43.05575174 13.94612138 24.9893155  31.95331459
 36.79753143 43.31047869 33.41628632 10.77463779 54.45374113 58.15250993
 10.12267956 35.83288599  7.66106071 30.2786612  26.44550289 17.61682463
 19.81256606 23.84235955 52.03373657  8.25385451 40.87785147 15.73039215
 15.62749695 17.7813597  37.11835916 31.70354546 54.83116321 21.16937527
  5.50326047 23.24789223 41.57068925 14.3257752   6.34222836 33.36033919
 36.64608547 40.74724925 22.72642347 49.29776709 31.17447488 24.13485728
 25.33400289 48.42614628 36.57116613 35.42656773 11.89058861 33.80861996
 45.13663387 38.06581614 10.39300127 28.5579197  18.44334887 55.05534541
 58.1375382  31.13843022 26.92067507 54.21137446 20.54496507 34.56320016
  8.05722351 34.76915373 41.50250126 55.60000935 25.79609312 10.39946118
 24.4169705  55.28849702 21.48710126 16.28107476 33.43804993 22.28502952
 56.62693838 22.12812928 50.34726943 27.66018987  5.57524741 12.19123788
 30.41291091 38.3348574  20.76993487 31.33240996  8.97302999 35.99881901
 47.7753193 ]