[15.46841154 11.77173977  9.57989225 50.88199557 57.32731146 41.07319484
 26.63201583  5.95475554 37.32293735 21.14195238 22.64961691 17.22959235
 18.83686803 13.14489896 13.64261108 14.69672688 24.6333602  33.50115796
  8.4044143   7.38921676 57.88841397 10.66277588 54.49679523 43.66522974
 26.73077718 31.297111   19.86365798  9.47272018 15.96116289 27.93623095
 39.44415992 18.76106467 20.20375839 36.16634204 55.29425186 16.62247102
 37.29389261 35.89888732 31.44053554 26.9003896  42.64843845 35.53465856
 45.73758141 15.3899141  24.8624658  44.1552812  32.4436523  47.42998728
 27.14805163 24.36175925 12.47530676  5.34163053 39.02565302 17.12111566
 48.75008842 41.88632564 21.11686739  7.74232303 20.21789523 36.84445062
 23.82807557 40.36115005 28.84986845 46.19495883 41.31847831 27.92560606
 38.8201945  52.4019751  19.38707418 23.11020293 30.16003369 33.20462284
 40.01774899 51.53134228 29.84310249 16.3945979  18.61823117 50.08601849
 28.35086681 19.10057304  6.14740286 53.03622769 52.51058787 23.67828967
 19.99521764 18.46431196 27.46626029  9.96772613  5.47989833 18.37408618
 21.52520266 54.75319391 16.06590186 30.49749368 20.68040236 35.06632103
 18.75815427 17.57049331 30.16356549 56.87151223 24.95333497  6.3655214
 52.2159815  26.9153769  12.34288553  9.53797572  9.02524693 35.72194874
 10.68500091 22.06543531 22.00448577 39.76766939 12.93217746 22.14847288
 17.26496773  5.6550059  29.56100367 19.40269665 18.67360121 14.51907579
 24.27512278  8.3262549  35.06933428 38.4977054  16.51391801 12.0610206
 33.69403578 17.85215849 12.03189984 35.29903622 33.47129616 40.31877065
 39.22177406 15.20988804 45.44265581 12.71888038 18.35856465  8.81481526
 53.06403059 10.44538931 55.6559676  58.04157458 48.78760793 38.09470612
 46.47270813 31.78233106 27.68390283 24.20585876 29.49975374 39.76593184
 26.7117554  31.2455343  31.42552548 20.35535962 21.0660286  40.65659491
  8.58267813 17.58706901 15.97416633 20.26727998 45.53108227 22.75141507
 10.81392347  9.44243128 13.88384561 22.48723856 24.34212267 16.37461416
 41.72558463 21.57191482 16.11497543 22.61820178  6.20279688 34.69602275
 16.32114793 34.08399872 20.95447796 22.30055828 54.12354621 26.8043854
  9.45935636 23.72196312 23.70498488 21.26991756 59.04677955 52.0560796
 34.72159937 13.88019746 36.13828095 23.6287274  18.74083361 42.51304396
 17.41215532 29.10428062 35.79967236 22.2376597  51.11316281 42.29811798
 11.06461213 19.06495601 14.3800975  25.12399429 30.47007971 40.33063438
 14.3117059  44.54733091 33.89712565 18.07555492 36.3152369  34.39682475
 36.70628786 45.23727262 17.89366917 44.83401805  9.53965393 53.16451619
 12.62084011 48.71353242 12.16507901 47.54625079 19.09535707 19.99530846
 19.29640079 22.24012896 42.22467087 20.23054303 25.48912398 21.48510924
 36.77725621 10.15739701 10.80708337 55.30163435  6.13140084 28.88074555
 17.2587842  30.54286816 36.23995703 27.88897817 32.83362884 12.90065652
 40.45469659 38.57246421 29.61517426 52.11934662 49.42839025 12.26706694
  5.40643678 52.83075931 44.9925923  27.75637992 18.4953202  40.87602613
  6.49083923 21.33829586 49.37511709 28.86672619 34.41256223 12.06375264
 16.36108917  7.21136543 25.00474399 33.75236058 59.09090373 22.84454744
 30.53225826 21.60259051 19.01132752 23.81219063 31.31262728 29.17250166
 23.43315256  6.49740061 32.09542005  8.49440653 35.08076749 27.90330325
 28.9382718  16.86091622 48.16950105 24.9629429  15.94771291 36.22529166
 22.02367059 32.32011633 25.57466204 27.94420671  8.26580579 39.0656731
 38.46231299 28.39585395 15.05061137 25.78931711 27.55578945 23.74953644
 23.2866709  43.89929434 31.10659335 31.08541203 15.34981655 36.57343878
 21.74722816 34.33709954 11.15943302  9.62442622 27.31394171 31.12233945
 25.38971151 35.55853108  8.9137621   7.41854965 15.07532307 23.58017123
 35.33744326  7.7977507  49.67783009 33.24104777  9.41552304 35.00717057
 30.47964707 12.6243369 ]