[15.6624221   8.42912456 30.74827266 24.36131707 15.90722474 25.57274322
 41.07132609 32.5038388  38.56238778 11.48830021 18.07416771 17.93001087
 45.02598584 13.20912443 13.83394396 17.15193598 19.35622026 23.35634253
 25.08298176 23.17615951 20.49525074 23.3025456  31.30001185 37.58923789
  6.0076328  22.98630993 15.64542191 18.35395211 19.70055115 26.80743654
 18.30837413 41.83317961 23.36904828 20.09349536 35.51593656 11.5392199
 33.39225813 31.3195958  19.89034728 21.85165663 25.44177597 51.04575047
 44.47888858  7.3281695  30.01236704 18.1750559  15.90784096 43.08035331
 11.7184819  29.72089233 13.63391091 26.50462009 12.02178002 18.80307521
 13.1227098  27.48747338 12.9864922  30.64910513 21.83114975 13.78692585
 21.37935356 13.89023315 29.90999135 13.06490553  9.20626671 31.99426365
 20.9622737  29.88267067 18.77261977 40.66681592 25.10490186 14.91040989
 11.16822866 43.56532418 26.52358588 23.28961007 36.7038851  11.70371462
 13.43196665 31.49218061 27.79327515 12.71732045 49.4113556  21.18345806
 22.82038055 14.86263836 13.30274744 17.27089378 20.61858928  9.60205189
 15.76743915 30.55852494 25.8545654  11.95108517 26.78221296 19.49929141
 19.57191018 21.28342161 15.61442974 15.35844132 19.89792928 31.75891087
 18.31798424 30.61085872 40.19729947 30.11171932 10.98794258 13.71124746
 19.3783609  10.57490296 18.25082939 23.55287356 18.41399848 34.96768554
 22.34650917 47.98135381 16.02636952 24.65623104 17.51772544  6.35981792
 18.3911349  19.56599504 43.93335186 17.1947544  19.8864474  15.11700139
 11.09863123 14.37726541 26.49394596 30.41447005 13.79960843 24.56357717
 16.61371362 12.06686403 25.31425609 12.33590674 20.92525044 17.0637246
 23.29295085 22.13294877 28.56046308 25.70765051 15.28307268 18.28470495
 15.47243421  8.83221057 32.54604944 24.82241814 28.67430794 23.55804522
 42.94260037 26.73034134 20.54055423 24.39677018 43.80392561 20.53760185
  7.92001222 19.15651953 21.89321928 14.97739943 13.45285696 12.20669153
 10.86072631  9.8853612  18.40887723 25.21328273 38.06333879 18.07996198
 27.39913737 15.21059932  7.71280005 37.22776351 30.8675696  17.97082884
 12.02759475 16.26051952 29.57551174 10.78307746 33.2881502  41.59909719
 33.28469862  8.87674896 32.7584598  17.00782243 14.48010815 37.53265412
 18.05264534 34.13407154  9.37934508 40.50332647 10.48231172 12.9008045
 37.3141515  14.53377802 32.47962134  8.68845963 19.15656496 19.40755029
 12.51341687 24.40738572 14.46607351 13.63344811 12.96672668 10.39236246
  7.55569011 11.59774667 11.41016123 28.1377865  17.51463932 23.79739333
 30.333142   26.18586284 31.7716768  23.49328001 33.62004166 35.06989725
 20.47111598 26.83423522 25.38012584 27.41078068 13.70227936 35.3083774
 28.4059569  34.16643962 13.63144652 20.43747615 33.41163622 15.87718147
 30.81093485 21.12378079 11.05061129 21.04965893 38.53750519  5.9532115
 24.40649925  7.6631293  10.87273286 26.22962149 23.14946585 34.04228228
 26.31510241 26.36166135 12.78377697 11.37223895 20.21445777 14.66040003
  9.89750781 26.73635846 24.55821102 20.61379287 11.48477229 18.62878756
 40.24730816 26.44856362 20.59485481 15.31793573 20.47234382 15.09733754
 20.59325178 13.88209714 28.08548269 33.03452155 23.35882066 42.59658346
 18.20974812 42.60418992 40.45210367 11.95417418 24.67757037 13.11698791
 23.11057623 15.63966799 30.609923   25.92506713 12.11943941 14.80594935
 26.38426907 25.09601198 25.77278208 29.52852027  7.73479194 16.88919173
 14.37033057 33.14918788 15.6678823  26.03667377 14.13633726 35.18198158
 11.25240807 14.27849698  6.88629116 35.51429426 29.90227719 10.68315284
 18.50602379 28.00549764 17.42423098 31.67980078 32.42500636 22.39081962
 32.56255636 17.29554287 32.70113532 28.34681573 16.02527917 29.40390284
 23.48542088  9.12350016 13.76688217 36.10651508 13.14211717 20.26440884
 17.14803059 15.9089401  29.58832609 11.54117003 13.79642507 17.74036156
 25.79841702  9.85825451]