[55.43747289 41.44864449 47.7508507  57.18053671 51.63549709 55.37164875
 58.66081848 56.13157991 56.155628   46.65345464 29.38768094 57.67662137
 38.21311895 50.35107028 43.39741829 57.69634295 56.16731549 54.39831475
 48.10465331 56.07619365 57.07723866 56.23273594 53.4791907  53.38395097
 34.0039251  47.37146346 49.63112581 50.21066931 49.28276977 45.83354953
 32.8762383  54.35398419 47.34449329 55.31066241 57.57523553 48.66800596
 57.73405351 44.25404242 55.18634421 56.71778384 49.68889627 56.846498
 31.00773332 56.34384001 57.5947503  55.93299173 48.82866608 46.09273643
 31.41330148 32.74060843 49.74362004 55.637326   53.8328427  57.39954081
 58.39498763 57.39135671 50.23218709 34.61077368 53.73352941 54.39864935
 46.45983622 47.16237842 51.98816892 52.29302004 58.59013474 56.11034267
 54.88086045 57.04878034 50.46440575 55.90601314 54.02573319 56.75659884
 51.4422193  55.52313067 51.38189258 51.91863025 45.6822364  57.52206354
 58.65534979 51.09872107 46.07905577 56.28565024 29.57333947 39.19111068
 57.27048223 42.58889369 55.37346237 57.47873551 56.10445768 43.19341269
 45.79447634 57.74000028 56.93340164 54.3789184  53.15467286 45.67500731
 55.97488846 58.84708331 55.61497056 20.029989   33.84897716 38.96527077
 24.56233801 49.34217581 57.8811562  38.00004062 42.9490462  56.26878387
 46.58482473 32.45368173 36.14154272 35.22271345 56.05892    47.70855275
 54.84492    57.32156321 45.70311254 43.84197407 50.9713584  58.17697385
 41.62623634 29.17891155 55.17822837 51.06727232 42.59097273 55.26506155
 55.69245336 50.08102815 44.83209145 57.72332943 29.34769844 32.66871286
 57.55818129 55.06123932 58.53276384 58.62145327  9.45585896 57.55337331
 47.13598255 39.58348068 57.44566189 30.02912509 57.56878975 58.79029202
 56.56900072 45.14929934 57.76227408 57.74473428 58.22534072 53.4742304
 57.28727703 50.12456865 50.32571588 55.66231613 57.81555575 42.89797316
 55.92023381 33.93578081 47.32009645 28.95309585 56.58817348 56.37860238
 56.4623284  53.08584813 57.48202609 49.59230132 57.55729979 51.58735979
 58.37764188 57.81449776 46.93878198 56.4939631  50.60782393 37.31209331
 56.65344079 47.60993528 51.36402458 52.69232998 56.92584299 57.17785726
 55.03435472 54.01554145 56.47616913 54.89213134 50.53301337 57.97042398
 47.90505182 53.58163    56.97668823 56.02391672 39.22813363 41.70843683
 57.97527034 34.37033677 57.363414   33.71379672 56.64607596 47.80341887
 56.66614919 57.67412792 45.69506788 56.92041784 54.48054607 53.02973914
 57.26260837 57.68589749 57.02404507 55.29045858 46.99267233 35.87485261
 50.81713567 55.36901616 58.89348346 57.96191858 55.29713285 56.06727368
 42.53558526 24.95290995 56.76285022 58.5430437  57.9037272  52.74907001
 30.70493735 48.20989504 52.18872219 43.91033522 39.27923827 31.1660119
 40.29393544 41.98288911 40.77040925 35.43974858 57.99526054 50.84505557
 56.69641079 47.01357966 46.967244   56.14172877 48.60529121 46.41606234
 57.78546396 40.66862031 57.92612407 55.48422444 52.59209685 49.23008773
 31.82525049 54.5809971  55.73546555 38.35991971 59.25906353 57.3934802
 49.75944133 31.85840135 43.73654253 49.66300453 56.93634064 56.71455022
 43.87426954 55.9195591  50.29202716 57.86444392 57.72755913 57.21990959
 47.50831894 56.30641649 49.22475054 54.80772455 53.83068417 42.01227139
 57.56831097 51.57671638 53.7350857  58.42816569 47.93507354 56.41694473
 56.03289245 36.42635039 29.28676652 55.32849009 53.23130687 41.97755938
 57.07002705 53.00761537 44.32095685 58.89568907 56.69775534 57.44317879
 33.13496033 54.93800388 58.25669256 50.29966882 58.22238589 57.10190765
 44.77954293 57.87812204 55.52211706 33.02152611 40.8971055  39.90520476
 40.4251879  58.25450592 57.48627033 32.86050218 56.38317006 45.73919709
 57.25807748 54.84795497 41.83665004 57.87271686 56.06681419 54.76881252
 49.56602532 57.92962545 55.24522172 53.27479718 57.93841299 51.38143722
  6.35990624 52.91765584 52.98996401 56.77297826 55.50630381 54.64354059
 39.44797331 52.00842042 55.07210658 48.57131093 55.41266047 56.72775671
 42.19267973 43.27941671 45.87370743 58.55350743 48.74474188 55.95213914
 54.88138708 49.60976209 56.59795379 57.58087068 55.84235596 57.53357073
 50.07001597 52.48437467 38.46983645 58.51782793 58.21512236 56.3473603
 43.59091977 45.43526915 53.55640908 56.090124   43.69913108 42.28858479
 25.69459506 56.90001448 51.15998641 55.76370947 50.06365863 49.38854452
 25.84738277 54.63985604 45.94901304 51.47962292 55.18437325 50.95184076
 53.76488174 55.71493067 56.05125753 52.55145768 28.31287801 50.06989401
 56.16443164 46.58962144 56.07823871 57.46564173 57.17513707 57.66036466
 40.47836547 37.54579722 45.69962619 47.82576197 45.617959   52.39374706
 57.39218804 43.9839944  40.18212709 41.59133819 50.3123346  59.23022857
 47.30781068 34.05782903 57.17842615 44.00436932 49.65442987 58.41194263
 56.05635172 52.47390677 54.72473066 44.86649844 57.58325165 57.57980593
 53.43991791 58.57030063 57.50701702 55.05076764 43.10407137 56.90862803
 41.81657636 57.8742036  52.81673748 53.59792422 48.76959702 41.75401301
 54.65322119 37.73961997 56.64454357 46.5384304  46.37754134 35.790299
 40.99393601 57.44486654 55.85156641 59.20460992 37.12494759 55.43224851
 58.96018529 56.55973711 55.8475187  45.4773872  53.38879318 49.5046423
 28.41388895 40.25836715 33.76948917 52.69341126 56.28818709 55.79701877
 55.88490896 50.99243087 35.32022239 57.96179929 56.44811542 54.99110795
 56.19073715 56.76828732 34.26612345 56.26303269 57.61766268 58.51528141
 54.03052581 56.12522378 58.17197739 56.66241104 58.64689569 39.26518899
 43.80117488 53.38854409 50.35627354 57.66153964 54.27971892 45.1748408
 31.18936116 36.87898668 43.97406475 52.17759318 48.12703209 58.04405109
 44.51260097 59.22601808 52.73134181 41.78634874 23.39091282 51.77913371
 50.03371054 34.76459125 54.502289   51.51670464 52.55987306 55.840354
 43.97158011 55.98714782 43.79137079 36.59388044 41.68072358 56.65392808
 56.74253382 57.18231623 52.76275896 54.96072167 55.51251155 54.00022401
 39.40836379 31.1666239  48.81170164 57.20848752 58.8485421  46.90599373
 25.63706834 23.01648699 32.02646295 55.94337553 57.19513087 49.90453446
 43.97931043 55.83905314 54.63604966 57.89744307 20.4211804  44.04151774
 55.27838296 58.85353933 47.77517495 17.89337503 44.46036778 55.87770116
 58.31857874 54.59926902 37.01423396 56.56999214 54.74559    56.7147477
 55.8955701  58.05763119 40.46823168 46.98496509 55.09827161 46.94799314
 56.69411386 57.08102541 36.61372728 56.35535786 47.53244296 55.97327193
 59.13013677 52.80497072 58.75986386 56.1128862  37.19433037 45.27504992
 54.03363077 57.92440769 28.58138737 55.88675199 50.41757272 58.9394845
 44.60779675 39.93733775 58.72130195 55.50221355 34.48986595 56.75324509
 58.20939773 49.4513423  57.71110836 56.25729689 44.96000893 44.84225503
 58.13137233 33.24008688 56.48410149 47.72327778 57.26796948 57.69015705
 42.78045973 52.44385346 56.61622    51.50838245 54.17727341 51.6815646
 56.58449327 57.93515408 44.24200047 48.25052912 57.2693515  53.61123109
 57.04827946 56.57192614 58.12020745 37.40196645 54.33739249 50.86247086
 58.52351995 54.71526393 55.38931958 56.43638363 55.56594571 35.27358356
 54.37214352 57.16430422 56.31174366 53.81247167 49.13715162 45.08426931
 58.46000297 57.46473104 24.77732963 52.99422138 57.19409073 34.91045589
 52.99394761 55.4801485  34.15805239 51.94946571 42.82793846 52.94640484
 57.74315758 36.72022472 52.9723173  57.49361064 47.78779785 37.17657474
 57.60854382 50.82079953 53.83205563 58.29081763 53.51079513 57.80214853
 34.31250032 58.81495211 55.75007543 38.75770121 49.0323723  53.99335909
 37.672821   31.31772655 49.49541471 48.14928844 38.88336505 56.65940404
 46.86865507 43.93299818 49.31277605 47.73540256 42.74502518 57.04299797
 56.89699859 57.05944291 56.62324461 56.25464027 33.63201412 51.07266365
 34.17178701 54.91618006 45.54195534 48.06951597 56.01422394 50.34228839
 55.25013856 39.35757762 48.49957584 47.21960864 51.37944294 52.40850023
 57.13787994 57.34421812 56.96595183 50.60352193 30.925522   45.44639011
 56.29423923 38.91844268 52.39059443 46.89005724 15.11460936 52.0229468
 42.34367127 40.39485884 53.68025844 35.5316474  20.45814819 53.80194851
 54.94567745 56.35675664 32.98878117 48.74648428 44.54124794 57.67445936
 57.40821347 55.81650431 47.0884761  33.495126   13.14022714 53.9440883
 57.57874808 54.54029653 58.2943756  47.88661917 58.05881201 58.09153065
 56.97464836 46.94489778 52.49520745 56.64231283 41.82367417 50.01251342
 52.86212891 56.54194214 58.10164148 52.83300357 58.32375215 44.1481703
 52.13983289 58.71200725 56.80032088 56.70839217 55.21323588 50.01274379
 55.38264438 53.37183168 58.83572447 55.53277861 58.96413626 46.08536771
 55.90537637 58.60126349 43.0103258  51.62445419 30.72451754 39.26749741
 47.76126204 55.26980002 31.4505346  51.84771039 52.86243441 59.15359047
 24.62545977 20.99462441 50.820089   43.28416113 51.28800176 53.57229575
 56.15754969 55.66447089 37.63620455 51.64755674 57.50322281 48.61333678
 58.72288911 51.86392525 57.64139521 55.9256965  53.59729619 55.311387
 34.28384341 58.19646334 45.27435681 48.66081439 57.00660539 42.96613088
 54.72774114 41.49006173 56.5844641  52.91699604 48.47446442 48.59758321
 56.11784664 57.94152058 47.2796577  57.25766025 58.28396651 57.14225269
 55.12905413 57.935729   58.32406898 56.7515369  52.29913662 49.72204476
 50.11503633 56.91837752 52.66438428 56.92100745 50.36752983 58.06053013
 47.71341919 48.23646783 38.03991004 57.31295509 46.82343417 33.24472155
 36.03895159 56.96127833 41.91245385 36.76986215 55.07830029 55.8716244
 46.60267157 58.78762476 37.61686255 56.44139508 37.86898153 53.43165153
 47.34152341 48.83877466 32.50337896 56.02540019 56.86352398 43.39141748
 54.59124338 43.66855772 49.07858608 57.46162858 21.21624919 52.82385339
 52.42994325 29.90845175 48.57652307 45.49171844 52.32011952 54.56143888
 34.25089511 53.8316047  51.84302911 56.19873013 52.62402294 58.42799169
 57.30574236 49.26867103 56.06321698 57.33049007 58.53927892 57.8650687
 55.02872545 31.23198474 57.25310144 48.33971232 46.26889297 46.96875164
 36.78539189 56.9995984  56.40924135 43.04468221 54.01189655 55.87858266
 57.2565598  54.06738927 57.26949553 40.41752732 55.6521336  54.36178703
 31.5553876  55.64498854 40.21353193 32.21763467 52.98390799 57.69053925
 44.18421864 56.52928454 57.60070152 45.28762876 57.58978311 45.12170998
 55.95399577 48.42532856 56.35698434 55.13995344 48.722773   43.61265377
 55.67773896 45.3975649  58.15595874 24.38086979 52.03576569 55.58340059
 34.44148916 53.48719649 33.74835532 57.06080273 50.85239572 41.15598498
 54.37087026 46.48316992 50.49155581 57.38297624 57.55029954 58.78908659
 58.45373901 57.83578902 46.29470534 35.65020934 51.89144031 46.85501645
 53.47137554 53.97778954 38.79074681 55.50649516 56.74109964 56.29713044
 42.23253678 58.23094692 41.73792252 48.62159536 56.16124945 32.42593889
 50.91286747 57.97013755 24.62077171 56.62153045 57.33407351 44.87932581
 31.50054174 57.10544142 57.26733382 56.8907282  55.24225183 52.43148541
 57.6805429  41.01720051 33.70204996 44.75873039 57.42967243 52.28873105
 45.41585192 54.74466203 57.20140443 54.16034974 50.00602012 49.09765081
 57.76282533 56.60184479 45.01567295 57.60890791 11.52063128 50.54719303
 25.74801029 44.68517222 55.85422979 53.80422295 54.09649488 31.18530628
 47.81015312 56.46611909 43.37502597 59.05542972 39.86009628 55.85921705
 32.84448224 44.75844783 55.91893761 52.55308652 46.45916644 53.39817084
 57.22008705 47.63730216 34.2730361  54.55481908 57.49096369 47.11164097
 52.21949806 53.96174896 43.60332828 46.87450151 47.5838745  53.10937823
 58.96879158 56.49481201 56.14458467 56.79273672 57.04925665 57.7422903
 21.4527732  30.68522986 56.01548278 54.35390208 54.53639255 39.22893245
 48.85711769 47.00446817 45.24168403 58.51579895 44.6590654  56.07340731
 58.19031749 49.44283434 58.27453418 55.12833508 44.05501843 54.20235573
 55.79842946 45.6908305  56.7403903  56.53830971 44.36233058 30.40692245
 43.60585535 58.0876851  54.87204858 56.23591408 47.02583547 57.69457637
 49.50083558 39.04589116 49.85246032 58.15349866 58.08279627 58.36649579
 54.00620797 58.20438906 58.86075485 18.11481427 56.23557792 57.75015847
 58.36211837 56.96619382 45.04404498 57.21714646 58.71709884 57.24310496
 56.62559622 57.4119582  57.07477682 38.68588004 33.98378543 54.34502245
 52.81076542 55.00606353 51.78035708 56.42491439 49.33827238 57.53724708
 57.80463131 51.21473702 28.78991772 57.47564483 55.33253023 47.38580106
 48.03940549 54.74603383 46.12444617 46.48227919 51.93600772 55.93894111
 46.24280437 50.25626781 55.81508993 54.37766206 56.18769484 53.83374855
 54.9396575  57.02467241 55.8365239  55.73239334 55.04063205 56.52134512
 57.11469218]