0
[15.78570349 16.59513077 19.91142588  8.74085041 12.16563845  9.059679
 31.41884083 16.77625401 13.10029935  9.41964987 11.71572833 18.97064246
 13.46788066 25.91880207  7.02846457 19.4855256  12.2048983  16.89089094
 28.91498832 25.21014718 21.06622058 11.83399143 11.71897728 27.08305956
 14.80565091  9.10580281  7.88462633 16.92796284 13.20594128 38.9187405
 15.88663828 11.80516347 33.85104921 19.45267722  7.68390367 11.94693731
 10.03470184 12.01278636 11.44355516 16.58436685 23.99781743 22.06065914
 30.26778059 21.75653876 19.70630228 29.48791358 18.97995932 20.77006184
 14.39617086 15.06846338  6.14019234 17.34233673 15.81952313 16.66663634
 19.59208559 18.27936437 17.29402113 19.94272522 12.28025387 22.56219737
  9.23291204 21.08437951 17.81864174 23.00300741 16.0899684  29.9326892
 11.24607989 23.62301852 17.32901381 11.88934431 46.5715841  18.3340386
 25.71783952 11.10142202 14.68153281 22.58199226 14.46205733 27.90683125
 14.85068043 17.12186738 12.8391965   8.35162206 13.66015986 26.94824455
 23.68843077 18.71099192 26.37857322 16.69646645 15.54623612 12.74436615
 15.14503317 22.46641257 16.74748894 13.37338998 18.25922166 23.78001734
 19.11123278 21.56360102 13.04731606 18.6377957  13.8019153  17.08948667
 38.15342431 22.55356584 28.92806455 26.56104049 21.39783215 16.66206021
 15.64147675 10.45723353 25.95867291 15.94363518 17.43662757 15.44616625
 11.39675516 16.20048366 16.6872753   7.02618854 26.59085748 14.47971152
 38.00152762 14.55332926  8.43361575 12.4030589  14.76165474 10.0720689
 16.1077958  12.91311434 21.20203347 16.30958902 18.95223186 17.35918612
 24.08651456 26.28671532 21.38678778 12.88443417 10.59225146 18.00664939
  9.45366661 18.02909642 11.78066503 12.16845056 18.96578856 20.87873837
 17.23278574 19.0385128   9.68493135 12.39864638 14.58258143 11.00545215
 19.97875084 11.91353205 24.69246124 22.51891244 25.62331258 19.57444973
  8.13419577 17.0858469  14.16228532 30.13103946 39.27585607 15.91520594
 19.38951348 15.59042663 16.3432885  14.79786523 12.93204812 38.06287851
 19.42499898 27.25498517 12.09937869 19.74405065 21.73091138 24.26682133
  6.5929456  15.32422506 15.00088134 16.38836797 14.1525843  15.45815994
 15.04075616 14.23697174 14.47841564 14.49638095 20.71757801 11.58763276
 12.85373556 23.22035142  7.9349513  14.99296462  8.05331016  9.224036
 19.49642533 23.70627519 17.51625154 14.63174913 13.59480805 30.97414423
  9.18410379 18.96896687 19.70989671 27.25208591 17.78530953 12.70563013
 16.00321926 36.36106678 19.10397516 12.19135776 25.95204008 11.16416358
 26.4978937  29.00567833 23.8304605   6.64658624 18.38839805 18.6831844
 30.58472062 42.55325332 29.48121777 11.18754707 24.76150818 11.22640999
 16.42129332 21.80529482 29.73417818 18.6507562  18.42874779 13.80691086
 14.18949486 15.71378166 15.12415054 18.57013022 11.10723504 16.43085559
 23.97381452 19.19198812 19.20615618 26.34849801 17.76446787 27.72808314
 16.54566277 13.41193816 17.44614192 11.57773727 22.21790472 15.457204
 11.91069118 12.6583827   9.75459268 33.32508402 17.17893141 12.30262453
 18.06129716 24.53463075 16.14333722 29.67821042 14.44194784 19.18241778
 10.72201631 17.43245879 12.00038064 16.63031139 20.73852263 33.4191617
 16.01156305 20.18514853 17.98949414 31.2933745  22.09889574  8.41087134
 13.63834029 33.56550913 16.0490315  13.6164861  19.14639356 12.82935861
  6.58987354 11.76205528 13.96056426 17.19958693 17.38377615 22.70748629
 16.24745236 44.4359082  45.74628716 24.12511137 21.92825577 16.62851325
 12.35530888 16.20155013 13.86631123 24.92365308 15.80426314 18.77777477
 14.40774845 18.0044496   8.21407055 15.09686344  9.34705687 27.94065245
 33.95340769 14.4494876  12.87807231 24.64711577 18.10474488 24.73522053
 20.44478181 14.86744059  5.351283   17.16949544 15.00514988 18.98665977
 27.76279297 21.44947276 15.86427738 12.89326144 13.91067793 33.97489141
 23.04129161 14.49053427]
