[ 9.21532627  8.60627144 19.28767236 24.40125563 13.28563032 15.8340198
 23.26499339 25.33627469 20.7620172  11.43768364 20.93903554 10.33881459
 35.19543048 21.30771593 10.9010793  23.99639318 20.5969155  26.79096963
 18.86520027 27.57109596 22.57813229 22.29459432 13.28649163 34.14371256
 17.33508326  6.71508143 42.41352005  8.14700483 27.70503249 31.77775463
 17.97389401 50.6930218  21.04305109 23.89349351 21.37221068 17.03810818
 18.51440436 22.77950501 32.33585071 32.78982538 31.14641979 16.86292038
 23.10893731 14.54936459 14.39212463 24.96236121 11.42602162 20.17208884
 13.61983753  9.72117151  8.73573403 28.31399494 50.6930218  40.13052913
 31.0348163  21.75468315 24.47308373 25.04570499  9.45623444 11.26085235
 26.32431213 22.44251009 18.78029084 11.82089163 17.01113298 10.52330334
 13.25255831 22.77804002 18.12940752 25.97217083 16.13485798 14.07616394
 12.25156935 16.20288992 19.89445315 28.07273733 18.96351787  8.73450267
 30.85821263 15.981624   21.34260197 13.06148027 33.27680444 20.21151126
 23.15974681 18.20838306 19.16050518 28.79488649 15.07311029 16.04546243
 24.11275779 27.31411879 11.81301472 22.36188528 36.97642704 41.0401076
 18.61688612 25.60954078 33.77460656 18.96682587 20.69083207 24.25865417
 23.88557494 14.30610776 26.03979806 20.14991735 15.24472631 17.84818297
 21.13333365 13.71624195 18.82531151 28.37828692 16.78449743 15.93045288
 21.62226467  6.60072088 15.00953245 17.20174407 26.02832808 26.13330375
 33.9233296  12.8001804  19.10829057 21.95878888 20.32738857 13.78047107
 13.59982774 29.40911988 22.53029453 28.84858521 14.08366582 18.13025763
 22.14670544 23.33318581 28.52445438 25.95559358 33.20455085 22.19567597
 20.6433414  31.69976663 29.77788684 12.50363932 16.21222606 19.68546258
 17.85592778 28.81333031 14.67996134 13.16449725 20.19474778 32.17087131
 10.33324784 14.99658613  6.32091506 25.33972221 26.67055424  9.40302826
 27.18533281 12.36508049  8.02493588 31.93831571  9.76571947 19.60177886
 18.71837157 17.57378164 13.55298284 50.6930218  25.59713668 17.73647878
 17.39542451 21.14303708 19.64975846 28.38881889 15.29325882  7.84343545
 13.21759032 20.74863803 20.23352553 22.77448082 37.64821648 15.03942303
  6.91977867 22.85076043 17.421545   19.28820848 18.90992952 16.80157819
 23.6054665  25.9736871  23.02706493 26.82382206  8.62456245 20.03147243
 22.83650062 25.42677671 25.64986833 16.07957235 26.14641647 24.28347033
  7.28094704 18.43570368 18.51361881 15.48814774 25.89545603 24.21022041
  8.38251896 20.73327529 24.72331036 14.69009124 22.45015487 15.45299006
 15.28764802 16.0576818  25.16349698 20.80958846 16.61003594  9.81137017
 34.66463293 31.34753716 50.6930218  31.069655   26.16855889 14.82040757
 10.24013432 10.622145   12.2266454  22.5255311  20.83895553 19.30496378
 13.24804408 25.98490844 16.00858628 27.85883848 12.54674917 13.49404339
 22.57202738 22.8481648  21.65812605 10.24847501 19.51562172 18.76943999
 17.95781464 18.00761932 15.0411236  11.43364194 25.00725961 22.98547234
 13.89034508 17.55303468 19.12047032 27.73957498 14.33219884 21.58822169
 22.82160979 24.05669993 35.61756182 14.18761994 17.21728605 23.38027972
 18.68264512 20.0939574  34.59736021 12.46985141 21.16906685 28.41476404
 18.18892204 18.95886539 19.82026482 25.14492905 29.37280092 15.87628562
 24.11768486 28.70004561 34.65091964 17.20088352 26.05969095 24.7717326
 32.30150824 28.21641095  8.60227869 19.97575359 22.51514043 19.73299539
  7.14013109 35.12241382 21.03235217 13.07055651 16.35093936 25.22203598
 11.7559775  15.12120643 12.32751109 16.67035751 21.68000074 11.40761403
 24.39361522 20.48817535 25.72737399 21.55766818 10.700309    9.9659916
 24.39449973 20.89924733 16.18582567 44.8629691  22.65986954 29.23669666
 35.24190865 22.67967032 19.37471058 12.85056591 23.75218135 23.86533329
 15.41766681 16.25267092 10.40023022 25.78267448  6.58078988 16.42343727
 21.64005624 20.74968497]