[32.26540618 24.05988732 18.59145666 46.24229829 58.75448224 53.54351727
 23.74646618 40.51087808 15.7604109  11.09496146 11.02580953 23.01779833
 40.82604163 12.8987555   8.92282996 47.55842042 21.9297081  11.93484528
 43.60962132 16.48776077 54.80033806 12.91761015 53.4948891  53.92888418
 21.05633105 12.97293532 45.5250204  24.94994317 32.24803117 27.93855122
 29.54984107 15.36214193 26.60336061 26.95635131 27.16801983 38.55705366
 34.70649007 12.78177531 15.34315947 45.61822118 30.86218493 35.9281207
  9.19435885 19.11707647 36.50824037 27.10764135 26.31801573 24.60090373
 10.53092261 19.19746995 25.77213446 26.60232767 25.53056663 37.65148776
 16.13007783 17.87761709 21.96744382 47.27798584 47.44592216 15.57041876
 21.26798328 27.65526795 21.07333901 39.70907007  7.0919482  12.3932371
 10.83427282  7.88951885 21.66806546 45.29093395 21.37289722 32.67876273
 11.24409388 30.74283238 57.63288531 36.84359984 15.28369209 25.13234756
 16.74193802 51.47886726  6.77153823 41.07118279 10.46369786 22.09316557
 28.92364201 41.22433888 51.42127893 19.69022139 24.89367437 26.37914066
 10.30520121 34.04236175 21.63431268 29.0714162  21.39993871 32.1205558
 44.35233044 19.23688903 15.85230596 23.387054   23.37319337 28.78877065
 25.23753278 33.23942187 18.310885   54.7698816  36.55306843 20.47389282
 31.28446133 25.81540203 36.94515567 44.46431719 31.43289748 36.71920667
 21.87803441 37.02235008 35.65301054 15.29610491 15.55704613  7.68544688
 30.45995086 15.01190743 31.05312342 15.69547111 46.97967785  9.55476469
 22.66277252 30.20829224 30.56426535 39.3906292  12.35746    29.75843758
 14.72501647 22.42997066 47.93761614 36.46324786 33.08596663  8.06348883
 52.33349349 27.03734805 45.66620041 15.80978383  5.44957393  9.62672104
 34.34951912 39.79439787 32.15235641 47.32663934 33.77357361 19.14110889
 25.2781491  12.39449958 36.06043119 12.53874603 47.50589465 10.97263136
 30.77471102 24.29800482 48.37209977 24.22968062 34.26979381 25.7771279
 18.2405377  36.43518422 20.46083733 47.500597   11.46407937 52.59011205
 34.28349075 14.36419263 40.20199369 45.6067387  12.15664449 18.52881397
 49.77851058 30.72632944 55.25626073 42.41846313 31.30493896 13.71410596
 14.1132783  10.13896582 51.11127819 26.22061936 25.28082746 51.43921591
 28.54374806 13.38834317  7.42228955 22.08686927 15.79337356 24.73344618
 23.40601843 32.06486777 36.75973688 50.0113238  19.80308412 16.10265304
 35.75465366 22.56370749 18.95089796 26.74241036 38.34177683 23.93457593
 29.75597563 40.86763818 20.43483278 16.32512747 53.0230074  30.09355192
 25.66847374 24.85629557 17.33325873 34.33523533 30.153338   17.60634428
 44.53941568 23.77615689 52.21342298 18.38262786 21.49792997 50.196804
 30.65766609 46.71303887 31.73762504 10.6170628  43.47882092 19.34485923
  7.85612638 31.48803971 21.95025443  8.26589065 32.58441125 56.19026907
 12.62975077 18.23199017 47.79530952 29.78840361 25.38640606 34.13212666
 56.8493483  23.43622344 57.41294874 23.63340004 10.44110548 19.57599316
 24.4872543  19.47128861 31.46292201 40.60591494 29.8755318  27.60830253
 22.02647644 21.14976706 17.56219294 32.48915244 44.143618   15.61308093
 15.16421606 54.89904103 23.09877656 36.40958225 37.99683319 47.95001578
 36.28271274 22.27775812 23.30154682 34.85281197 34.63103855 33.19361301
 31.00321746 28.84939424 17.09220597 41.48978747 28.34915743  7.30039328
 35.29117222 44.03217757 24.76566512 33.82194833 35.87819515 34.99137358
 13.12589053 50.0223315  25.21327918 51.48341843  5.3821106  38.47540331
 27.56505359 35.57070388 31.23258643 51.52397946 56.13293593 12.58724792
 27.20692459 18.62521013 15.60020584 58.89831291 35.12830683  7.32376764
 10.69743739 29.66759275 13.01354337 20.88215765  8.96465282 13.85561391
 35.68631741 15.29918143 26.46892626 22.69159499 47.68785571 42.9933039
 21.46038403 10.64952464 12.00960657 32.53890925 26.52302244 22.06699111
 19.045278   15.31699448]