[16.62592556 14.16762797 11.57008467 26.28610998 11.84380953  9.33807658
 15.55744977 18.11951675 53.09948538 24.46963652 16.39637679 29.82497078
 18.2653187  16.93039105 13.21421071 23.64941642 37.46269516 10.27528729
 42.79040237 39.42813742 25.1300821  39.63549686 19.13245643 42.80287261
 13.50280904 12.88018908 31.62303999  9.6927377  32.75369243 23.95757678
 18.24606548 20.27328965 39.81635543 24.35956871 19.42865726 25.84561581
 15.10234611 10.02861681 12.630823   15.81709645 24.90345772 51.65733288
 16.91029432 12.78690037 36.6880932  12.31130239 12.88535105 32.86997425
 22.89134232 29.70449364 11.34245717 28.09471443 25.10873845 10.16824928
 25.22223201  8.25095848 19.29249792 34.24096443 16.10472453 16.63370585
 17.07164202 19.66939828 28.35309249 17.23709934 15.34169582 16.18616358
 11.13427149 48.02579485 46.26199007 18.25545551 19.08568234 22.87078714
 19.73872153 25.53963504 11.87162982  9.24410916 34.13907782 15.08880479
 32.84506344 31.95378813 26.31805235  9.01892274 11.50190623 17.29529022
 15.33433727 22.95944666 20.44142836 46.0371421  15.66076082 12.65094076
 29.02414514 17.08221651 20.03235602 12.83435138 21.14743953 23.76196935
 18.12753845 14.00967091 33.73231849 18.18168904  9.08811478 46.72590472
 30.88431558 18.02446712 48.45366604 42.78494891 23.81103632 17.84474524
 18.07186182 16.22651576 10.41384002 18.45544206 32.07615869 11.83184278
  8.42198248 22.6912302  12.7951115  13.04586555 26.97052462 11.16697709
 24.39572643 23.22288234 17.68904616 38.27775887 23.18180833 28.98276033
 36.66972273 24.34312662 23.15413295 27.74060044 18.89652228 31.02473017
 21.75626285 27.03535449 18.29201498 12.57132711 12.36764333 38.11306774
 32.15584678 22.19432427 17.94001074 33.31150865 33.4512658  42.39739393
 32.76900975 12.58237986 22.1912492  30.19843386 23.1030432  43.32521553
 20.29932603 14.52719789  7.92165201  7.59108593 18.47558738 22.01145613
 18.96616004 34.50729864 15.94107254 28.52707353 37.98208966 17.21578134
 25.578293   50.26046984 15.77386548 27.26892121 11.02550998 29.50733651
 31.33284424 35.89489756 16.05618928 13.64084504 31.78180423 29.51662581
  9.96128512 34.05043161 40.66205837 26.66926851 23.23565721 24.89731979
 18.86599654  8.95403577 42.83514017 19.30949312 16.21308379 32.58490703
  7.51955624 50.42209843 18.99360745 29.78600249 12.95220474 10.94740751
 33.58873606 16.31647172 15.4410539  18.19364546 39.7665515  15.86251415
 22.17678314  7.99759095 20.34161917 21.75147932 21.73354235 13.21949189
 32.1151292  25.83388376 16.8394173  26.82194552 19.13012391 17.21940322
 32.82766101 11.66666757 20.63755977 19.56178368 30.50499671  9.49552285
 26.0882361  23.9423412  19.28683329 20.61798255 22.75150757 39.55078516
 38.67260008  8.83865613 20.03956411 12.30671858 20.96336905 23.38445919
 47.62377787 44.05382567 16.17485681 16.18433967 16.15911677 23.86417962
 40.99787408 35.18992401 13.18886598 21.24586918 25.55261792 34.88798577
 42.28563191 12.47486109 30.49011999 16.86134615 18.55637278 19.75469382
 17.67369801 14.16327447 34.35361625 33.65163878 19.55167137 13.44175212
 27.26717473 19.69063518 29.95601453 12.88647365 28.30027145 22.25014251
  9.21478043 42.65437973 46.15568565 14.87562864 40.88794574 46.86710445
 24.89697244 47.16356135 44.55154585 19.49680803 37.4539256  12.23391132
 33.89070526 12.33443316 20.08031006 40.46640311 27.66725262  9.68145534
 50.89013112 21.04199476 11.04816675 49.70609413 19.50237486 15.77851323
 18.96691083 29.92050402 23.73140419 16.60880986  7.53049202 36.66305104
 24.23745655 16.59291797 20.89341345 46.52677995 40.67585584 18.12999084
 35.59287333 16.34985173 30.6926019  35.6307297  10.0639129  18.57755688
 16.40954358 20.08429933 32.53300022 31.04465512 43.75525432 34.34055457
  9.5089164  23.74826935 31.84731493 17.64104412 33.13845688 17.47271232
 20.54973263 21.77475443 21.72467024 14.18650707 22.58240578 20.34708692
 39.37031079 17.94818866]