0
[13.74611305 13.71089833 11.33752968 11.22794338  9.70681441 10.93430707
 11.02216949 14.13507988  8.49548748 13.24971265 11.7575105  13.27786784
  5.87270595 13.94853042  7.1829669  11.85510521 21.42180337 23.12475929
 10.89892515 15.51678553 17.13168404 22.08162639 18.30018124  5.30106298
 36.24475512 10.58406371 11.91093354 10.77490896  8.68325372  9.62641417
 13.11295636 27.73454728 25.99913008 18.31793615 19.85125559 22.21006731
  9.31770826  8.98583545  8.70102672  9.39470061 20.12346656 16.8349489
 11.64156702 17.16135718 15.56687537 11.32994991 12.88096584  6.90560863
  5.34069572  9.54872373 15.52754238  9.75415381  7.94161248  6.86116942
 11.20216526 10.75591459 17.48421598 11.69260129 20.25309811 23.09467595
 17.18371506 12.10918277  8.10681552 27.1871525  14.15925548 19.57190535
 18.09996642 13.44914508 22.22699832 22.62428459  7.12439228 10.53342079
  8.57099743 12.49697377 13.06120817 18.68840209  8.28262279 15.73240466
 14.72767864  8.56817148 16.08700636  8.30658562 17.87658263 12.94093127
 29.14677753 17.58562838  9.2532171   8.31954215 14.14613933 14.21243572
  8.0364478   9.9034485  21.4175584  10.30101001 12.34121271 20.74226353
 19.28959667  8.81123522  6.38257786  5.68518847  8.20808282 14.45067055
 25.39173347 20.47203031 25.02933598  9.50386266 20.41978443 13.58376418
 18.75924453 18.16346654 18.92359416 12.24308346 20.09988801 16.88853774
 21.57999428  9.22343117 15.77118259 29.47822198 12.75634315 17.07367773
 31.66538878  9.45126985 17.26158952 15.33461183  8.76081037 15.11857302
 10.07061312 11.59482275 14.45186355 13.92238009 11.15614698 12.079673
  9.64545403 13.65686837 14.69901613  8.05633119 11.86237383 18.06069216
 22.18707293 18.18598825  6.69103682 19.22534346  8.96477255 12.53143313
 13.49812176 10.01492217  9.21225334 13.41523158 11.56928311 18.13149716
 18.50717219 14.86613296 14.37568536 13.78264006 13.27943191 15.49644307
  8.24536635 14.47755467 22.57518476  9.6657834   8.93860924 10.02412218
 11.01787221 17.61792571 15.6769975  13.50361994  8.37965464 19.77742317
  5.91271216  9.0182709  15.15508109 17.8309315  11.65131923 16.6955671
 21.05083489 29.21708486 13.4025694  13.27880668 11.49497238 13.81135698
 16.3952465  11.22005648 17.08598421  7.17475645  6.09016766 26.84106212
  8.41233333 25.94036031 23.17430624 19.94711743 12.53889941 16.17936148
 12.77294811 18.24408801 13.41472667 14.13407813 10.27838949  8.15288464
 19.45423886  6.70949242 11.31200323 14.23890237 11.35817863 10.00367764
 31.72849297 15.32985331 26.67066511 10.17489825  7.24235417 13.32128754
 11.838029   11.88189451  6.79037767  8.28555279 19.54225796 14.70370497
 10.46238559  8.96260289 14.66649453 10.54871805 28.10402175 12.66547246
 13.08001355 24.283789   17.70436318 15.15074286  8.42337742 12.7664842
  7.35028418 14.73313467 18.24538816 13.34606373 13.82836162 12.0649299
 10.06986744 14.89274862 13.56787855 17.20001021  7.49493143  6.80885477
 12.77936897  7.01195171 25.59066993 13.32068317 15.61888071  8.55973524
  9.36928761  7.1954743  13.37720813 18.23972163 13.52504327 18.81312685
  8.44355758  9.50734541  9.89885172  8.01850406 26.19718513 11.76100724
 14.39585456  9.12082433 26.31690108 16.91066626 19.26111521 10.05478639
 14.76794894 16.32853105 21.34760304 11.95468911 11.63911094 17.00742925
 17.4899492  18.90378558 11.89763524  6.9612352  10.9026627  10.16296872
 14.63215234 10.17361365  7.49209409 11.48539961 18.01505285 21.15897721
 13.15458899 14.02934397 11.05240238 12.30739467  7.59544459 16.29524416
 13.35875517  8.3015482  10.28948279 31.44849273 14.31249458  7.38671425
  8.83298128 10.62083593  7.01199776 23.14219548 23.28490988 18.17399358
 10.1231884   9.73432713  7.32534233  8.83642337 10.26665334  8.7250212
  7.9954654  14.29219781 10.89298706 16.85179831 10.57055047  9.24554734
 13.4462446  10.94391415 20.20777412 10.80317103 16.56824212  7.38241991
 31.92135566 21.77933565 10.75660743 11.93203895  9.35836366 14.68364079
  8.05042641  9.93421382 18.37380966 15.22748671 22.82392531  6.72504859
 19.27542324 27.10044061 26.07971505 29.04833434 16.4735676   7.67912676
 12.64631332 13.23244651 43.72978614  8.68040749 24.7427808  13.07100125
 10.11393497 21.87041644  8.42531632  6.65239402 12.68593973  6.61505291
 10.85264994  9.80436766 37.16497999 19.80380597 24.4157317  12.03378793
 17.64352492 13.78546645 12.87931193  8.70544859 13.08315616  6.14013302
 15.23893792  9.15311312 19.38710243 19.88225188 12.04256393 15.22188877
 19.75657059 12.4908651  13.35473483 20.32704331  8.32816178  7.37964253
 20.29965592 15.66627209 19.9316734  18.36471277 12.98910966 15.30254798
 13.85844264  8.88693271  9.80659721 17.16355404 17.02142052 11.02169793
 18.44695652 13.28528281 12.01362231  8.25888829  8.49435262 12.03432861
 10.30698765 12.98150863 16.21857431 10.29092747 21.6238099  13.4603687
 12.11548297 13.68850828 22.21409963 15.85488207 12.584649    8.35201486
 21.51114073 11.76644873 16.05115062 19.06109223 22.04902539 15.7547939
 12.73033784 23.71663075 24.59742531 12.79043703 20.42907248  9.67970645
 18.33725698 14.8712331  14.19085197 18.04131479 19.84910886  9.72404959
  7.24495978 13.14594785 19.11804028  5.83976601  9.04164569 15.10174258
 11.33249863 12.54219422  7.89496408 20.36826418 21.42776758 11.4900028
 20.51342017  5.69086819  8.74149787  8.92430837  8.84751719 17.04286627
 12.67575789 20.4799285  16.44131553 32.4070821  11.00501497 16.55326863
  6.64181681 17.09061113 10.17933306 14.96210739 22.91855819  8.9788368
 22.82605319  9.67405187 13.89994067 10.07264142  8.58680777 20.29048701
 13.56674982 14.87809839 10.99383813  9.99785059 25.13825974 12.69713616
  6.6497707  16.53004457  9.95359319  7.02015015 11.86917062 29.91083277
 13.41677618 23.79941961 10.77550562  7.06882459 15.31355326 10.91256515
  7.29397016  7.41843087 17.8135556   9.84547413 15.30025092 10.41729086]
