[28.92174847 14.76619806 23.48520566 15.76776726 21.03410841 17.09366398
 15.31500915 30.95714192 11.96245545  5.20567904 11.12466674 25.16396645
 19.59404306  7.51242675 13.33949024  8.58851042 30.91839348 13.35573724
 26.13653539 19.96298694 20.62300542 25.05623274 22.59795201 34.06810111
  7.1814757  12.07971904 25.0455982  16.9568046  10.43875024 19.00468543
 24.63842077  6.68101509 16.20743686 36.82643187 17.30625288 16.47040847
 33.6934652  10.95537886 27.6607172  10.3301582  21.46947375 35.11443033
 31.3776139   9.96489757 16.23576037 17.956491   10.01294286 21.75996365
 12.3172002   7.67049897  7.76625376 35.68930041 19.53804553 13.66114422
 31.10756662 13.35838297 12.17514815 20.94648989 14.37198393 21.14734874
 14.07967833  8.11781903 22.77151451 25.97683473 14.89506769 38.58699066
 15.79405387 11.01092723  7.18913704 16.95558052 17.59124298 17.8342071
  9.16686197 26.15704689 23.34705308 14.65096884 18.48981575 15.51005361
 16.59564661 11.13318574 19.27160168 12.02468866 14.42628985  9.94426474
 12.92812921 14.86506403 13.86404716 20.71529399 16.07765353 23.20502523
  8.10201561 25.66680181  8.0864355  22.32430553 12.77258077 14.13813348
 38.89849058 29.31195713 28.42994315 28.24733154 21.48782703 26.43547412
 39.22277202 27.63006416 20.713685   21.21146653 10.71986619 25.51649987
 14.82887063  7.35762559 23.2745003   5.6254298  22.20264256 21.41885343
 17.23071474 11.95026885 11.34560099 14.29748787 11.29007362 15.52926748
 21.45452402 19.33880911 26.88277937 14.10006919 29.69278908 32.457987
 14.84087867 20.28675378 16.7905567  23.18582609 10.55875201 21.07555307
 20.82237219 14.40292353 21.91786372  6.21184036 18.63363221 13.41602743
 16.99237704 13.2708614   9.13777277 13.01436316 25.24742512 26.45965821
 13.24722905 14.22452755 19.30393556 24.40770259 11.43715093 22.00507663
 24.87964198 21.20871927 19.92624584 14.76886317 22.3957206  21.7249459
 31.98454949 10.13281869 28.85111412 18.07560151 11.73677547 10.0371382
 10.29707923 15.44091467 28.37591822 33.58649807 16.25621861 21.81632121
 11.65572696 16.44391066 18.20240829 16.98092361 16.59223967 15.73264967
  7.35529293 12.12485877 17.3525915  20.70664457 22.73770983 32.49216278
 12.67982309 33.37599888 10.38720435 17.70591005 22.87623411 33.69960913
 25.23061612 16.20721466 24.27347978 18.27842129 17.80049537 11.72966496
 21.11876936 11.17150498 15.64572549 12.44759666  8.59947509 11.67745878
 20.55130504 10.55479054 11.63640756 20.83988711 15.48508937 23.95459637
  6.71779082 24.24308109 18.21025579 12.92415373 11.70760165  7.3060777
 15.75291864 27.30973458 19.39237293 14.87706431 41.37376152 25.71093436
 22.23356576 26.2172784  11.97277629 18.02274845 14.952084   15.1584341
 29.74326974 12.37497993 16.78920751  9.29601886 31.57433181 18.36499756
 35.70179033 23.28178054 14.83163494  7.28210754 13.45330317 18.66221801
 20.67479515 10.27734589 35.16188017 17.10797116 12.47586068 32.78418362
 39.74704385 21.40935347  7.82615024 18.41083495 14.68712147 12.92377224
 32.19910977 12.90621655 15.71138805 23.6912908  12.10962148 35.87309263
 39.59798189 26.39058296 15.25265866  6.59403902 14.09989286 16.26649065
 21.39675082 21.40487638 10.39155784 17.3626095  12.16663416  8.04116475
 15.89643617 19.50762241 25.90828676 23.52036797 12.08084032 12.53462229
  5.9709528  18.94215314  9.35700224 24.01910968  9.39826277 12.30714774
 13.19156003  6.53560777 26.42097071  8.26822809  6.69899104 28.56122438
  8.47347184 20.23930903  8.66843545 26.54558675 29.6233871  15.50663084
 17.84029704 13.50931676 13.89073549 15.65243636 18.84884636 30.0474921
  9.59061806 11.34081799 25.5785368   7.23338832 12.67906395 19.31076524
 19.75326543 18.92047031 16.07212036 37.17736792 12.22735866 22.01235272
 20.53782665 13.7098808  17.9003273  22.90763107 17.25295279  9.0164007
 22.51194443 15.73181171 13.14950791 18.35708884 23.42329146 12.14413597
 32.10762158 11.22900393]