[24.54386668 23.91259256 25.29109794 39.35656003 21.23640136 30.67134479
 24.2525497  14.40200646 44.43481614 22.23232674 42.18801089 19.41704117
 25.52899063 22.52127687 31.84845066 32.70054709 26.61769722 32.66019068
 17.35095602 27.88041515 28.93717414 26.74959902 23.60222622 36.11826441
 18.37519344 28.27427015 19.72105599 14.32498853 22.24260964 21.71081521
 39.30653735 20.75877315 32.08800752 37.00186985 27.41021814 36.83912404
 20.14494306 39.48835304 24.24367729 26.40868638 35.58197142 28.91133587
 25.31966487 31.02596114 33.8541233  33.61387144 26.03940475 27.71452508
 13.61065289 20.27996911 20.47259923 32.80337864 28.04666078 23.8923938
 41.96469818 21.68237363 36.02809742 26.92099444 32.48188591 21.5347082
 22.11100005 36.10001228 28.25110104 20.85575081 17.17401199 22.26766359
 27.39187249 29.14655043 39.70147122 24.84952914 20.39726532 26.1809454
 18.06600051 35.88981683 32.68480371 24.08228114 15.96615565 32.7029742
 27.20334006 34.99710376 24.10928625 19.90588877 29.19025065 21.74225715
 21.62221544 19.45636264 25.96911567 24.08605821 20.2902836  25.46294716
 28.04737005 42.393507   22.98547056 16.81581345 33.80880803 27.30336382
 27.11286915 31.68122693 39.19010068 34.07212891 41.11096295 22.11703637
 13.89239795 25.39905127 31.08911044 38.70337547 18.43002876 20.56284388
 17.2140815  40.10493826 27.46439895 23.64107102 24.44014684 35.54145489
 27.38098677 30.31829622 24.88307187 19.57088178 20.16712623 24.326577
 17.64268754 15.6572535  37.56871404 30.82553226 27.58917446 24.43725635
 30.71668581 38.71532882 33.39601143 28.3763025  26.2788355  33.14056422
 24.76435816 43.86684981 32.63510001 23.97046921 40.04109158 32.73174022
 37.05368662 26.83410467 31.08636486 20.78884285 26.07922731 22.73969514
 28.23857788 27.7767271  39.75491808 19.42417519 30.36267633 29.63264074
 25.78780936 24.17537841 23.54198969 23.26127274 26.39756975 32.89730656
 20.41754311 21.85178653 39.9705601  23.40154751 24.00575501 23.66307495
 26.96981885 30.11444939 32.97271995 24.50678036 18.79615992 29.63638834
 28.96261581 16.30496601 26.62097795 30.3226547  27.60352083 27.50058326
 31.2738238  31.03257032 19.44706788 21.50823289 38.40667727 26.27102262
 28.16484041 22.79634484 23.24266327 29.54518771 36.66498534 31.72485564
 26.49273757 30.02234147 22.10619296 23.97420159 22.77857404 22.90278663
 26.92234696 23.50620424 40.88505801 26.78780379 30.64719066 39.16956353
 28.2738968  24.43314088 33.39594742 26.81476685 21.23427312 27.51164094
 38.10966771 17.79376852 28.30095283 37.45611106 35.88822096 28.04138945
 41.4878349  17.17781399 24.72205008 39.2630212  36.42641351 38.62951028
 37.0140029  33.48391248 22.95033492 24.77125853 37.91713902 28.78578725
 21.74726827 25.06753792 21.22503681 29.0609541  21.1754609  43.62765754
 19.6449888  25.42655795 39.00889922 24.63011333 29.63353884 21.75216953
 29.07624497 22.64839971 28.46794429 35.06687589 27.90391606 27.75074429
 35.13559707 25.14307124 28.73533372 30.85008215 27.00891842 19.10769507
 40.46827301 29.50728416 28.9551013  27.20894057 14.87900023 31.08631232
 35.81353844 28.27290797 20.7827986  32.7492594  23.91878105 34.09508904
 23.56335572 44.29169285 25.89883029 23.00230453 22.01322706 29.32436132
 28.18957951 32.03472308 20.4066639  27.37002138 22.4014969  32.27762017
 22.19131173 21.01043386 26.96204465 20.06167107 23.21485781 18.04956091
 17.67389163 23.45425972 26.3392678  32.01038932 22.76311586 38.60975893
 20.85981619 29.63020382 21.31865939 19.38981299 24.91966076 32.287036
 26.05712475 24.35273921 26.04293018 28.03097583 29.30857343 27.17555198
 23.59532357 29.90917079 29.20810847 27.28733811 31.56539254 27.07318056
 27.1631362  47.30075963 23.55048328 24.95399938 23.78488255 20.03567366
 34.18051752 28.03385798 18.14006263 33.49342272 29.8024836  25.87259493
 20.08414484 23.70855536 28.88174122 35.8188986  22.0725542  27.83565564
 27.68625482 22.37934777]