[21.20398338 23.31757752 30.02469869 23.17721808 24.21256466 25.16962287
 37.0410738  33.45516149 28.01416878 18.67053451 24.76131329 17.51484713
 33.86337491 28.48682411 28.64809669 33.57920233 25.14527361 29.19268348
 27.30228944 28.61461074 42.3366229  33.43658821 34.09767722 36.54677828
 28.11629133 18.53787606 19.7740536  27.31010699 36.48391394 11.90855195
 21.77229784 24.61871602 17.64593992 34.4324555  32.64440309 31.1993434
 33.85200275 16.5037549  25.22906202 38.2805304  33.64893454 25.08618539
 36.10181363 26.4664268  23.05108005 34.00044488 42.42611303 29.39693657
 19.48826146 28.74954959 15.41629252 25.85065831 31.66507424 33.62964684
 20.45307765 24.85925154 35.40871913 35.83904902 29.09859068 21.57486022
 17.99312165 33.85827211 22.55958426 20.74841934 15.79766594 33.96293893
 22.33394633 28.12089604 26.23837362 20.60827839 25.2064536  26.81260673
 25.36437234 36.29603209 29.16876637 28.19013425 31.39914382 21.21461475
 20.76844041 25.26239556 31.53020862 29.22120017 31.50418855 29.5461262
 28.83122624 34.91194092 32.04337355 23.577592   25.01803102 34.39991356
 28.22338878 40.37986816 29.22684508 17.09176767 33.19990928 28.891943
 25.77906328 31.87533056 23.56169053 27.62440073 29.36061803 18.1928278
 26.58699014 32.45603591 25.60741044 34.3628608  29.47049394 26.01108106
 37.04839209 20.11574313 25.14811466 33.07980037 24.14752372 42.4638867
 29.31260321 26.56035076 24.44893779 15.81420042 21.99145299 19.25457809
 28.70027267 22.44191781 32.22590823 29.77465136 20.23559708 21.18734735
 31.99168783 28.27081495 38.97734176 34.73582883 27.62272075 29.50705501
 33.70702763 22.71880649 29.10553645 22.16507508 32.46900154 18.8423397
 26.86010708 21.99402746 26.43233258 20.29330412 35.4008094  32.34908383
 18.79587966 30.24660782 26.45494916 18.25032025 31.39568273 32.08820762
 27.51220043 40.73274383 28.41902443 26.26336112 25.40332258 28.21830003
 37.47952277 25.63152455 43.11844618 24.58305824 36.32542887 25.8589462
 31.65431457 33.65246164 32.96608123 22.84147268 19.2349895  20.77501575
 33.89845734 31.42976891 32.2990326  35.38770347 21.15754614 17.02716476
 20.25950013 21.47607521 25.43336238 29.33323129 27.17568838 32.81857415
 28.1401839  21.28847573 29.25478017 29.98377166 24.92552877 27.6485832
 21.15393724 25.62807021 26.35928304 27.42666639 23.7936135  36.08853704
 22.87497517 28.0753294  35.31982714 20.3013779  30.85162937 37.89269269
 23.6688262  28.17252789 28.47671564 27.32460223 33.71457628 37.23682402
 22.41771787 19.94683746 29.76082361 27.15106632 28.70312558 21.74652831
 29.26090751 26.5902296  34.72009659 21.94756705 22.77848287 21.17528771
 42.48349447 38.87063343 23.88844363 33.8033535  34.26006438 17.39114085
 33.5185636  24.20295516 18.27605522 30.46538333 24.73484072 24.98709045
 22.65339426 28.24584941 31.50141302 16.83953643 39.67721028 41.01989534
 26.17964452 24.34262894 28.74184751 24.11402138 28.42148956 32.99786761
 15.50620746 19.58267013 21.64703046 24.53474262 24.98691094 24.27063276
 28.39476059 28.2442649  33.23220422 24.08296354 24.46433813 34.67966257
 21.89803666 22.46759695 20.34118191 26.58922399 35.22053295 31.37502883
 20.78997681 29.26457432 28.62489857 24.4127255  31.47945363 17.364852
 32.79566281 23.35831066 34.19130931 28.27488761 40.21212717 25.65297129
 25.15578809 32.60106198 34.53296922 29.78344054 24.91329574 29.99740049
 25.93318668 32.2421278  27.86966487 29.84767108 40.39102644 25.00962736
 41.56611318 43.77029667 19.83685232 36.81786997 26.87310547 31.4593291
 32.97081369 32.35159762 35.70998849 13.99480545 25.71267895 32.25143633
 32.4482247  25.89634134 24.02253625 24.28367597 29.86143257 37.06395406
 43.42336492 22.98246868 29.95999435 26.78940729 31.31572571 33.27141403
 30.98127975 27.64630388 25.89193403 21.32227146 31.45709473 19.70123362
 32.65949258 13.2536351  23.20006571 25.76955495 33.20043684 27.94499858
 36.07271126 31.0353042 ]