0
[37.71209414 27.77105563 26.56949766 31.60682106  6.62920783 26.1861863
 32.01655451 27.65732212 28.4782565   6.05680317 34.59246728 48.65046014
  5.09210743  9.59560653 29.57080376 10.03194888 14.4261588  21.64347225
 27.74575527 17.75747954 17.38216608 49.42800114  5.991925   15.82602023
 22.84535749 28.04704211 22.12919341 37.78766145 27.79546452 35.63201821
 28.75126037 26.15473497  9.94791751 13.83993629 17.60297609 27.08555806
 37.32338967 25.86599783 38.85814507 16.74573823 27.69345323 42.94716998
 28.96626881 32.0602685  12.46809656 45.03012097 13.67807325 11.11662875
 41.88377122 19.25874867 40.01616159 23.88115412 33.75181274 25.26466543
 11.48891708 13.89867502 28.89456252 31.86277216 34.56695657 36.91158382
 36.53413642 29.34840536 25.8856845  45.67594174 12.8540047  37.52313917
 11.15498697 15.90331754 19.66447744 28.55213153  9.05039681  7.68713457
  8.59272208 19.44588168]
1
[42.89970322 24.91170704 44.03041976 44.80875185 20.28025319 48.57569024
 26.01822908 18.96154574 42.63875563 14.70097555 48.76156497 50.81227821
 41.4023688  31.11976299 48.39865062 22.25448602 51.24785686 37.06120111
 21.75277481 57.41797108 20.21965515 54.12728831 11.7977133  19.20305642
 31.58410461 18.114755   47.21280527 30.97068842 49.65045676 37.92789056
 51.05226465 35.74512727 20.1590821  12.12617435 36.5170922  49.00746901
 33.62066408 36.74809878 42.78215344 59.49691031 56.22790953 58.43699993
 34.35809489 30.27356561  9.423989   59.87987268  6.35869764 16.84903803
 47.08699363 43.3934186  38.31761044 24.71611147 19.19076611 12.85527045
 10.62920984 13.36860072 57.87506233 27.82462668 16.26969374 42.87559563
 48.36627623 38.10792614 51.68943062 14.65613953 52.1470895  26.40320318
 16.83342166 58.22129303 51.76105941 40.24446919 47.87255483 52.09503039
 27.29868763 30.75436721]
2
[40.46444253 37.97389616 35.79418064 13.61802941 30.9337667  46.77910568
 50.01714255 23.40039278 41.9627855  17.30406844 48.05087445 42.19253778
 19.91522648 12.03236791 36.77681582 30.95864015 16.8278815  15.73481165
 44.55667478 22.13765852 35.68326702 55.03023493  9.81114973 20.88108478
 36.6254069  25.49231373 24.04924466 43.4790103  40.17876063 38.72697485
 38.60378275 14.79212784  7.62881309  8.424399   28.4611431  32.51090323
 44.07367724 30.71117728 43.74442478 43.24087337 30.9111289  37.39168057
 32.48038019 23.78864565 53.6068905  57.60057925 11.18451314 22.18783188
 39.02369129 14.61403364 32.89149994 36.49323126 49.27983444 43.4802487
 21.87213442 38.81413151 43.57015362 43.60777311 17.77993451 20.95496369
 48.85063123 28.62896227 28.12342652 43.52884573 22.84875575 47.13841132
 14.88214506 28.19500449 14.94251346 37.64583094 36.93391846 15.34193161
 44.31105337 23.30212178]
3
[33.96157232 55.3090673  51.69515666 48.53478972 31.8726027  32.77942455
 26.56965717 23.53221759 50.83032123 18.26650877 56.76310673 51.27267015
 36.2140782  36.04803765 30.63254655 14.15304336 36.44788877 48.5569701
 25.29804447 45.74071958 16.05878288 57.5086053  39.20329353 28.74544848
 37.24665612 39.94209077 36.41072421 42.39458024 20.71781338 53.54464033
 38.35372806 31.13379378 32.3494938  37.36306377 57.5749667  47.23514971
 42.12328006 53.92828894 43.1965458  38.56312438 48.23169232 50.47866302
 39.60651873 33.81855677 32.94291816 45.04043791 15.95658849 38.80143142
 47.60447887 44.5337589  50.71853154 44.97107179 27.94145927 49.12105249
 35.68655974 21.00938912 47.10154001 52.86018692 32.80358268 29.1733905
 52.29562664 33.69128513 39.01604504 32.54516606 36.93623284 40.41141977
 46.36864709 19.44067773 48.74130711 20.60507273 43.86414897 49.1967341
 54.66105318 30.47274124]
4
[42.47881074 39.68507426 13.8921683  20.62681888 22.1953287  44.72786866
 56.66700403 29.59880303 40.71221525  5.32255718 26.73625437 48.64438029
 24.81344677 21.2042062  28.17155224 16.49334655 25.70480967 41.63520141
 42.47402413 46.43268306 44.04259804 51.86683727  7.04543533 17.04329563
 22.46583583 10.66394705 21.01857647 29.21595308 22.96812728 14.59884638
 42.30244972 21.36271376  7.97032195 18.59023529 26.15212143 40.06821351
 22.71229834 18.01449738 44.65832811 36.84083373 33.34342318 28.56663966
 20.82500633 14.01229936 33.03078157 41.60291622  7.68520741  8.2319659
 38.67614633 36.63205355 11.94531279 36.67025583 48.60973179 39.10344665
 22.60719865 26.00216098 47.84433113 52.7114698  19.29513164 15.68604238
 35.45579704 39.63350847 36.73700063 16.55170937 17.99244322 34.41028082
 10.63791755 23.16218041 27.28936681 37.7764611  20.60279302 38.3501166
 32.08755389 39.58118915]
5
[19.70325784 26.78649962 10.37717017 10.80921628 18.86991588 25.48040547
 17.61623981 15.79382965 16.83873439 10.11896236 27.62177783 23.25660252
 23.38913075 10.83596036 26.28644986 11.06004737 15.7218744  13.65392911
 24.61985913 13.92905813 18.21785631 29.8459565  10.39954971 27.94068158
 22.20336624 18.54629796 16.714727   18.55675655 14.58392485 27.42225973
 24.08604211 34.00524396  9.64962714 16.26848179 29.49671683 46.12547157
 16.60444238 20.94999356 21.16205342 22.68416941 20.88434151 16.67078806
 20.66951997 12.55174182 11.73582665 29.105103   14.90319772 12.9225483
 24.33827768 14.46576974 25.72790211 24.345992   12.57475862 23.98033854
 15.42383638 14.70231666 20.87168717 20.9939499   9.63543028 14.12032904
  7.45778504 19.74868835 18.53680767 24.07032051 24.10380735 37.99762471
 19.37206365 25.96127448 17.42564585 20.32358127 25.80618112 37.18548506
  6.97101263 13.00749986]
6
[50.94005421 10.36109425 25.80078073 20.59483726 19.29286995 33.57041244
 45.82958365 13.34624441 40.93202225  9.12657332 46.96495913 49.83068301
 34.12053242 22.15842631 34.28567778 19.02933379 39.5422596  11.20709679
 39.49951393 44.81900383 26.4574912  47.21371626  7.58997601 23.55965696
 19.07919357 16.19756307 43.86028774 33.63343124 25.52081655 31.28464547
 39.94235827 33.30451408 18.38684147 29.47973773 51.15544977 20.79435704
 52.20082269 29.86175511 14.36212784 33.00765728 34.22347518 22.71688713
 13.17331312 57.65121383 51.32153255 39.81617989 15.36422733 20.8952737
 27.99049863 19.74088281 37.98231019 20.58694484 24.16817842 57.27156005
 33.32554745 28.50770494 44.00350224 34.3874691  28.83269026 51.7543831
 19.33947456 27.5297229   7.02848171 30.27088407 40.2700688  35.90495589
 26.57346064 33.94429237 20.80552062 31.69950481 28.49658622 48.53930403
 45.18316744 38.10286837]
7
[31.18432775 13.91236579 26.02652627 20.54493139 12.30916286 19.39807732
 45.44206847 37.29915311 42.71906516 10.37407296 57.28599571 33.81197137
 13.45585202  7.56994051 12.85636997 24.0470333  40.34514476 30.67978995
 45.66486209 10.51522067 47.16740136 50.80068074 29.08884447 17.67523506
 17.00523377 19.81950879 44.61135321 30.38076644 49.07502649 30.44669701
 42.70637307 20.37599622  9.11204911 10.49039767 29.3678424  39.94524855
 47.45240027 17.32652141 29.71805526 26.0656296  21.8569316  43.25724761
 37.89523074 21.63017937 27.78522879 19.26831995  6.36431393 24.00207022
 38.22527716 44.55746315 23.68604318 22.77146299 46.51028457 50.10764151
 24.16054905 52.79209924 27.86493499 22.29667442 22.92050604 41.15075887
 17.59729362 39.14599159 26.94817465 27.3783979  27.85918965 41.6648236
  8.79082404 49.88151577 21.64564111 23.92636673 14.39171728 18.44338702
 35.56282845 22.31507023]
8
[13.2393998  24.04035858 31.95310429 11.08853156 31.87875933 49.5632035
 16.84684819 23.38677447 35.11101635 10.05409646 39.04339743 29.92740805
  7.21302832 34.4115754  29.08897203 12.40391973 24.70923676 44.29521308
 48.63794382 31.50927639 23.73940448 29.69039245  5.48923898 15.57560369
 20.16523625 12.56564537 25.57723366 29.53275166 17.05270544 19.3085611
 11.27197819 18.62292762 31.67121613 16.87903254 35.73646125 26.15546676
 35.30280959 43.89638027 17.52256911 23.2976802  19.3266298  32.22931551
 33.33117672 22.08698492 11.89599917 31.38028381  6.36550674  7.00690924
 26.89446473 24.50540799 23.33993108 21.7094865  38.53166191 15.22792823
 14.61724828 34.42505183 47.72915019 26.10543799 30.65785413 29.95871982
 10.25128736 22.88160947 26.02838664 22.49516992 36.18535831 29.53060032
 16.52447192 18.99232685  8.20112372 53.10722617 26.09823159 27.35656187
 20.95878833 12.65709722]
9
[23.94587237 49.51210679 35.59177808 24.79322733 39.67874808 28.43971874
 32.77062572 29.00412348 41.24590092  8.98433924 42.3164026  56.57386916
 29.05341709 45.8633771  27.35633654 11.31632243 30.58285294 47.19830098
 35.79026367 19.17501083 11.65899879 47.56247111  7.76000616 11.43065351
 49.5272668  44.15310586 33.86733416 37.026049   42.69569631 41.2836328
 46.74905441 35.04512789 29.4972991   7.56482152 56.14315084 35.47221101
 26.78871238 44.65976172 50.86285592 20.22163179 42.28867688 36.40278022
 25.8837868  41.74363029 16.06595453 38.20513524 10.62636053  8.69837939
 36.72318454 34.3472813  36.31708672 38.97449476 28.53506312 38.30506031
 19.47059371 23.48495906 28.1606875  27.90077191 26.79076356 32.85309059
 29.96986579  6.80851328 36.60453162 38.97802318 36.77027076 37.87685343
  9.46307216 43.88837218 39.90492263 29.66588317 37.9146057  19.97258722
 30.33455272  8.20367393]
10
[51.22780781 13.70136876 10.51912702 34.63924147 21.62109506 50.70405764
 40.87369262 26.45129545 53.04707218  7.08521499 38.4650478  53.36723086
 23.71857085 32.28486489 30.15234515 18.50915236 53.27251697 42.93009834
 45.23186635 23.22586353 32.37473878 45.19753367 10.79347747 45.50840974
 36.56553716 34.84923131 38.14909887 41.76000652 27.63087152 28.95534869
 32.20422442 15.11059258 12.15604897 13.07505558 38.72170782 40.86326053
 42.71206217 35.79554975 38.36742611 25.25743859 45.83864934 29.10431963
 11.2660414  35.9198979  25.24054753 47.76559394  7.8979764   9.5728528
 43.32983867 47.49526275 52.89586455  9.97475105 19.56278988 43.65527154
 36.11571681 26.60069632 47.12743691 17.71390584 23.32643278 42.27189024
 34.39450249 38.86111009 47.85578725 24.00168654 39.434971   35.39130436
 13.89806309 12.23627641 18.6210889  40.07828493 21.69441853 30.20592167
 45.03969077 49.95637952]
11
[37.91536178 31.7417408  32.28256037 34.89597979 10.51148823 42.79631558
 37.66904355 34.12261251 36.11210058 20.06424524 39.887901   42.69348669
 40.8890967  31.87502683 30.98711802 31.91810192 42.86546597 21.67055942
 18.66865929 23.31798822 29.37430941 46.2346224   7.46604666 22.26422925
 25.6867281  27.87065937 15.11601739 35.99443571 35.51280687 35.60850125
 40.56339362 26.54985897 13.03979875  8.55121024 42.36120396 20.49396798
 23.31787026 35.90329505 31.19684304 22.1680465  33.38959113 23.64065925
 10.86545609 27.08356181 29.01997452 41.6390389  12.1172489  13.08566984
 35.46444184 28.01460942 25.72367876 38.04270331 45.49403707 11.2987361
  8.26059868 10.82627874 23.10227664 37.36768003 32.86991713 31.39079618
 29.43874155 24.84387549 28.16053902 31.10641951 34.63946742 45.62443361
 22.12980935 33.2010062  23.39053723 36.30938035 30.76792887 20.53259882
 12.50713433 24.77106725]
12
[21.6732147  18.78389524 10.51745418 18.06970839 24.1788437  22.73898761
 47.65794156 13.71046214 42.86112161 17.46813909 45.09507565 38.49337761
 23.17347477 44.64881914 35.33391065 10.30756406 23.40565304 45.32649637
 34.17877141 33.92445837 29.35311791 43.23899932 10.04894103 29.43363008
 24.55589313 10.64552161 21.38961616 27.5843143   9.74803096  9.14412601
 11.38116071 33.37513003 13.85347858 16.35190676 43.38271907 12.43355031
 44.86457002 17.37969021 24.66773804  5.54695573 14.92470362 24.8409177
 33.04188331 37.55914511 41.20527317 45.68680697 11.19713365  7.12317645
 42.17550592 33.56919634 38.50956381 30.06427945 30.74956539 24.01868613
 11.24575766 22.0622774  29.28231823 30.79722125 22.31512218 39.17747114
 23.19286418 46.9238494  32.11558307 27.49174102 19.83927896 34.15105582
 18.21397578 32.03058427 35.19636212 29.43029744 27.06065575 18.23738072
 25.2934111  31.50863339]
13
[52.35435422 26.65050018 28.13949919 16.48122474 14.54321204 34.25416721
 36.4652965   7.57275426 20.51418468  5.78902061 42.37139258 23.09533971
 12.7986683  46.84049492 44.41229391  8.84596549 27.44863237 26.75914237
 23.77257982 11.89157269 36.89495149 53.675762    7.81187964 21.73369575
 23.40261265 44.66803222 39.35843209 26.99873485 32.597984   15.99824818
 42.7869402  32.82469122 26.44630661  8.26334679 34.81623519 41.9792136
 20.68686087 29.75126823 50.68343329 20.16809887 41.93750379 52.14196095
 23.26777819 28.57264904 21.24120994 27.3790031  11.46147827  6.06492353
 48.86126071 40.36684513 50.04058937 38.41648213 23.56905951 45.6361976
 18.90416941 27.54903554 26.50013812 23.93578861 40.31613075 47.36008971
 43.24783473 23.30830698 34.60024479 34.05613101 43.78448008 28.29990638
  6.08952349 15.23456287 17.59963257 52.68492134 19.26750672 40.9075149
 15.28903657 40.53080049]
14
[37.86433427 31.62772684 19.83204291 12.21615792 23.3939788  38.06401623
 30.89788735 19.55754446 17.92541136  5.56698092 21.22964008 35.42942893
 14.87869488 23.16997196 20.8406491  17.31580369 26.25720847 16.70764292
 12.36197474 21.16743222 26.66699489 51.48832922  7.03815136 19.18745266
 23.67915532 35.09601928 30.72912844 29.86394081 16.08733935 17.11860026
 36.95077363 25.64329872 10.0600788  20.47548868 15.27399658 27.4164292
 44.34319777 19.62128442 10.43481972 16.30623877 22.53667901 51.59001426
 18.29504196 48.06730152 21.37140539 36.55284016 21.48147456  8.50309942
 31.87140207 25.69971858 24.61160565 34.27531062 19.44759433 41.51223704
 13.89237752 21.80460211 46.1056189  28.8753054  31.45178068 25.38040251
 24.7820922  35.96805068 28.6432629  18.58338905 23.53791754 29.41360884
 11.34464996 48.90852833 20.01065238 38.07191411 10.48696733 26.60500602
 35.70043969 34.57281972]
15
[31.584881   32.06893475 24.79746393 29.69819921 27.00110232 29.40748936
 17.68858304 16.49257827 21.35452925 13.93149182 31.29926544 27.40630621
  7.72938582 38.37928213 34.65993294 22.27282442 42.08161452 33.71169211
 28.94399231 35.38943336 17.63734274 29.54065373 15.39439912 32.41018678
 22.73333071 11.57914343 32.94411793 39.77114486 20.49328844 34.66977103
 22.54784246 33.01103712 12.19718844 28.68494835 24.93701921 16.55591244
 24.40605129 35.41874165 36.00031069 26.26701972 44.99219196 33.82887824
 12.33719133 23.87470127 39.79150568 34.92834452 36.94325001 33.06768156
 25.00275814 33.55310037 37.63339299 19.05484313 27.40860278 27.706147
 19.2515909  23.83920931 33.18029759 39.54535515 38.10163151 31.03542242
 23.14421389 26.0189756  16.32692729 42.52856792 25.11359155 40.95220302
 35.89418592 34.24946245 17.09148669 46.35281831 26.85863243 21.72099422
 30.59173339 44.55428487]
16
[39.19402001 24.88222438 54.71699031 49.97780596 24.17965602 49.03113309
 42.73052055 51.01176659 49.08073904  9.14717799 53.68383202 54.84864983
 20.10794445 24.47418342 40.56106001 10.87199381 49.93956516 28.3745819
 57.38737292 27.94599465 21.53328378 50.28983028 18.51189622 26.35155425
 48.59791614 23.98817508 40.98347194 16.12387713 23.1271639  27.57944089
 22.98304862 24.0419567   9.09784365  8.50262923 30.25325579 56.42347826
 22.69265494 45.39542444 16.34519827 26.78045791 29.63593499 19.38799338
 10.72989801 16.22058323 54.33246693 38.86328649 31.01742643 53.6836358
 50.7212498  38.93350157 22.57766632 22.44350251 28.95511164 48.98718685
 20.04121283 31.98767165 50.55040493 41.76650302 51.13455182 24.95133572
 15.92943117 57.43964661 26.99490365 29.64837946 23.06117602 52.39797869
 47.39698944 24.21140587 29.38066013 39.21088285 53.73158495 38.08323843
 20.09488815 22.15328004]
17
[38.72479131 38.08010337 23.25892092 18.76949736 18.13276963 17.80838699
 22.47474002 44.73324052 36.72325465  8.83884193 33.64444846 47.89954104
 10.54622082 31.98883972  7.79064586 16.4191975  24.25126785 19.54380542
 28.76091989 21.10628868 25.79388755 38.70490878  9.27666934 11.97035701
 19.05424413 35.03383206 23.04919738 22.89980926 16.94819063 19.90596247
 27.19815031 15.31325527 21.76122199 15.1419273  51.64444335 27.59436599
 32.55959219 37.06433555 35.02868067 21.90728504 30.98135972 29.21168495
 32.68403222 35.53227756 31.32685637 27.25721886  9.66561098  7.24650149
 24.01470582 15.58287463 12.55483016 12.92374409 28.05559231 13.37478524
 11.80065957 22.1512607  27.55473709 35.95119379 20.41832074 25.61760331
 33.49352657 37.50490504 28.74385844 37.93449994 24.98221622 40.72999872
 29.02411626 18.66437792 34.22784636 20.61242383 32.73863349 35.32931237
 20.85724601 23.36080995]
18
[35.07774255 22.79958351 48.75102824 17.65595505  6.86068857 26.52639403
 38.38756654 39.84162171 42.42855997 10.93285131 57.57029161 43.74276295
 33.07459771 37.51261664 45.56723556  8.6299037  13.0100079   9.26645876
 43.87320231 25.03101564 30.82178872 40.22774016 22.20766358 15.26118301
 47.96424467 20.32030231 44.29438133 26.30597222  9.46683023 27.13862546
 32.94827109 13.43240564 29.10547346 25.5877137  55.63717087 18.34960045
 51.03924909 17.89272769 23.07236913 44.96606645 25.4937301  34.71226987
 14.429793   32.10416071 20.84488142 47.16322047 19.2862568  43.16178784
 51.81674332 31.04252411 20.02034245 44.24079524 22.98560591 35.90076111
 21.54851774 34.28420877 56.24839142 34.2668142  28.29087599 23.41494441
 37.1965421  44.09165399 29.8478808  33.26171385 29.93948607 34.54243821
 23.95764939 26.27398863 49.38741694 23.5156094  52.34568138 12.3631696
 25.91907407 36.34451147]
19
[33.79821749 32.63159236 18.61718043 21.7744303  30.72119574 47.24997558
 46.97212075 28.74439349 41.67248548 14.47429721 46.19089759 31.88648896
 17.5543859  28.15965502 14.13364515 39.49536571 46.29335396 13.43691832
 14.72099464 47.13404847 13.99835132 47.72012941  6.38883029 10.15426005
 34.62262139 46.09530895 41.62512649 31.84690214 19.14291911 15.88565916
 55.44489431 30.41404271 14.70877543  9.35394569 43.2939334  26.98608009
 27.87564274 25.17408332 31.16379337 25.70205211 26.90922804 19.07713519
 21.05400925 43.60333259 20.12364496 46.48051044  9.22803365 22.23545893
 52.83105446 32.70864809 17.24323896 12.38132153 26.68034986 39.24327365
 25.52792491 33.73209008 20.11619341 36.92037444 18.61966433 34.92672128
  8.15073322 35.41025932 16.07419475 43.53471873 39.28031219 36.50207534
 12.84162245  9.2792483  24.79416652 28.55839739  8.48722496 43.66387457
 23.72570009 16.0285192 ]
20
[51.78332525 33.97420115 11.81909009 14.67548494 24.63493115 24.52445959
 35.56462577 24.66600285 44.4343788  10.27494623 46.52372275 38.43129659
 37.9541954  24.33502289  8.3462901  27.14150775 24.9965733  38.56215748
 43.02695473 16.22480374 24.80761522 44.94689533  7.73196024 25.35422856
 29.19719306 26.23969899 26.99800776 38.49352137 15.07339517 35.41065067
 19.57797819 31.45703882 16.71367694  7.35636768 32.31228074 26.12267169
 16.90153609 38.9535105  12.7460637  36.52835346 23.83218647 16.72353082
 24.78826179 20.78224732 13.30394859 24.14449818  7.12011191  7.4583618
 20.17426925 29.32886702 15.56407416 29.84770332 26.02386753 38.45375178
 18.86659056 20.99339975 38.74401853 42.69478051 25.27228685 37.80515436
 37.57057959 37.49573341 13.90080861  8.19008557 31.94975788 37.56323743
 29.32592467 27.56091089 15.79104201 40.03705456 30.83178897 19.93170148
 25.3354769  25.67077184]
21
[43.30610417 29.5022374  15.80402408 12.70747582 13.80794895 39.65911383
 47.8950008  24.29582648 36.94593758 13.72231953 57.05062613 36.44363974
 27.35664498 43.92423469 36.65638228 14.13586499 31.20688613 27.54485424
 20.30212797 25.8708187  35.21192885 37.7853332   9.04316448 15.82917798
 37.06324035 14.65513258 45.60246493 29.82633712 11.06837647 20.31810138
 40.32316182 15.69319709 12.25802113 37.6916759  57.2038586  40.91746362
 27.49927736 40.08251898 37.15861327 13.25052059 32.33598379 26.56966069
 17.06620456 19.74186086 28.49205021 21.30187023 10.00828871  7.57955075
 36.35033878 33.16670558 42.96592783 24.25743944 28.74342316 45.8041792
 18.50316409 30.10733899 15.95188509 28.30269755 33.36636207 21.91291538
 14.20326081 13.97123898 26.42402503 45.86952261 26.42267465 30.88551054
 19.88780298 38.18849658 30.95837923 48.62505028 23.92777513 11.80469393
 24.91066077 22.546317  ]
22
[48.97364551 42.60316334 42.96302737 44.71433695 29.03274415 38.16762169
 33.83314118 45.08204061 42.50368271  9.72909281 45.22074754 49.3384718
 15.53232637 27.77104387 48.29951687 13.39276839 47.85558022 35.73572692
 35.99760729 28.94818506 20.90877989 51.17842314  5.66494878  8.60900654
 28.22028731 13.69044466  9.83661178 19.3639238  12.95663272 27.58252647
 34.97144253 19.34743886 24.14797527 29.35256414 43.12606848 16.6457546
 13.34865299 44.4047684  18.1455728  16.24978153 52.54056417 37.73693213
 14.78969215 37.21608535 22.18902263 39.77855082 17.42886856  9.3496519
 44.44556507 25.48624054 28.3733558  28.39265563 21.41595938 36.07470794
 13.98440965 21.55184836 45.70768477 46.64617533 18.94476058 17.77109223
 32.49719442 36.6260356  24.47644519 35.28985643 38.1460791  43.25649661
 28.99109213 29.8297343  44.994722   33.61143175 26.65371599 34.40794519
 30.13394616 22.212188  ]
23
[30.18669695 15.36313933 13.99589807 43.78104831 10.8255554  44.77899201
 35.86898085 48.14200482 22.51222667  7.12355541 40.73272171 22.13933488
 15.73340411 41.87358663  8.40272208 10.25009485 29.53267593 38.42688374
 45.37412331 56.00478663 23.89731825 54.45048859  9.09995426  9.46242956
 51.93061765 26.05039346 47.07583056 25.42807969 13.65516736 29.57712479
 45.10483638 19.17874335 17.77119802 16.98102871 37.47929663 40.09125323
 16.78992476 19.14506482 41.16314682 44.06329894 33.43764237 36.8725771
 28.59640103 26.02721983 44.05447689 42.91182405  5.54338242 35.3749803
 57.55506873 39.09076395 27.03280233 21.88156679 32.31118153 35.52834837
 16.31878682 10.33239654 12.51342998 36.33727725 21.11773375 16.94916209
 49.81460738 49.19840411 23.83768796 12.39970371 19.55404493 41.39527571
 29.31760745 17.00272868 24.99533824 33.5245385  21.02697141 15.48501554
 45.70136247 30.23252721]
24
[15.5134602  13.13989776 27.11190983 26.43677357 22.34582504 23.08155245
 49.69807093 34.43012028 35.61451839 11.03244924 27.84741452 30.58590021
  9.64147217 13.47891029 20.37569739 24.10524854 27.08803411 18.77972101
 17.74089276 20.98547289 20.56536277 40.60470803  5.01726045  8.74697463
 24.96832317 19.00469606 35.43769275 39.21809244  8.62681093 19.02853622
 30.50729836 40.78564123 19.64310089 15.82845522 47.4768477  18.11101748
 24.31806995 15.5032286  21.60161502 28.77063464 46.54381073 34.74526441
 27.88846875 32.22255035 15.61278229 36.86864248  9.7751063  13.31270639
 50.89959669 32.21128348  8.97119767 21.1082959  37.36866935 37.4637943
 21.0688191  12.65772511 36.50364746 47.25678282 26.05660577 45.50407044
 20.61923939 45.16545702 29.23567822 32.32993727 33.20374163 26.65958881
 16.85841084 41.16626906 20.16879165 17.92094736 19.08896739 22.68288732
 40.36337961 14.5642173 ]
25
[42.73925166 31.38723687 30.59157582  9.96454313 11.21954687 30.66324841
 35.78261866 14.28820101 42.77067025 27.25974532 49.09837584 45.38166005
 14.18879889 17.41544919 32.00717856  8.48978303 44.73301021 22.77803154
 24.62643385 24.26358012 18.52357523 49.59565093  7.12818428 11.27062095
 26.30337219 31.61040538 34.08983096 18.27698703 26.4561029  11.46477999
 46.16871835 18.41751893  7.02244716 13.2967584  29.99408218 15.09193129
 44.38965423 26.65771355 25.04530031 29.36931313 24.74361144 29.55785631
  7.97149215 19.83639571 16.10135974 40.36355213 17.44185823  9.63109461
 44.15827132 26.05046727 45.58590218 23.26279331 16.42741358 34.71257709
 12.45438457 17.67612492 39.63572999 32.07626199 10.1092932  22.40841544
 46.97905684 47.37162924 20.8873233  21.42878272 22.61746892 38.01292628
 36.1484889  21.76716649 19.02035439 19.88991857  7.00578942 18.82702499
 17.48690256 27.65792495]
26
[47.34189964 19.91674628 15.97207927 19.10229661 20.22979332 42.69807319
 42.48928322 24.88617364 37.55460982  7.8985099  36.41932831 56.25801649
 14.06852723 45.26846517 33.64568273 12.88940788 26.422051   43.91345469
 29.65261774 36.04039836 25.38294121 46.89362763 12.74126256 32.2903883
 14.83922843 32.77671077 47.45694385 37.58697613 17.24419645 25.30003998
 21.69435093 32.3138444  22.88907814 16.63376597 46.32975483 22.45381455
 30.2153495  35.96462149 21.37480574 15.60702883 44.23176467 37.75029071
 30.55361212 40.75991731 23.34441298 37.97525742 24.40946784 13.68584562
 40.42604953 41.60955758 39.1951082  30.66072838 17.60052773 33.89205328
 13.84218291 23.89867832 32.44636246 55.41233837 21.02928163 33.13335713
 32.60120647 32.48115228 18.10115431 41.85335469 18.17911648 38.95527722
 31.93271387 34.78621864 27.71893724 17.40942327 17.931254   28.24158191
 38.38898821 28.37630776]
27
[24.15460814 33.00430172 37.60454026 16.51883046 24.22238599 26.76223554
 12.03366865 30.47266811 39.94805439 17.90006405 43.41687201 33.58691435
 29.77342443 38.02541499 17.60903536 42.05043648 43.03225717 23.84814921
 38.20735123 52.15637655 16.93187553 37.86829554 11.48963065 20.69666834
 42.97716323 36.89620165 29.03662444 27.50750988 41.67152733 45.2500509
 44.33805406 19.85154903 13.46592206 43.64390475 42.46101604 28.13031962
 22.12366163 37.13001969 46.79163927 42.45907744 39.33492229 21.03243951
 11.70249591 49.80989383 16.78414381 42.12153896  8.27600284  9.72096892
 51.92732306 47.85445558 27.43593767 21.17941812 12.32619362 40.02322316
 23.43515114 30.60767961 47.14995291 23.32993651 14.97433223 18.39659744
 16.3084737  23.01574525 45.03609236 34.21614545 38.44885825 37.05281492
 19.21673644 30.24412019 33.51595469 16.34502431 32.13594235 34.16049354
 26.10672392 35.86870609]
28
[ 8.25455269 28.74702272 27.30305543 14.32423438 18.22349887 34.62251875
 12.21619927 20.81651602 29.84415926  9.40982503 35.51351636 34.09003023
  6.06632148 28.41665439 39.45007339 15.65626985 26.7929841  23.36334515
 23.05847355 24.07465042 15.64564966 36.9595338   5.26048577 18.98616639
 22.58612639 31.071054   31.29999007 29.67943952 15.46969318 31.16843142
 16.81978592 19.04156068 15.80844218 14.75372875 42.17044906 20.07998343
 14.74767209 13.36566023 11.3015317  37.6708462  14.54014182 39.96387681
 37.41276266 35.03943783 24.14984    42.56369106  9.98536834 11.26554038
 24.81632305 23.91010082 43.8315845  16.60681512 19.03689946 26.33046347
 27.97890696 20.49440673 36.39977412 32.2145259  29.52148708 37.13691072
 32.25979684 30.0756135  22.04312992 12.91526092 39.10983183 35.86645301
 25.51697796 24.78307557 33.98194203 20.95104958 25.7824476  20.09047042
 11.70989853 27.10278862]
29
[48.01918679 24.25311389 12.48524749 12.01062264 29.03016282 20.71244028
 26.87007171 23.44250629 13.64725013 10.95444712 19.94537488 20.39412288
 20.49211194 24.09114996 10.5834777  12.2996401  41.81002187 22.62430578
 23.04928863 19.47901445 31.45654726 38.00397381  7.86667194 19.22997674
 24.72393667 23.73251535 35.75044813 15.05014838 24.8553814  25.54123729
 35.4226669  25.6766325  19.62940516  9.63617299 37.53959853 14.319225
 27.18182073 25.8841157  27.18776158 15.87306257 31.90981838 34.97881292
 24.9234803  26.55192688 20.34377494 25.0738088   6.50496766  5.71783482
 26.16098335 31.73813991 18.80898405 40.27552569 28.74257446 10.71856403
 12.77606329 25.8339756  24.58527566 18.17410503 27.67189918 27.52189127
 13.61663183 23.36037102 28.84463584 33.22219751 45.94681218 47.60285198
 43.45893967 18.10881425 17.76822095 25.66890567 41.54205439 44.40997996
 23.47771592  6.23391012]
