[42.73925166 31.38723687 30.59157582  9.96454313 11.21954687 30.66324841
 35.78261866 14.28820101 42.77067025 27.25974532 49.09837584 45.38166005
 14.18879889 17.41544919 32.00717856  8.48978303 44.73301021 22.77803154
 24.62643385 24.26358012 18.52357523 49.59565093  7.12818428 11.27062095
 26.30337219 31.61040538 34.08983096 18.27698703 26.4561029  11.46477999
 46.16871835 18.41751893  7.02244716 13.2967584  29.99408218 15.09193129
 44.38965423 26.65771355 25.04530031 29.36931313 24.74361144 29.55785631
  7.97149215 19.83639571 16.10135974 40.36355213 17.44185823  9.63109461
 44.15827132 26.05046727 45.58590218 23.26279331 16.42741358 34.71257709
 12.45438457 17.67612492 39.63572999 32.07626199 10.1092932  22.40841544
 46.97905684 47.37162924 20.8873233  21.42878272 22.61746892 38.01292628
 36.1484889  21.76716649 19.02035439 19.88991857  7.00578942 18.82702499
 17.48690256 27.65792495]