[52.15679232 59.81376489 54.80477545 36.40032627 36.97798436 45.6483252
 40.95584206 38.64463934 54.79767646 52.40294295 37.01897662 42.63607062
 42.4832188  50.43974884 56.28106502 38.21655206 52.62168225 44.77008537
 50.88269245 41.54581248 47.29358287 37.88628189 24.36680682 36.8767929
 50.79372386 38.12040601 25.82966582 19.45856556 37.56154679 48.26332837
 53.19333242 52.94761457 44.22105865 38.99734488 45.76799916 41.38150352
 24.46561284 47.31675948 49.73565532 45.14052651 54.90373223 49.83469504
 45.69125951 22.04671745 38.18770674 44.311855   56.12906274 45.4642796
 54.31737145 42.24345944 44.52906977 52.92258544 49.49530967 40.48175289
 48.54298244 53.37687068 48.27774985 56.11953522 51.89680097 41.13670868
 51.36605257 38.83588541 33.60965622 51.92607522 35.65566559 17.37172483
 52.22547482 53.00251943 54.83076601 30.588492   22.35188756 41.11977936
 48.48914529 43.87330344 42.89109197 53.14675092 50.48419226 18.14942433
 53.20148257 48.01920166 26.18726847 51.76024142 47.51546338 49.34415894
 44.62341884 35.38163964 52.83363832 45.11106377 48.27324888 33.23911788
 43.7321445  54.61272227 45.94794204 25.03117493 41.98730667 54.80309847
 43.5016053  49.2308308  50.34290793 56.05966853 30.35883701 41.20662611
 54.75919901 28.01022471 53.84707181 43.91689604 27.39479879 20.77963949
 43.45931354 40.03742301 59.21828778 40.19307557 27.17585907 51.4494171
 47.78480131 20.10838431 16.85421285 55.92437605 53.970849   52.5413643
 53.50758694 55.78373472 50.1410514  28.37672794 39.49115895 55.06991852
 49.48723015 15.5655605  35.6318787  39.59086646 31.43841796 47.16399429
 37.29268133 52.64545525 20.69744572 37.92410063 31.09189308 45.19743387
 47.88597703 52.94086353 16.82600043 50.2449643  38.66618155 27.55591853
 54.93309096 53.88486254 55.82092817 51.15003065 49.47739739 54.29856632
 56.6001264  46.90181633 38.50404573 44.51763787 47.71558445 36.21082646
 39.72146663 56.99933607 54.28409297 34.99601399 43.464485   52.61456475
 51.61534384 49.79445899 45.72196176 39.5809916  43.72945678 31.17478641
 52.39384852 36.45123663 53.15498137 44.57543211 33.42013773 44.98354088
 53.81536338 41.82721133 50.61502669 53.62410193 18.5363611  53.85465385
 43.3054094  51.90304881 50.44135005 37.40946783 45.41531758 27.60804784
 19.5450025  42.47600208 56.21225687 42.78412485 50.80092013 45.09661452
 51.52530137 45.37709509 52.05605248 41.42791618 37.92889012 52.3372356
 56.71192227 38.76227548 38.70440287 44.71980363 44.0207852  25.41132175
 51.01574578 25.39246497 34.89763181 42.6269474  40.57308157 43.93198708
 40.12226871 49.33901264 34.69233892 43.89324277 31.63772491 52.20595649
 46.76457741 37.72652989 46.87181383 39.70392425 48.84205933 53.0904109
 47.80963716 41.25873167 47.57619211 45.09175521 33.80383957 34.79628837
 52.89674901 42.58540341 38.18780723 54.7837283  34.2866945  48.89165998
 42.19459336 53.29444888 59.0942724  38.83505746 50.5765565  40.73280377
 45.33633024 42.39566976 44.69174333 34.59181695 56.31522073 48.52558381
 46.66328711 49.92861994 36.53758525 16.91587528 39.65930355 23.96148085
 57.89276732 46.96387149 38.89743023 55.5905778  47.28419214 40.27910893
 30.16163855 49.21819512 33.64266312 41.92668149 39.7303936  26.16588124
 43.74135334 26.17792882 39.50299615 51.90149888 52.30891017 47.19621485
 50.34047534 36.14041561 48.92660082 58.56802385 38.16631887 37.96916832
 57.05985439 59.1208075  25.47703954 53.94800209 26.30794122 33.16356834
 25.62531465 41.5886057  34.67475801 48.75902102 40.8241232  35.17823778
 48.1830482  42.23561087 36.86554008 38.64373912 53.51341278 28.93544615
 47.47595656 44.17093277 58.63578374 45.10343446 52.97559939 53.53902824
 45.13446575 36.45327937 55.5299911  50.43207849 55.06666527 38.14803731
 40.24906438 43.0990274  44.26131484 42.28426503 26.83412885 41.36355175
 35.58360048 54.16206316 56.04425338 35.07457435 57.82615345 36.53228358
 52.88001449 41.57237272 57.81432644 41.59017222 31.03916834 43.98992268
 53.79163201 53.20680881 32.78980485 34.02290922 24.72031228 53.10034473
 45.69443569 28.76831694 52.13498126 45.70676479 46.87522103 52.47267703
 45.59900763 50.94214652 35.68075885  8.34298694 41.38702114 47.37899004
 53.8399832  34.52040068 51.86281799 27.84742328 48.24195403 36.91328809
 47.74660139 41.87678719 52.9355011  54.90896193 40.47149531 48.8762259
 51.51073006 42.99666217 47.71762041 45.88686215 48.16493812 48.43870174
 52.09370188 25.13277948 44.28239536 36.35287201 50.06363886  9.12280076
 39.64785453 12.57323773 49.73042393 34.81484883 51.19340848 44.27307962
 47.26445943 44.0869511  41.81326637 33.18507114 41.37085765 51.96386463
 57.40240362 49.27654949 43.11768829 24.49787734 52.82939921 50.43183999
 33.8592356  52.45256813 43.64956371 35.54642868 53.75803806 51.38783215
 48.63170819 50.35099889 36.18693946 54.77734786 55.07334852 27.88037982
 50.96476755 50.61089991 52.94154014 37.35843552 51.64917761 32.52224698
 46.96471656 20.61432948 43.13781645 28.00227193 44.75586912 53.62206685
 28.70744638 45.9361503  43.85073048 35.24552486 30.92052696 39.76607814
 52.21740466 31.40683222 41.47960666 45.65102377 48.93384382 52.83248097
 43.47893156 46.26883837 31.57488059 43.54697799 40.83038985 41.90995499
 24.10868014 51.01831977 50.71417683 54.75884861 19.4298117  52.99278625
 43.24807912 36.63381037 39.04174143 39.37347642 36.53222018 55.95164402
 43.8925985  43.8915576  46.1476253  14.85508268 57.17010165 51.29546992
 37.91342751 49.90893022 29.61743774 38.66088246 50.81083938 50.17939193
 33.41237753 46.14445499 45.81260581 26.06450771 53.04573679 44.9882643
 51.74143575 44.76894931 44.51647636 36.4060359  31.15196007 40.50417006
 43.88056338 30.29047123 47.16231055 38.40375008 48.59342745 49.25797777
 40.0225376  40.71809213 33.38310295 28.01667966 47.4569578  36.58204249
 55.78835992 40.21457827 54.77840956 28.61806617 49.27013184 46.6691669
 47.53954212 56.95433928 52.58874676 39.43817577 25.63311868 54.20750605
 31.06115431 41.90046762 43.82496626 49.6508205  44.19024408 38.22712433
 52.53659767 53.75338419 16.94804442 32.22466456 37.82849733 49.46766055
 55.42859602  8.84004878 54.59170861 18.81807244 44.41794723 51.07116373
 54.49362751 36.75176705 59.46482337 24.37598333 44.0431022  41.11603654
 23.47064204 47.4182491  29.91192581 47.62398259 43.20640061 25.04907735
 41.43733301 45.28216585 30.84433773 39.63281552 43.99699243 57.89763142
 52.18938182 42.66214103 39.70867136 54.34077782 33.39760075 55.10043418
 54.35425943 41.74150393 45.65128375 38.83210767 41.21837923 42.29900782
 34.43759574 52.29375578 54.82838603 39.66768242 49.99469487 36.50468092
 50.53993035 47.23265662 48.99870078 46.3424977  43.26703325 46.06164737
 47.62880349 49.14007262 55.58388481 39.27603061 18.75235164 56.65882889
 43.38030909 50.51937251 48.11069377 58.23514417 56.28048981 51.70907353
 46.16813738 44.23603641 48.95458598 50.81048666 38.81793218 46.49763313
 47.39251455 33.08876736 46.22163922 43.37860711 34.34357916 36.36191216
 44.88010164 52.71585682 46.85638322 47.72533375 52.66342794 43.84668903
 59.19920873 52.8871662  40.02824679 52.55260616 48.30290247 51.87518962
 56.8286185  55.18461832 51.37657073 43.57637365 34.06385032 44.56089697
 36.18167953 38.42269214 54.52497168 17.7961592  35.30803235 52.16291964
 50.36457    32.45529438 42.66505898 50.40621121 33.04807368 25.79888596
 36.41659964 39.0058922  47.45096928 52.28699003 45.56231297 30.3380988
 40.65227279 44.29993321 31.00403417 50.58840115 56.69945967 24.96656753
 52.2106823  44.83654642 41.77571307 51.98343415 52.62679269 39.39547765
 10.4682979  41.6206136  45.47279372 43.53840098 56.95197543 51.16709853
 48.55499884 44.21091662 50.39642069 39.93042301 40.70745086 22.03785738
 47.95873591 39.60184519 52.53646592 35.37272516 50.94379164 40.6597544
 48.67966457 52.32785296 42.60728581 49.38656013 44.7489767  34.52009269
 48.70949259 52.96310737 38.52373755 52.30655593 55.75709585 40.01448889
 52.52160403 41.17924027 46.91301404 24.83874427  9.2109859  45.79078478
 48.61893215 52.37297616 20.34103493 48.58136319 47.69280103 34.09458169
 33.66097523 53.92861457 53.0316     45.92854825 29.03347782 46.5379565
 23.12411812 31.83252393 48.81838997 50.44823937 36.81866658 53.48122807
 37.92600463 47.13847356 51.83088484 44.45060178 57.28824382 53.4930588
 56.80677653 39.33111547 54.76050692 35.52699321 38.18231412 55.51473322
 21.2590354  33.03656495 43.72126265 27.18464966 49.32393523 41.14452138
 56.10056655 17.49753219 37.26158781 52.18086458 48.06853054 43.91330795
 25.74405774 58.20590574 42.25924294 30.38191743 41.52623182 37.25788455
 55.76174807 47.7842013  56.61886696 37.952336   39.78679559 45.09037779
 42.98966793 53.54833092 53.1656089  45.90110035 46.38511652 53.23341197
 28.98623057 49.48222021 32.80322489 56.99733912 35.4828976  51.42277436
 21.27786254 41.25795451 46.97223509 27.10086018 38.90140063 58.46224699
 49.7151619  30.7173458  54.26853336 43.47469681 35.53297111 55.35991288
 47.74705699 35.98980255 50.70809453 51.57039855 52.15854864 47.28494602
 54.59720497 52.89498299 55.50897733 35.94614732 50.11207324 29.05120752
 36.11375591 36.15867327 28.05696117 52.14672993 46.38388977 42.09690254
 51.5052067  18.58557787 30.69916697 24.74309884 48.24880665 38.47104279
 52.78078628 39.87528024 39.11337901 39.03617669 37.76166644 45.88161989
 50.63615948 29.23112258 52.12243006 51.72587998 47.92798842 27.90252359
 25.50480879 49.21037283 49.00822553 49.55965719 40.54448032 46.33212622
 47.31909518 40.09920478 48.00420183 34.99109082 44.3271709  40.74492516
 47.73961053 45.22619288 50.14743979 32.04520664 55.90811127 38.33775562
 41.09402355 50.73760017 47.85947004 30.69568822 54.48826686 48.4545005
 29.0560037  45.67964595 37.15676547 43.98463369 57.70601547 42.02825392
 51.2289728  53.29300233 24.61062847 21.48555387 52.49153991 52.70477387
 27.94885129 50.16571149 28.03552187 30.83843246 44.58774602 35.94691791
 49.27074193 51.12827373 35.15191272 19.66508301 20.19709696 51.37772084
 41.62451299 33.90384985 41.0533495  47.01247482 52.07802118 51.9005025
 48.78394249 53.82510142 39.91206223 25.96169989 45.40994976 40.94186419
 50.93814634 20.73182958 33.7840907  20.0949784  44.55889441 46.70432858
 25.61702146 53.57167482 54.21839126 50.02561497 38.82417327 42.63358218
 47.09866622 51.1288562  49.50920107 23.71131582 29.26417461 27.20116078
 54.51356238 37.29285617 45.46238468 29.27246077 49.39498422 28.63323104
 55.39913746 52.44024057 44.94017705 51.6276889  33.88406546 30.46602732
 38.08264877 15.16452479 34.34772187 54.60598559 21.7554529  49.09632839
 30.30554726 32.88967658 50.56118125 53.95716553 26.6254935  52.90460487
 46.3419189  44.23851392 49.03808966 42.9532246  36.95687426 43.01698003
 42.95236091 47.3344442  16.18260549 22.80138013 19.73956452 51.71976456
 36.767683   45.49389843 36.63876559 49.59343199 54.26888084 49.04375818
 51.34746062 38.8321175  47.32420292 25.75218898 40.72630942 42.78400464
 55.60909544 43.99222436 33.44271366 40.84597739 41.69546525 43.50056466
 49.00726706 54.74391465 46.24691663 41.70201601 46.6980115  49.49780459
 51.24074321 56.57383129 32.02785484 55.22643825 43.22635366 42.50521027
 10.81640662 53.16688525 42.64616888 50.19000058 44.83203101 45.68224369
 55.29923663 41.15225915 49.41959461 43.71545229 55.95598882 52.3140333
 38.64726698 53.28619298 49.2631943  31.9389208  40.44369073 47.92301483
 53.59718563 36.43289884 56.33992662 43.10484407 47.33426332 47.3401113
 50.94389859 53.04995024 54.41880991 30.10084802 53.75685979 50.77437779
 33.02773868 46.91880772 53.70923218 48.33210648 44.59472722 44.48038118
 54.8879635  45.14722893 43.85844351 52.72685726 44.82401007 43.75221053
 42.55520966 35.82104013 48.02474955 42.56608257 44.0519357  38.43104162
 25.28338393 47.89731762 47.29929004 46.02830609 51.21970778 37.10323101
 39.87865616 50.82380567 15.35551161 42.35718971 44.60788098 51.94113409
 52.74639592 42.22039593 27.09170144 47.16853042 50.25370327 39.1633038
 55.94914699 56.88988337 52.40774407 57.17027714 50.07244375 40.7740188
 41.8923879  54.56232321 39.84760191 32.95572986 43.01500481 51.91849008
 52.07583622 54.48970372 41.89379348 52.48564088 51.17172261 28.42582882
 35.25048993 57.00982408 49.58612536 49.18733295 41.2393854  51.97659576
 48.34871649 57.03080943 13.6944035  46.37768218 41.9683686  51.93216335
 39.91068077 37.32377345 53.15125994 56.39732213 39.40456359 50.23842608
 34.30040783 50.07111699 55.04187371 31.70484404 45.44840147 52.19643376
 33.69527239 44.9146499  40.72342231 57.12332199 45.60863542 33.89681861
 47.28009483 55.47883621 40.60186846 47.93220448 43.74013193 35.55693993
 22.08565855 44.74837964 41.76273628 44.30910935 47.00802242 42.2059312
 58.06013839 42.4394953  28.06500738 37.90790549 43.45390772 43.98847052
 39.54026846]