[54.64377436 49.29654895 38.36265466 27.47608734 29.66393903 20.172962
 56.6770442  54.43158801 43.16164445 54.33092058 52.44743039 55.32262724
 19.94007329 33.79018218 38.18441829 55.62036461 40.83732531 55.06880814
 51.35658814 53.69107716 47.11137292 24.85899625 25.46909225 43.79979829
 57.89984676 55.08399024 43.62661887 51.60357009 41.11416751 51.67602046
 35.12575968 44.37212188  8.96791995 42.0797173  27.51235211 34.78934212
 41.13671767 40.02579289 39.00336935 48.373122   23.29350501 42.54480514
 51.64003962 52.34533468 50.38776523 43.5793665  54.42729945 42.14614878
 53.62811046 56.00026853 44.53744191 30.18833287 38.49512993 48.44190729
 41.84822783 46.26307302 55.46672164 41.37531651 38.44903089 49.76010929
 51.01191089 48.64484135 47.50565718 48.32939819 51.20282311 53.662989
 20.54747885 44.78661907 41.73310407 52.26423635 47.93744326 46.93766065
 43.99543984 35.30658499 30.65118238 48.87092888 46.57199348 56.14966583
 55.11175573 55.17770026 33.60848191 25.33525139 26.19071126 53.21098721
 17.45641792 46.31674152 45.28742172 56.07423858 31.05288623  9.75260458
 27.58998344 48.03899156 52.55234518 38.60974264 43.22653208 42.38453802
 46.60415191 48.93706284 34.70735915 21.28862448 45.13135284 54.726821
 47.96354486 48.49068381 51.48038416 46.03122403 43.03658951 55.74733655
 55.2636286  53.87301243 57.71936231 33.24764852 41.32216362 46.77468369
 55.1561998  38.25623421 56.35833157 22.38594672 57.42778366 54.3906705
 30.59327434 16.39257124 30.6086732  39.55176807 46.49472185 45.37843845
 45.69683089 51.44998871 56.34454311  6.58613657 41.07503796 23.73335404
 51.36892539 39.16332704 31.97803051 48.24785348 45.16847485 50.36127753
 29.65207235 55.31051839 53.02956725 51.04517922 53.33365578 48.3437264
 52.66898815 37.06770067 55.72301822 50.00466658 32.24987533 54.19432516
 54.98429317 45.29839829 45.40249967 47.54455076 50.58684121 53.76145777
 43.66251231 52.67246141 28.40111803 37.24322628 53.873764   31.04212195
 55.49231651 54.2036102  53.99762611 48.50726982 31.49703175 37.90710829
 32.70283123 50.07727885 46.81186848 39.80863885 31.72718456 48.64871294
 54.88203178 47.04025405 54.84219215 45.17195936 29.26180757 39.57847112
 52.24620103 46.26518767 38.6294677  31.46515371 44.17860599 37.26381044
 34.0322092  46.12503154 30.99942084 53.10869449 32.97014565 27.74017561
 51.35613351 39.95184578 44.36801171 39.9083199  34.85921558 35.11819133
 33.93609702 35.46065077 43.22544536 53.40120257 15.37331302 31.77383033
 30.84574506 58.28996535 14.65325853 41.85292246 49.05428264 22.52531385
 50.39779618 40.27422462 41.78539439 47.09609133 55.81191955 50.61601501
 51.77768322 51.27277121 36.18716458 47.18657774 49.40776359 52.64142292
 40.84052758 49.62864987 51.53276383 27.41655134 25.35368821 55.56152253
 52.57997606 55.81143625 20.04743381 51.54296308 46.03973525 46.65716742
 43.5317038  42.48245275 46.35890393 51.35244004 47.13880712 27.90661736
 18.75758192 36.75869618 21.18553478 45.10738931 35.62038154 47.82314798
 29.22220935 13.99645332 49.47450557 49.09630915 28.2751124  28.08751651
 56.3518338  53.4749874  40.34694605 45.07945301 16.06658696 53.17357349
 49.55534761 42.4206946  47.03779051 25.30412026 17.96170497 40.95075939
 42.91118068 46.08838189 40.75177117 50.48326883 27.5755097  39.87687934
 32.20454274 36.19610056 21.10668835 46.69055927 36.46602633 43.36804897
 46.80028681 34.54102057 52.12664916 29.55616724 13.63720805 42.21519886
 47.39375916 55.70595386 30.0534639  29.32727285 53.26816853 55.67680814
 40.47761022 56.42104726 54.31755278 13.92137243 25.82182435 45.34054081
 57.32481856 51.02221305 48.59441928 29.69923038 57.61886317 47.06132092
 50.97900092 57.55096693 32.90198101 32.8101084  52.46907513 27.23997651
 28.81630939 29.62171062 35.68687928 52.0374426  46.60285013 14.00333534
 56.15115162 53.54003915 48.63485775 57.01153539 55.06775016 51.54717807
 43.39888993 55.17572719 58.3268646  49.61106527 52.14294523 55.75802342
 11.10108875 46.8180323  45.55870748 40.59287893 46.45968849 33.42297113
 30.41784865 50.93850776 34.64186952 54.20941697 39.4014888  53.14958374
 52.90011822 44.02851929 57.02035673 51.49953624 33.39824736 51.00069032
 22.58861071 53.53188211 43.40879099 56.64998136 46.38465618 43.33144253
 45.26208137 21.45539862 54.17147198 45.32212509 24.44939158 51.8916824
 36.45910655 51.72766214 49.71150884 46.00913219 52.9683677  46.26054911
 41.76032152 46.45300375 50.29557801 34.31651317 45.78090895 42.72254728
 55.85686045 57.86688005 51.10878539 54.23696788 54.1647133  50.74830305
 37.28043991 56.32019335 50.5454582  38.14236287 35.44659058 32.87368356
 44.09670295 38.38186146 47.74240273 44.44976248 42.64084851 45.52858992
 34.31625045 13.53325947 35.79112846 46.08381976 40.8549542  51.51787341
 34.91344995 37.41130659 53.54183755 41.48899619 43.00669403 42.95337318
 28.16640798 17.68378483 53.67368295 52.64608134 56.3084905  58.87596101
 26.39887804 37.25453086 51.03435096 41.16035855 42.99643302 54.69138034
 33.47715549 30.84339292 33.38627413 46.29723698 50.45796423 54.45510237
 55.41043742 37.7536291  45.30367343 27.52842533 52.02402427 21.284802
 18.31224996 51.12979063 53.02721791 43.4333357  22.40493593 53.38241592
 49.87362741 43.7399521  51.5809127  46.84261707 51.8555423  48.59226187
 52.32695396 50.42843726 51.12458603 44.20529133 39.12643375 55.03374907
 52.58809454 34.58447148 40.87887028 31.00353373 47.50177721 57.51258753
 23.76057887 55.92656247 52.9392383  56.84954117 26.98812908 50.16445715
 51.35878376 52.81131181 25.81227992 50.94665064 48.48121029 48.2721476
 30.33758419 51.87712135 46.39537201 32.50171114 43.87400428 53.20955682
 48.49475869 45.18662809 53.01035782 14.73425514 46.89839633 33.86232961
 52.11979335 52.18162097 32.84545647 37.03909406 47.57761658 43.54951381
 53.35227725 35.69599468 54.37438619 48.2843281  48.54778809 28.95675371
 56.43929102 35.14266678 42.99121019 53.14994911 51.06786274 32.52655134
 49.34297141 59.07262862 44.64098131 51.07845703 51.07852219 18.22569315
 41.74193369 53.5750307  46.50976311 50.57714174 39.63372857 53.56734945
 54.64459217 45.50821593 37.5238343  37.99198885 24.97650451 33.28003741
 45.96926098 51.03620068 45.33449462 55.65893613 49.44038675 37.7936338
 25.9095185  46.11836569 51.92975319 45.15624859 32.41674623 50.02258536
 55.02641086 41.37173757 52.5137057  50.97249508 28.56937805 58.01919039
 50.33198699 52.59596701 53.61317752 49.05496419 39.69637086 34.50321088
 50.58473031 11.78246963  5.67669801 16.49487294 25.07595175 35.8086833
 43.49824624 57.74826615 34.29428732 53.82147393 34.32438225 57.02283425
 38.51772378 54.48141679 42.31602334 53.4492701  27.2415167  50.39914919
 46.48465861 47.49074525 40.6433084  56.70725163 42.77139167 39.81419656
 46.73849159 23.95888479 34.84987871 17.53702231 39.95662086 47.46446543
 46.96241433 53.04187284 46.63943735 31.47127998 37.22377377 26.65790334
 49.17573413 40.4425728  37.80932125 53.34147076 51.67321423 40.81551063
 45.58804816 46.96539614 48.80835535 37.06822965 20.1617355  40.57620307
 49.23687731 55.79716924 37.21560298 27.31053505 51.14557723 57.4346433
 36.98405619 18.78262205 46.45290847 49.24696387 46.66276925 31.1100666
 22.22741877 46.6486059  41.78307478 49.50106864 54.56021773 22.69085212
 48.09184448 40.11284351 53.80229615 52.28896089 49.85875709 54.40197985
 48.35681721 35.98365609 18.17722218 55.96580491 34.36773354 42.20768029
 48.98864884 51.74880187 46.11075595 30.00483209 49.71651571 37.70195578
 56.14176369 43.77203361 28.21489976 30.65789205 55.01283389 48.91164673
 49.41802884 22.97257369 33.17024891 34.44957429 23.37295105 47.77043731
 48.35007491 52.25454198 25.66968206 39.08599296 39.25184269 35.74470996
 45.86782956 14.34550221 43.42691625 42.92145776 25.06018448 47.08993147
 52.34692727 24.62897055 34.56319536 52.90578273 55.99096969 36.27860374
 51.27698622 56.72863996 56.54433143 51.28241157 44.67630028 50.33343839
 56.38498852 54.40002879 50.24019126 52.98023499 51.79468239 46.9530682
 54.25474999 46.48643021 47.80496565 38.85514268 54.84409856 51.03381549
 55.64292678 53.29667944 55.33505563 49.4714156  49.75509642 53.51714051
 48.59672213 51.13468233 52.56619565 49.64840234 40.48777412 56.58422681
 26.09052199 45.92358773 37.79587914 36.79366309 36.04078108 57.94544423
 39.62292495 25.62019177 49.1498398  57.77115462 52.83221773 53.47954017
 56.54211311 54.74842208 41.32178649 43.92990019 55.31621938 57.15526937
 29.80805445 43.75074186 36.30576281 51.9929971  47.82612129 50.45093498
 36.3924599  33.9746697  49.18348518 31.71503786 48.35144228 44.09018502
 54.46895684 52.45050647 32.61403117 51.45340052 36.90863212 46.75184577
 41.61215995 53.61258553 55.4509379  44.2841322  35.18920865 17.45627213
 42.2986006  47.46643101 55.17950976 27.37111716 40.16166046 52.61766622
 50.76948839 49.7444859  24.42015862 50.09765968 37.87409715 53.05020959
 22.30293652 22.4348513  33.44829607 58.05889378 30.82209439 50.977027
 52.77316183 45.01758147 28.16350779 54.37178025 56.09507733 32.73977739
 52.27018679 41.09872103 38.75075292 39.45210393 42.76290768 14.27458639
 40.01069199 58.85733477 51.27517862 32.38205625 32.48000578 29.63049088
 56.36405027 31.81931026 49.68355055 48.86168616 41.60338029 51.94645733
 51.26734428 40.79005608 51.25781005 35.27504247 48.19273129 49.92488761
 46.23210616 33.96939539 21.97977636 12.56948859 53.54956436 47.7503007
 38.92628324 51.05973465 49.45249049 30.38158519 45.37491108 52.39866159
 26.7590354  41.28681445 44.14274284 38.53895046 19.29711845 25.752785
 43.84747231 19.54216265 32.7482168  49.14132657 42.97842933 47.83860085
 46.37535111 34.75236455 44.97240459  8.13510073 39.8497085  43.79597902
 53.55086438 48.66303146 56.95526429 48.28381404 52.73526403 15.0983851
 50.62789807 45.03287752 55.50612215 59.28849687 46.85722355 56.50061905
 56.48804873 50.35606953 52.15710226 31.81867463 41.57462142 50.42901702
 38.7514604  33.16126264 35.73471935 49.16174586 27.49905174 47.25826595
 42.70779527 40.43234506 46.97163961 45.83271425 55.25414803 28.95531333
 45.63559564 55.43415041 49.90056088 44.20658349 50.29736618 55.65608534
 47.07937901 33.912183   25.74178172 45.10987215 51.95059607 53.70252261
 44.95523305 25.51473419 53.58222263 41.67429962 38.58887311 53.7235687
 41.96043147 44.1238627  44.40154525 25.93187223 40.21900097 46.66623074
 51.95811225 40.74461263 57.49402722 46.95325487 23.13488026 51.88153661
 52.91230398 42.47989933 51.36733474 32.42525708 48.03092757 44.58968851
 36.37855323 51.2504319  56.74882534 36.27327376 49.31372533 54.28762766
 48.73994986 44.25466459 57.46039015  9.03409327 51.81717713 39.68711077
 30.85824611 45.78496685 52.03835371 48.755862   41.73159465 47.9320736
 27.23042739 23.66041659 52.16140897 52.33535571 36.93051847 47.46159728
 52.80500484 50.62155881 50.93353376 14.75811046 45.40228569 45.90390858
 34.27907679 48.98013983 53.28771836 37.47672534 42.70187778 40.73441186
 53.27459544 56.08265652 51.78454263 52.60805038 42.16553809 58.51864134
 30.29077773 30.61352761 50.41351678 23.17289144 50.80688316 36.3578638
 32.66889634 49.96917063 29.78780771 38.08891611 37.82821929 56.92204424
 49.73329558 45.23160049 52.9258449  47.18100763 52.79763039 53.03368745
 19.18106332 46.85572921 43.28515754 28.12851686 36.27815967 26.69179879
 48.03768082 46.6983237  56.07992889 26.60576381 44.64252602 50.89339706
 49.97931632 31.20943592 49.30763349 38.31136442 45.59006853 27.98274146
 47.84915973 14.10660388 34.25396657 55.05623253 44.58487599 25.72879035
 54.33603314 45.62296549 51.90535356 54.92582141 45.94345222 47.66263345
 48.78972043 40.0393597  54.53660028 54.87607238 39.74367112 45.31824036
 34.61265426 48.51794244 57.62221311 42.41150124 51.19847168 42.75536497
 46.14477668 18.37938168 47.59246173 28.17048677 50.06833228 54.35782752
 48.05537879 58.21108729 46.49991658 47.20642412 48.13150575 50.86089664
 39.66623123 54.9949479  31.5972287  38.99369181 41.91239704 38.3606247
 47.83462742 47.67744122 38.77833089 29.36912803 43.89300806 30.64814288
 49.93359584 53.1959427  55.37196702 26.5875488  40.19539385 46.68710499
 39.70989671 51.34752151 48.1145167  30.89899219 53.09385776 27.04901878
 49.83428282 52.38840913 31.77467023 25.29811326 49.7671488  46.72945486
 17.65157784 51.74019986 22.22949387 41.10441086 20.58561287 45.14178343
 52.36252624 48.79778343 54.99935544 38.34642944 14.7455963  32.20234883
 42.07711611 44.76195424 40.97543935 48.40124028 40.13523998 44.73738192
 42.72694425 48.6628272  44.66510495 39.69623094 41.17259995 49.46731189
 48.14032387 53.99327581 43.57721492 52.01778846 47.14333139 49.59558278
 36.97717522 42.24060333 25.10938142 42.44081277 50.81322776 55.18321936
 48.23246103 36.68348951 49.75643164 54.0683598  43.90302476 47.59039428
 47.03365253]