[45.09894172  8.14067565 15.03186661 34.10752375 21.01515251 28.3906982
 27.3997938  34.39525995 17.75102041  7.43751499 39.21870207 50.05370052
 22.39872848  7.86764072 11.94375694 10.649265   24.35733492 25.08025721
 28.03099594 16.71023986 43.18816422 52.78176692 12.31070654 16.80203721
 29.65828814 19.87693342 59.24061004 44.38067416 41.66245519 25.11537716
 16.14763233 15.85855089 10.17121426  8.93784254 50.75762407 26.02795248
 14.48392594 16.55652207 36.11028829 21.38875017 48.50808179 43.28437223
 42.13764452 18.06256352 18.6262033  46.68407017 33.93132626 18.40823987
 51.38931095 11.20835692  7.25843619 44.47678631 14.94894935 48.50264392
 35.78554053  8.1672824  20.89097972 28.14793039 28.24144701 15.02534433
 37.24337094 22.9447229  49.99358482 41.92261315 18.86305948 46.04908757
 13.25983353  7.5272922  26.57412784 50.40653455 12.50678579 23.65767625
 31.27939361 15.97247238]