[19.15834892 20.22837223 25.5561322  16.58889792 32.78158565 20.63635328
 14.076632   26.42593639 24.76449139 10.87271106  8.25476478 18.99010948
 17.67123589 27.05158589 22.92343902 14.61543366 27.79112787 17.03359306
 16.76967944 13.48733815 15.14920199  8.80103264 11.5000283  33.0388588
 14.15657083  6.88195037 17.76518795 25.06160649 23.14552684  7.81380332
 15.86470942 12.53921062 18.58778785 10.93032567 15.28372562 33.05935841
 25.04621741 14.17440746 20.00340985 14.44609703 24.01840574 20.53833828
 14.78203413 24.91045358 12.3676824  24.37084844 21.29371003 25.21117596
 12.11514213 13.36214202 15.91368522  9.61460871 19.90241309 23.22464891
 12.61825297 39.1007773  23.82797725 20.43187987 15.20802152 25.31986516
 32.93135083 23.2829797  33.11686589 23.23624579 16.35567756 25.76815366
 16.81575494 14.28060604  9.76187895  7.72797478 11.67523411 22.39716374
 11.01376188  6.55672253  8.63817324 19.70676846 22.60034361 12.85711914
 28.38657374 22.72603123 13.72570329 27.75664174 13.85107148 24.50063517
  8.69741671 13.1979992  24.70440787 24.06659448 12.42645744 15.57593756
 12.52297476 36.71626347  6.51042214 10.18617999 23.35050229 14.49109794
 25.8555037   9.17865499  7.61544837 31.87277025 19.59892401 14.44187875
 36.26676979 34.23011714 24.00042198 22.8710902  17.26850704 24.29760845
 22.72465896 21.32348827 12.56946484 17.37253366 28.04859914 13.77013962
  7.02678962 19.52569559 21.82982361  8.70093992 12.8120797   7.4367211
 16.17199508 43.02605576 11.07500814  5.60297377 26.79186331 30.80297243
 18.88352437 10.29722405 40.76869538 32.24416775 16.8319072   7.07574166
 24.75312812 26.69759558 25.13172518 11.83213184 22.75036137 16.46096755
 10.26369805 17.13210584 33.57601819 13.95277751 28.13237495 19.01818539
  7.33206383 12.68338096  5.43438512 19.72332508 13.57492928 25.78968363
 14.21023212 29.40338393 28.86186442 10.09805949 32.60918091 32.38469551
 13.97036006 18.85611491 32.75648375 15.43529511 16.28470465 21.69730944
 17.49687412 15.84094197  8.35631167  9.97799808 15.47315577 23.23722707
 24.09975707 32.36285936 14.77362444 21.71980763 15.36460853 11.89588844
 11.4896967   6.03581643 18.30052454 20.95518279 27.81540174 17.49318801
 18.8472898  15.45095972  8.01853347 23.00731013 12.79330398 20.87941853
 28.19000821  8.94360932 17.40195772  8.67526642 15.16324825  8.35739171
 14.14326062 20.19821355 16.55556496  9.4644482  15.32570683 18.02698605
 10.84051835  9.14824972 25.86167904  9.75801839  9.45428382 17.51734211
 16.02294117  6.82294339 16.39176867 10.60252076 19.41324022 13.90411463
 33.67793757 20.82421077  6.34124669 44.42236367 18.85084887 23.61057601
  9.03884493 15.72122291 43.17884656 18.44013549  9.3970758  24.92387507
 12.10123854 29.05555059 13.65379673 22.10739579 23.69417483 14.93255671
 38.59095044 14.70557428 34.37324496 18.43066356 23.79719596 15.38486604
  8.21587835  9.29283004 18.94918724 10.91504652  9.15047133 21.4481349
 17.71643796 35.11989316 24.8603225  11.24095326 10.8009904   7.43847654
 14.7290818  16.30085253 11.36027787 13.89013886 35.43582519 24.05840432
 26.63186231 14.11853372 13.19238184 12.24224701 22.4103823  19.05666765
 29.59226571 19.36555438 15.57336832 14.21949453 15.62055537 13.46618443
 14.90410253  8.89740707 13.70007156 18.46274007 19.90911184 31.41025967
 10.79349521  6.66436318 29.78936575 21.65837164 18.58918143 11.7562345
  9.13933209 11.67513644 15.64262137 15.99319394 20.48118871 18.98208203
  6.33041771 12.54024882 16.12107409  6.47772014 25.9577539  11.49600928
 14.02196592 17.71005323 13.4594098   7.76208585 24.83629926 16.38197249
 16.66192355 23.9317052  17.5954839  28.7706555  21.09344111 28.89052089
 19.79713223 12.87799768 21.28959493 26.65238083 19.02852955  8.16121297
 24.80038037  9.66206923 13.71099305 15.86324744 12.85891731 13.58181736
 13.14282147 11.18232984 26.6436294   8.21036888 23.9487233  15.25164671
 21.46738802 26.7618104 ]