[32.2571976  16.29114149 27.18417789 22.28279193 19.74606477 42.8249711
 50.03409588 21.42238201 28.04233146 12.20982503 47.33152137 50.58514603
 34.06347582 54.05802468 12.75788746 18.92403518 27.88160259 17.52608149
 20.52287038 29.50617785 37.32380447 36.83376584 14.05512165 17.37954214
 35.13370117 18.45015242 30.00956116 41.52234155 25.0727011  53.46846235
  8.77071805 15.36769739 27.79527886 15.09330405 43.46928438 23.09454249
 26.36141135 15.43245072 31.50711812 17.27946708 26.95640503 42.1607574
 24.10053971 17.28921327  9.08402154 47.93647372 19.22655986 15.90302168
 27.40887157 19.4273581  21.69197169  8.52502596 29.25357103 36.93095389
 16.61288883 27.52056155 15.10167891 26.31703382 28.70641244 33.9709616
 22.52019082 23.87564477 18.85716617 54.44131874 34.64246841 34.31104543
 19.53918651 14.06146198 18.48324431 27.52431497  9.95188611 40.37336649
 12.59514847 11.15399328]