[20.03753392 11.26529756 11.33213933 17.03813449 10.52369589  9.72978858
 17.3614426  16.5174693  13.87594995 12.82668116 18.603486   22.66030551
 14.10639027 25.64105325 12.82892042 15.80591969 12.59421925 25.75547723
 21.98283207 10.3997807  14.84119741  8.88728098 13.28708536 24.93496618
 14.70050794 13.06730266 19.00558486 19.84410892 15.82168454 23.17529695
 13.58258099 10.93190074 19.00915628 32.82965475 11.932403   10.36903352
  9.09441874 16.58001124 20.9634467  34.5489119   8.7656209  10.80572748
 16.15952411 16.30109307 32.30743867 23.00227361 11.97695271 14.93651099
 15.627352   22.06183745 13.43994606 10.32961699 15.09563166  7.73356
 14.41657647 15.74588401 22.34715987  6.96344804 19.99319769 12.01482512
 18.77707443 17.72770129 17.4853466   6.97968716  8.75024196 12.31566054
  6.24714244 14.12460778 13.81183351 21.70271682 11.90592725 15.50062842
  7.09191112 13.37805512  5.60358762  8.04389447 16.64005796 12.85593815
 16.40064024  6.93954782 25.42635723 11.13992579 19.67314102 21.5337929
 20.1183233  23.12123282 21.35305481 17.92527459 25.14893625 15.30512244
 15.12500854 23.76361354 21.99284382  7.72869876 23.74504219  6.70348034
 12.31225316 14.65872854 17.98120399 11.98673894 23.04080888  7.91395985
 14.6660396  22.20996623 14.86255155 28.65827504 15.5539504  11.06514203
 21.40610476  7.96451603 18.86864904 15.76670173 18.26514477 15.96312148
 19.04746795 16.18903395 11.26814897 20.78346943  7.69788421 11.6547935
  7.94337907]