[45.9987145  28.63491106 20.90267321 26.48361657 30.05373637 20.9253537
 40.13722908 17.600459   47.63797829 20.954437   19.43739034 23.26247883
 58.18239969 33.85687174 20.35540242 25.70328949 26.62707871 34.2310453
 36.52518981 16.21170264 21.77362563 27.10950507 56.68807947 37.48457959
 22.12248713 36.16815604 40.3784875  26.68055724 48.50547157 40.77965697
 51.31200735 18.05557107 46.94425968  8.44467136 27.46745869 14.92688526
 41.39197673 15.39507428 32.16700045 40.06804652 18.56816227 21.94119674
 19.88570302 12.63413488 32.64852105 31.27682845 27.77808702 35.2275638
 50.30068604 17.01354286 15.60240085 25.02738703 37.27491111 32.215375
 11.44420592  9.8442403  54.13774321 29.00197081 38.48843377 20.57333077
 35.23786544 38.78645661 57.8070792   9.89951533 40.3046093  33.87806807
 10.78226993 25.56781084 50.63505994 39.85075196 39.17921529 21.4914721
 10.49768889 27.10902542 33.71809769 43.27900669 14.21292673 43.96183843
 42.4428842  43.13604488 44.98708683 15.03438464 42.55676347 41.13125194
 29.90823459 34.7965493  48.59413607 37.80881758 45.59601565 30.49247643
 44.84994025 53.3358282  23.36279456 15.96210073 15.00530804 22.6646322
 21.78569233 28.34288949 12.35715343 47.41343028 37.72557816 20.63806769
 41.27734434  8.61074015 34.15006345 57.77039632 12.51789376  5.03453124
  7.87638811 35.72167548 11.54363813 21.84636807 12.57073849 27.44089744
 26.21756091 30.01181848 33.51284083 26.5460296  10.80576917 17.39843738
 16.06158182 22.98006266 13.27177909 13.40342406 54.13959338 13.71713461
 26.8924518  33.78337177 56.98325956 53.30559405 18.44447163 22.36160665
 29.95088185 29.92349454 17.4118121  16.11983077 45.38560136 12.44880795
  9.41199518 20.71483832 42.9228631  18.06799688 22.21043025 38.40916552
 31.02382078 46.46988001 32.71894582 14.96234888 19.74967251 50.16663342
 31.43970583 41.06567002 17.26031219 36.73341585 48.81273367 11.90997998
 20.73678257 18.23072944 47.64179048 51.33785037 20.24836822 41.04108003
 47.38170625  7.60104064 50.83021928 45.29256095 37.02993874 18.79851538
 12.92112598 31.82064898 24.53760275 37.11312153 43.06732016  9.56287334
 47.70313554 48.89983964 36.80327296 18.20050159 17.94174739  8.34044141
 34.16725658 31.67726138 30.13027944 57.38539074 31.27260052 43.96843566
 25.74353728 47.99238225 47.37339695 16.81475399 18.50532729 26.35706993
 23.08898263 34.89140456 39.17140325 17.87120513 34.22046704 35.21542162
 51.48109823 15.16248767 17.74062345 15.31966656 33.24008687 22.07148424
 23.96351097 29.81129759 30.0390849  38.04453972 33.60026028 57.24488154
  6.00298345 18.2859026  27.3645302  14.25728455 30.33461212 40.28145108
 22.21241686 20.63297062 27.70049774 15.55992207 32.27749166 30.25429873
 16.0790033  25.82889026 15.40237915 10.69034769 44.61005007  9.60399566
 41.26784964 24.56373316 33.32337297 23.61133155 24.29696528  5.61403449
 10.20528399 58.52404571 42.3314712  58.5030697  27.58216735 16.37959859
 56.94822221 30.63527252 26.59394869 22.80252982 20.77363758 20.22968055
 18.24843245 12.00119617 39.16125984 31.40238519 25.74780926 18.34922645
 41.36947384 29.63813722 20.51787081 24.74475356 25.20994725 28.94087541
  6.1620213  52.8095392  19.14050929 42.85121257 32.87087618 40.25030872
 19.85919896 40.60757521 28.46471504 21.7454745  39.5479857  20.42822579
 13.20811911  6.48004443 41.88372075 13.45231461 13.36275316  5.24056737
 19.48919462 17.8835958  14.10568537 33.06154082 14.39108391  9.75204982
 12.27514733 22.52698717 20.74502801 29.03707756 10.21615965 43.42967834
 17.91677684 59.42343291 11.1103352  22.28196826 22.43278085 12.01497078
 35.40051695 27.59673198 21.9965696  19.81163462 36.49752223  5.39574807
 17.83795585 48.40959834 40.80741455 15.11523006 12.85825065 10.89979212
 13.21995322  7.0815718  14.97964922 50.93595626 39.97052869 17.92827718
 41.82093441 20.87505561 33.02204517 53.75992878 23.32562145 27.41097239
 37.75618079 35.87688937]