[27.70329844 11.9208413  21.13656069 31.88486964 12.45849847 22.63651769
 24.09702309 24.00697067 21.97561503 16.32290373 15.46062407 11.09260952
  6.78108905 22.64359394 23.00411988 13.39545955  7.38483743 19.06533258
 15.42664062  9.08034533 12.52280576  9.58028689 10.93228698 31.83192945
 24.55053638  9.00848443 38.12620446  9.48350137 20.77217629 41.11609213
 15.89077876 18.72196548 22.71828399 36.92415411 14.71720783 20.13180362
 11.23917388 22.45400224 17.18444066  8.95006578 11.43697168 29.35125598
 20.8116757  17.81459088 20.01534799 21.72940767 11.27237742 21.69625565
 14.30229491 22.29215586 13.44021004 15.6897889  15.25329249 10.41451852
 17.6655575  17.35263125 26.72645229  5.71428694 24.44136892 12.87725435
 16.52499388 15.49933405 11.24590153 11.85465812 22.77520028 19.57470529
  7.4058607   9.22131785 22.9528535  27.4631883   6.33992894 20.493067
 46.23031505 16.48880877 22.22753796 10.80734064 26.32908773  8.22642098
 15.46835855 23.75454998 13.21544018 22.37454827 11.30143958 12.60715666
 25.32875782 28.56797048 15.25648965 37.06595512 17.24148133 12.04776814
 15.84357867 17.30004257 22.12933429 23.82754944 14.06891469 17.15144461
  9.93970529 26.74043375 30.18798054 18.68159301 30.26014676 10.04928742
 11.78308534 28.18667839  8.62482219 28.50199926 20.31468098  9.58312278
 13.2984673  10.41025543 21.56426558 18.41422145 18.88194559 15.22886945
 18.03627991 17.24459683 18.66008702 40.96620134  6.81668811 29.45400334
 16.3130156 ]