position : 
[15.96694857 10.76654977 24.75334983 11.81135684  9.03219045 15.01618468
 19.09150775 22.8464588  16.21906264 10.20268154 32.90630628 10.0417247
 12.25742385 19.23434572 31.55583922 22.41318072 16.44727916 22.42165521
 21.56186204 23.74962787 21.22078998 15.90953837 11.28091688 17.43057558
 10.50340676 26.12911561 24.43909878 13.21545359  9.94225068 10.39096237
 24.25426489 21.725369    9.8139526  11.39485976 13.51892006 20.82240057
 16.28422479 11.47046817 15.8151837  24.00184092 21.45568216 18.22410654
 15.01406546 15.37042034 10.68263348 30.92265771 24.91946027 13.23623662
 20.15837927  8.00644026 13.4239129  19.97524149 19.58047524 12.44290201
 21.12577042 23.66844679 22.45037503  7.07646648 21.91819517  9.89740274
 13.81737759 17.22882342 16.75560261 16.19660575 12.98136231 15.10203253
  7.87515902 22.99683018 32.40983297 23.92254053  6.66555367 26.4870627
  6.22178675 18.74236497 12.93779108  7.99935496 27.64117374 12.3284047
 12.901979    9.89497663 20.28747278 10.2905972  20.51242072 13.90667139
 12.50735547 15.42669767 22.84357469 13.75047163 12.84119754 16.97066276
 13.29175555 16.84200126 16.56360741 17.36955177 12.26226731 23.65957336
 16.85942085 18.55479251 21.58578456 14.0117544  20.53576932  9.09470385
 14.18495736 18.1862938  17.08772231 25.04324775 25.92644189 19.56517237
 11.80161658 25.78492934 13.22572637 13.65713726 29.30894085  9.48167364
 13.78962133 19.62050424 21.25400652 22.88546205  6.19158628  6.33550162
 20.04234741] 
