[47.94325449 54.58530114 33.55636772 31.36268515 44.88675266 32.20721773
 41.30354709 14.45419105 54.85600069 41.48899742 20.26897695 48.88945127
 52.34135688 48.31099948 52.56197674 48.04782391 33.88568633 31.50516527
 45.74927927 52.78450875 49.77714174 34.00752349 43.12178221 50.03460929
 18.34122729 51.56568042 43.27281582 37.04581617 36.48139654 47.67023643
 17.65496377 51.2811756  37.85246253 47.21644228 45.99417009 38.01029649
 53.41850065 53.84472319 44.50965159 32.12316425 23.75452369 51.06542459
 53.55636259 42.55583993 50.49343713 49.05155519 45.13336901 37.76125732
 36.81552034 45.73285451 44.37127769 32.2143057  54.9666279  48.42348609
 51.72128033 27.92751097 50.8656785  44.89354553 53.49848192 31.70111206
 52.30467034 40.72700747 45.82409501 57.61734025 32.22746082 42.89709901
 40.39672127 41.27982398 42.30694729 40.35127847 51.69515318 37.5997722
 48.7620848  21.69936618 54.44179042 45.72376933 45.45300369 53.19211993
 43.02031854 45.53835385 54.67587008 52.69757844 54.19865459 39.63455989
 24.19096387 52.54812004 43.08708689 50.15764058 51.93929265 47.57726972
 44.24726421 44.89568096 43.69009115 50.51570996 21.0847104  52.47683808
 50.49989588 48.47499482 47.72011427 55.69219595 17.37073636 46.5807218
 40.86265571 51.77415695 53.59557597 48.21262092 37.9111435  31.43883098
 47.60106033 42.77795263 46.81789884 50.78834207 37.94357017 48.16733832
 40.00702145 43.85190508 46.0494333  48.45082027 33.39147714 52.16704052
 44.50610692 32.29803786 37.62380918 49.79394907 39.00465174 51.46630302
 17.13569026 51.52557369 35.73976355 44.43152022 50.0884914  33.63426466
 50.96976336 51.53548898 54.41581305 47.29498026 49.67325353 30.44264508
 25.1440579  52.10809997 40.73979331 43.72552171 43.13577726 39.79560461
 31.91169051 17.42233771 47.88103149 26.30891521 54.42475952 41.28980464
 33.95261792 49.62956137 40.71689159 53.88450007 36.95434399 54.44449645
 31.02850752 34.52664331 56.06738866 40.88111723 42.79659829 35.91700367
 38.25768529 33.70568747 47.30671276 33.20544938 46.08881577 57.74773114
 45.3276748  47.42664903 37.06663931 50.80794655 43.59859256 50.4949557
 42.92428835 42.74207844 47.50618912 49.3983134  45.15854175 44.2766009
 46.0040966  50.75146589 35.52386394 53.75407878 50.84586919 44.37119075
 55.24707339 47.50696757 41.50613245 38.49233357 28.37032461 48.30444331
 43.4355259  50.42669434 50.09591335 50.32816084 49.64850997 49.09361582
 52.46845649 53.50506173 24.47625994 51.52851752 40.48151191 40.88118412
 40.78552828 35.62145215 53.62754643 50.85581464 47.05286637 22.76530893
 44.21792474 37.73073605 36.91756716 40.50031781 47.35023333 48.17554889
 42.08775926 34.05856428 48.60437103 56.13382133 35.67875792 47.16733655
 44.23406861 48.24808144 55.77320052 41.62589588 50.14923668 53.76020037
 57.08831771 36.90723259 47.5021208  47.53927071 36.81834654 56.43298601
 24.4790143  40.2311186  31.70782328 53.57777533 45.91965239 52.39706551
 39.65996317 44.18816246 35.37023633 43.02794594 51.608599   45.98932982
 49.75371672 19.21172554 24.68054706 47.66687464 42.71489904 49.59427761
 48.47059971 52.61273035 21.17102312 45.92115582 56.07875741 46.5960623
 44.62368672 51.77957953 43.98206078 43.29693493 21.45351043 47.3862348
 45.7087889  40.48379881 38.42089718 28.36931029 45.40190384 45.95516284
 23.5425109  48.15687757 54.49717945 45.75611571 52.06315457 34.18460614
 36.18676639 35.28422249 46.08662058 52.90698442 39.16399017 56.9993123
 55.78405362 31.92001088 37.85321514 51.41907852 45.07051537 52.01483601
 42.40116203 41.3173675  41.91442645 54.34755567 36.50290639 36.86643123
 46.62494827 39.89315507 38.88519994 49.37118189 47.75293561 58.57580545
 46.63183105 51.0391537  37.02288227 44.06455222 46.06536644 41.49147406
 50.51450118 38.19820823 35.68764947 36.93599582 25.74716039 48.08363069
 44.60226661 37.34279372 46.23123396 45.5176755  40.2158767  44.77491645
 42.37495395 48.04784824 43.98533528 51.12373014 49.03548646 17.38560861
 43.74932643 56.8872539  48.04990091 53.76941351 23.0456652  43.89397101
 36.82026317 46.06460847 44.1085198  53.35437401 27.48433265 41.83823991
 52.03411326 44.85690094 19.09815625 39.74956657 49.37439038 33.19150542
 50.15869514 59.04724857 44.86297063 42.95457313 52.77611816 42.53588196
 52.77590077 50.45782905 41.0121566  51.20463969 49.13442326 52.81958797
 38.9781815  26.43790994 52.68860041 37.07162664 51.10628252 52.41523476
 39.26925266 48.14589211 19.31666029 43.36240916 41.31710175 37.0670617
 34.86906255 42.52655216 39.49194669 44.34126652 33.06007157 47.22792079
 26.70279741 46.35222174 49.95944093 41.94461116 41.29367043 55.80756121
 46.76128659 44.89304518 38.98725307 35.18092864 54.16500557 44.78196902
 36.27349434 50.70318968 50.97502098 46.02365684 53.27877469 12.62848981
 31.54464997 55.80108321 52.05300672 38.23636096 52.43359461 47.72729896
 52.91113994 22.12038968 38.28910128 51.74143814 42.51526155 54.59603325
 47.26637225 34.09531426 50.83235553 49.48293433 52.29033345 27.01333574
 37.43381402 40.50064484 39.34434467 28.67398882 40.40494331 23.55086976
 57.65457922 34.04267725 42.00108447 49.33301007 50.82281098 54.4282872
 47.93438992 51.57081997 42.38706301 38.81477074 38.11103063 50.98660945
 46.6391271  33.96733301 21.26328123 49.5005048  33.04992323 55.58396213
 34.11475798 46.19071993 20.66138516 43.69821342 45.69020054 43.10107392
 49.11624065 43.66291221 55.0543266  46.07801068 49.94128066 26.87314315
 45.65980447 36.13822223 47.88004436 46.36729804 45.82618956 51.95911526
 49.27975352 47.2503792  50.53001909 40.07228613 51.86947199 34.32547487
 15.84527307 39.52174778 48.85557286 52.28533769 34.77555643 49.45497985
 50.89450744 41.00072414 47.38090789 42.2035245  48.13170601 46.63122126
 54.13817806 30.58213536 43.52904435 30.51458325 53.85576998 39.07702848
 41.27523965 48.21528335 52.40922879 48.78109465 56.35675482 48.47039119
 25.07151314 47.00424129 54.41300542 55.22578063 47.47019565 58.51570825
 43.38074899 54.87074482 51.71164026 53.8768568  45.4800969  48.31234199
 35.43065885 48.94572736 57.55908276 44.26623775 49.11704782 51.02927941
 38.06082904 40.16887481 53.654488   57.32237957 50.60071629 47.69440536
 45.63215799 48.86613035 38.93541299 50.52133673 39.7993404  53.92424718
 51.12241906 30.16916394 40.3421981  51.38153105 59.59447581 51.85522539
 48.23061313 23.51674207 39.71780066 47.67599986 54.5342879  52.00514372
 48.13471524 42.86978556 48.89772859 51.88148026 46.75976192 35.92057455
 43.16933284 52.41759907 55.308164   16.83308626 49.95394731 44.0268706
 49.75061981 44.60419059 43.45014628 49.51624742 45.71699467 56.3101873
 35.9819724  36.07614622 25.34398332 46.80754512 50.85465523 47.88954413
 48.60870886 42.64667763 48.92085367 51.34900578 38.06563137 57.6626018
 54.73036795 32.55857445 51.49626028 24.18053019 56.01214713 32.80977899
 44.2235074  42.45459389 50.17344468 45.45465487 56.90320509 53.28396274
 57.54958838 49.09241464 51.87985021 49.33674717 35.73278362 15.13778137
 46.18377771 48.34468669 40.33214235 40.50713956 22.14024289 50.51062392
 48.32155483 51.27272077 51.43982423 53.30283029 52.71450504 51.95606346
 37.45436011 39.98712612 46.49701585 48.01271129 49.29556262 51.54356607
 49.8183489  55.86966822 48.38382296 39.656023   42.39666335 54.42457559
 46.20777767 50.07364201 52.48261254 46.82988902 48.52524967 52.45689462
 52.11582056 56.08280644 32.76357553 45.43414823 44.8565675  48.61444469
 50.01286938 56.79648524 49.12175679 55.56166815 56.5714994  49.3950949
 52.60499308 54.03286754 50.78488327 29.29202849 47.31652671 49.96901647
 53.09346421 44.97713249 48.61620373 55.55885667 52.65805141 45.55063141
 52.19007956 50.32116493 43.41782796 42.18088278 42.36027014 41.82764962
 46.96559345 48.39207901 39.55485567 48.84225848 18.46288479 30.32984232
 52.27612507 52.70883454 52.36911985 22.72776007 38.57805638 30.60059877
 47.129151   53.93579113 45.29475243 45.65365056 49.11548343 50.31201709
 50.14404191 38.02876908 50.32236134 53.11036604 35.78647977 36.24826589
 49.67347548 54.92487627 39.25745545 55.71935389 40.85040197 52.96285797
 41.21696475 42.52490176 52.02803815 48.83828999 54.81147619 43.23510038
 41.32270645 48.51280672 32.64269215 55.83504506 52.8471645  39.64124757
 45.83649346 45.02289173 53.00178014 40.1468734  26.27487171 59.251728
 26.83129013 49.96029289 41.76890305 44.18599167 50.98941887 52.28268764
 52.72019334 41.24931892 25.3156317  55.20248241 50.93199252 34.67747436
 46.16256836 47.35227218 44.93675963 32.23683393 46.71782771 51.73009623
 50.4098939  55.81378469 44.42859652 19.51265186 45.78457011 41.33820748
 21.49481401 38.33377845 42.52783826 39.42091089 55.11661744 54.20932099
 17.94686154 40.15786059 36.78296854 46.38645331 56.90620049 36.76935209
 45.30667348 54.16525475 21.01214555 47.2503159  59.29042925 45.04153522
 55.92042644 35.64809963 52.75100136 53.35359808 43.03199473 52.02891953
 46.25162197 57.80028554 24.46619088 36.69618233 53.65016169 40.63748322
 42.97208278 44.71213465 42.69753301 44.33784451 45.00614793 48.05845678
 49.70404369 28.71384323 58.30342443 45.69739158 54.54071524 49.45125225
 54.73194435 58.58477438 50.81673803 46.61455063 33.22649048 48.64636334
 56.3100092  38.97033467 54.3188646  49.29254512 49.78348713 27.09444441
 54.9838266  57.14426647 35.04186946 51.80013903 54.97398026 49.66874986
 52.30831692 26.85722195 47.87045899 53.51797955 49.25088928 50.5616139
 37.93551183 57.77478357 35.36001736 25.16642281 57.31232187 49.26442902
 56.38585675 49.07576409 53.31204665 28.27117744 51.98702179 36.17549534
 18.10943805 53.04114789 42.40530619 45.06384841 43.64896408 30.87350872
 40.85536438 40.23866646 37.60126341 50.0424473  40.59974018 53.3981852
 52.35183284 48.8836877  46.9799414  49.86446902 32.39305184 10.92785184
 52.92873226 30.83429836 46.26870374 29.11052453 50.84852876 52.24036068
 50.52589101 49.52567814 47.90699855 52.34715959 33.81986156 49.632165
 43.83890318 50.92441698 46.02578102 58.01103846 34.12397256 15.99303592
 42.72423209 53.44252883 40.11516206 51.25584994 46.19243568 39.63487634
 33.12301315 49.76636492 47.35047012 52.08090601 48.69474174 50.86875087
 29.35254467 20.50893832 45.46887486 23.06363008 40.29660145 54.61278146
 51.90740933 32.24390271 45.44637561 48.58679626 52.80608438 51.19378324
 40.15255528 36.89776981 15.08351179 26.58044374 29.94567518 48.71283105
 47.72063992 27.6343814  42.32300868 53.9936786  50.85545528 24.49231462
 52.05706764 44.46707703 42.79670698 54.91961817 47.39969896 46.11638346
 52.66742938 57.36909098 55.35781322 44.50470528 43.52975003 48.61477684
 57.1317227  48.762338   50.20476558 38.1452079  44.95834885 34.19008384
 55.62972015 46.63495773 40.44572375 51.7303958  48.62667197 55.02627183
 52.02008733 50.14778336 50.7952068  46.44434824 42.43141974 49.48403094
 34.24013566 18.78462669 55.74032992 33.33072837 52.7539743  46.52367707
 48.08636545 48.124315    9.58517965 35.59460991 45.08326102 43.97350983
 49.28410502 50.67927971 54.49753558 33.43935705 42.83796464 29.91746595
 53.09433711 50.91187875 43.15494661 39.97541714 50.0375785  49.74220955
 28.04246201 45.97924753 53.06449705 55.30800006 32.07282965 21.13523198
 37.54051358 55.34103393 44.76077084 49.55373664 22.48230164 48.8437457
 46.19378686 36.04930266 35.44401219 48.41154944 46.56737788 50.39721032
 36.14281973 56.88677011 44.63198914 52.97661701 41.41377074 51.46483946
 25.87203465 33.31782375 49.69837777 53.24388699 35.78401509 37.13572192
 43.81889902 55.09625114 50.94015827 31.16715252 42.8991821  52.80524218
 54.47018492 44.31072308 44.95017798 55.51145568 52.45551749 50.56847097
 39.00114615 44.3763432  41.38569673 50.23759307 43.04315716 41.01878021
 44.04014245 44.66249323 43.62485837 38.06474863 48.72849271 48.21909194
 42.24013531 33.73359446 16.83633823 42.0955031  25.96622389 47.65222646
 49.4054924  32.96233625 27.84312182 50.57337998 54.72567886 47.21081001
 45.41203249 53.17924159 37.41105405 39.50439378 53.39365833 30.29192705
 48.40935939 47.62719767 54.22141686 33.63287891 52.02251151 53.13986859
 48.25809488 49.28414658 47.11603393 47.91914834 50.92053209 56.76638529
 52.963644   53.42427368 50.13442375 51.5218122  56.70554222 54.88045675
 46.45902161 50.19241064 27.79756115 52.07355143 48.01040648 48.9015487
 48.09598956 34.71855078 44.00977875 56.28106663 48.34215814 56.88772289
 46.76931615 40.68120814 44.22117635 31.18559224 39.56459626 58.24946941
 53.17565418 32.34658551 54.86321829 39.69046237 39.4155433  48.05241272
 44.60588681 53.00702738 48.53215828 49.00377194 50.59771611 29.26697758
 40.34799119 27.18408402 32.92319998 52.77441142 54.72168619 55.07419514
 32.73938621 36.10589879 45.63869292 37.15459465 46.79005418 52.27566595
 41.24404533 49.17374785 14.70454341 31.95227956 46.90332591 36.3761952
 49.21158301]