[36.73390324 46.06219592 51.28658369 16.774911   36.77111485 33.50123228
 50.963971   40.70976262 24.41801619 38.33082117 43.70224741 23.32931522
 28.10487619 27.60289601 39.28289645 26.30440472 22.97856896 25.1785617
  7.92370357 20.80537488 42.54540258 28.8940984  26.03208934 47.42784467
 51.4380753  45.15362846 32.76633383 38.88005605  6.4561663  19.30630025
 30.8179827  47.04896117 33.17465094 43.82311718 54.2859679  39.548891
 49.03761138 27.41889279 13.18141878 14.19130347 15.700946   40.03845119
 33.96286243 52.00998759 35.32167421 27.48720407 42.67264803 53.9014264
 34.15358642 35.79395235 42.94236696 36.39618513 16.01330675  7.82134976
 24.23262511 47.41107199 40.1796036  12.09629246 52.09437076 18.680276
 19.6302436  38.00282625 39.22579384 16.57897551 15.26601286 40.00933582
 28.20430796 39.89401182 42.05066206 15.20329663  5.30330997 12.95953252
 12.37395408 42.55755763 17.88564624 45.15509427 31.28875759 53.59514197
 44.79018244 12.15732617 26.58778657 19.56990126 14.25753381 42.67264871
 24.8295458  51.58235488 13.87891718 24.24930355 53.3594618  47.5986989
 16.09998573  7.55186589 20.31472339 21.28656875 51.4232559  12.90299095
 17.40334075 11.4345038  45.23066081 45.13446909 45.30985999 18.80383488
 45.93378775 44.25347194 25.60888189 52.51453516 15.63340328 20.63857666
 14.62020441 55.14950231 26.67274859 30.49589905 32.11907186 29.78835909
 22.15064118 56.9746515  23.7871365  21.45648575  6.04739046 50.86159265
 22.825708  ]