[20.53598643 13.35098939 13.94417591 19.57691631 12.31152792 27.85173331
 14.28977326  9.58657418 17.58815813 18.45223584 15.22192717 17.80286174
 13.74598801 27.54802635 13.67783465 13.1233497   9.16265853 27.7403189
  7.30896269 14.42378632 22.023144   17.41601454  7.13717678 18.18084952
 11.11562288 10.39969118 11.00937074 19.65927467  8.99127841 11.34710665
 23.1116862  13.00242644 10.11987984 20.30678613 15.60319517  9.33988218
 14.72830401 18.65134039 11.38716181 19.37471703 10.36953476 13.2456925
 15.6395781  21.00960736 27.32495682 20.2099183  18.51667728 14.97378953
 10.42074863 19.63538008 13.27617388  9.51238246 16.65042724  8.57824696
 21.88763859 27.29168253 29.35316371 11.15595225 14.45111361 10.41021386
 12.57113785 18.33765532 25.97617601 15.25891057 12.97636112 14.82105975
  6.17188701 10.65457737 13.15139815 42.7179944   7.76982906  7.00243527
 13.29809969 19.1670534   9.50261835  8.68106335 22.11815207  9.8138038
  9.73994828 18.2469184   9.28649    24.11082852 19.21070283  9.64654288
 16.21484387 13.88126205 20.40839433 22.85929651 24.87573454 15.19531605
 17.71285605 18.88099403 18.8823279  21.17184625  8.00238237 16.65706884
  8.12816699 10.22108733 10.78496317 29.60664781  7.4549708   8.02271416
 20.697888   35.61549659 12.33566904 10.91164942 10.11917786  9.67393408
 16.57689481 22.96134591 13.71275619 13.28933585 14.20711511  9.25654484
 16.48770017 20.12626219 10.47767365 31.6843867   8.08938459 11.87218268
 23.17242647]