[46.55678019 20.39321926 49.72285236 47.44726661 38.47193514 54.86168017
  6.34093639 15.64765097 25.42807414 38.79721397 31.88374516 53.31065541
 38.6389234  27.82715416 26.33765328  9.9214054  39.04870803 50.52353576
  9.92821663 52.93036495 42.08618838 47.6407206  35.04453684 15.79550171
 22.90209598 27.30790835 17.03350204 40.59555015 18.53599711 36.16316703
 48.76077462 58.86273252 48.24438508 32.57074655 54.99781373 41.72499414
 25.11845059 45.85381515 45.44617079 36.50809271 25.67671416 43.56305161
 17.58144039 47.603733   15.65039522 28.75360749 32.33563943 40.19735698
 32.31658994 40.96133088 10.89106275 51.67181027 27.54962722 21.17319317
 40.52992061 31.14856792 48.69143098 38.70560638 14.54367338 47.3715812
 11.76840568 55.77831301 27.65174035 39.96835112 22.71943138 48.17626095
  9.35828275 47.09293341  6.99026329 52.73718252 39.27879233 44.39891924
 49.62046631 43.36105461 29.76655615 30.27721382 45.21770742 51.73268124
 30.24580326 28.53974284 45.95975536 24.46813852 45.46980833 34.23439548
 30.10254143  9.04542117  8.83467492 30.37720406 19.47885984 44.42010799
 21.19628702 53.01551259 48.66530148 44.79989999 50.62705634 44.69453831
 31.40388156 47.96473775 30.99988135 24.90565088 21.91053039 22.98718685
 28.79916281 43.92597394 27.27503852 49.10794861 42.46590466 51.99236344
 24.39750527 25.24117362 47.69584247 37.79241823 13.6668477  12.81087775
 21.17446478 57.05336076 49.77225513 34.2653668  18.55854714 26.81617688
 39.74539808 12.34859943 21.41227536 55.39097214 21.3171601  22.82132372
 20.72512459 19.2533022  18.07841053  8.69773951 13.38728407  5.36503766
 43.10688282 36.3713291  53.52935032 27.28585843 45.52752764 33.06003662
 28.16504969 41.63018359 56.81966169 10.9903648  45.70602551 16.98101418
 27.76790066 53.83758204 25.00540262 47.64157749 21.33080828 22.81596485
 14.49584492  8.49222487 29.9626277  27.13019189 16.22370848 17.26644489
 48.04083798 21.15210961 10.6021501  44.89453383  8.29613612  9.13813089
 14.34915987 36.94778629 37.86070437 45.69265517 22.48651246 32.37748374
 48.93362506 28.1188373  54.08011674 53.40604891 47.97708422 47.74836428
 39.67932717 26.40526734 48.30124892  8.92928435 32.3626117  36.17356324
 26.32624655 25.54383533 39.07994759 17.58558456 49.00919827 40.26818411
 40.44921231 58.68412183 45.3608007  33.41825272 22.35327495 29.49881131
 53.43216328 32.18837156 51.90586607 10.26855635 18.90633926 53.96241562
 11.91287773 50.40107434 12.18904784 17.68685868 53.09958418 41.94703306
 39.21307831 24.54859297 11.55460331  6.84905665 55.48672815 14.22595382
 12.03326423 26.08600354 45.03601383 14.3806441  18.63102613 31.51883504
 47.32968146 49.56177927  9.8599138  44.13915791 50.67110469 42.06691373
 44.1538739  57.35979413 38.5624904  24.84079799 39.68806511 27.88187194
 38.02270973 34.97624171 35.23650146 40.5252209  42.34139072 38.35462677
 32.19457195 50.30774191 10.12041241 23.64502781 52.89622061 15.16206953
 28.66255072 22.22897578 53.95044285 34.03008854 46.14659467 29.24056666
 16.61132632  8.39161057 32.13058548 50.57772779 23.47826585 14.878867
 16.37975947 31.26289914 17.51267433 51.83626143 26.01868715 26.13271108
 19.5591377   8.51220094  9.75662786 18.04536187 43.4320911  32.03351256
 24.90897341 38.48407315 46.0612714  33.52499833 55.80744455  9.61545978
 35.51574779 29.82204725 45.19499693 27.60421888 19.76325832 54.50476875
 16.20539115 19.28671485 44.64557474 56.79428503 46.59856605 27.83147609
 45.74142787 32.39912705 16.43093064 45.15766232 56.65285051 18.94764971
 59.5929428  38.27481307 10.13201442 34.87455473 34.99528726 41.51331368
 48.94952375 16.11078699 49.21128479 23.29970297 42.65280372 36.55048084
  9.67024167 56.83259456 48.30691006 42.12394806 18.03121266 17.47339203
 49.86169234 57.71376357 23.52703254 23.05832649 37.07779875 12.74258948
 45.98652028 15.85601361 22.29928204 32.0561786  51.75683221 44.43761791
 42.52246568 15.79457197]