[11.36632134 14.50748638  7.06360144  9.36374713 10.01076733  9.4254294
  8.23316244 10.762066   12.01236222 10.69117377  9.72234284 11.38787305
  9.83424438  8.879864    8.11736443  8.34394967 11.17291655 23.93382355
  8.1399347   9.19679434  7.43028113 11.08180677  7.02160088  7.10143981
 12.53461366  9.71555792  7.89663734 17.79776967 25.03900995  9.69018157
  8.20474824  7.072657    9.32616227 13.75407539 16.60412861 10.184511
  9.25891113  7.25214558 32.00909436 10.03846677 13.56540263  9.45650932
  8.47679791 11.54862795 16.73045975  8.27462109 23.88732471  7.07114899
 10.33047277 13.9664179  11.91319427 10.29701504  6.83628805  9.00752778
  9.87470533  8.02754929  7.40026928  8.41587966  9.87848776 21.16921678
  9.92484904  7.88739654 14.30484144  8.89187573  7.32599849 10.54885753
  7.81663585 15.81787776 19.38217128  7.34322951  8.21325538 11.28404367
  7.22208921 12.33152571  7.85769647 10.67964888  7.43598141  7.28774311
  9.08780538  9.22203695 15.11103192 10.70615696  7.52738013  8.73359964
  7.75870153  8.8953904  11.14986668 11.6307712   7.69937778 10.79101532
  8.36420681  8.30272905  7.48177632  7.65627358  7.12932448  8.00185801
  7.38614583  8.35324798  9.41366503 10.5622851  13.17583767  7.7009093
 14.366688    7.06834089 39.95773283 10.05935163 28.32513866 10.09512452
 10.21774771 10.34607009 17.65748465 11.02816893 15.36316397  7.83987075
  8.51192694  9.61350583  8.87557938  6.97304989 14.74943763 18.79460855
  8.34567838  7.22441263  7.91272949 11.49347189 10.73042172 11.8043262
 10.43172432 10.82982255  9.81954771  6.40343243  9.14701302 11.93596401
  8.00064065  7.35833549  6.65449595 17.96500815 11.63896042 11.64998969
  8.2208899   7.82149069 14.51279705  6.91112875 16.61286688  9.07807505
 10.72377137  7.66568215  9.5250856   9.8105199   7.19867426 12.15590434
 30.95230568 25.34659139  6.83524022  7.89036932 24.85967824  7.52401189
 11.79609657  8.62794976 17.10944561  9.93650294  7.45699423  6.90966108
  8.32277297  7.81556692 10.72822916 11.40325264  8.57594173 13.34574495
 10.94478336  7.61984071 11.29862857  8.49455665  9.21835483 11.17095921
  7.20979446  8.63724709 22.42396276 15.55673748  9.2232706  13.60498157
  9.48294514  8.59389595  9.32548321 10.22858041 13.56321902 26.12283283
 12.42664224 10.71736756  8.91274712 16.49016253 12.00925487  9.22019232
  7.14598439  9.06708095 10.61235906 10.25714825  7.55581461  6.95535757
 16.6038494  18.75524554  7.98857422 12.47710917  7.32346349 11.16850536
 14.86747152 11.50959973 15.3945586  10.32583298  8.42553596  9.22530513
 10.35413416  7.51235757  9.49720739 10.50233767  8.59375586 26.19451042
 11.08121397  9.01260638  7.68014163 16.55517902  7.83458734  8.52753892
 20.67336412  7.92246486 14.53184366  7.84578365  8.12264503  8.19295258
 10.02229334  8.98794566 14.07280375  7.15968151  9.68520039 11.59670552
  7.88497173  8.92222223  7.93457403  9.73551049  8.90187268 10.2660954
 21.96883894 11.37502959  9.76959319  8.60104434 21.89814206  8.78494376
 10.20123501 24.43343667  7.97341569  7.97928491  9.23734572  9.79041665
  7.08190168  8.19672202 11.29023323 11.93976131  9.56718659  8.44799279
  8.90083207 25.16211907  9.83011973 23.87139995 24.28139743 10.27978158
 17.88256089  9.82562407  6.73140052  9.36908402  9.53773155  9.3238654
  7.92699303 11.43556458 11.67445526 10.60574814  8.28361377  7.08570269
 10.07709425 14.49227774  9.0950725   9.29721991  9.13638112  8.1144089
  8.13542725 20.51292596 14.88939174  8.93941994  8.1118219   9.05603946
 16.45721035 10.02011054  7.29241996 10.37087335 10.95282479 10.57533173
  8.05666526  7.16440537 11.47750281  7.03753585 11.22855994 20.94427576
 13.25665112  9.93417731  9.38044621  9.39125217  6.90230054  7.11866579
  7.36081463 12.5807684  11.14573145 24.99197125 12.79605641  9.20383347
  8.81162234  8.37742175 11.64045003 16.56313159 11.35393662 32.71529307
  8.39511883  9.13255596 11.45327557  8.41395897  9.0562184   9.20248847
  8.71095961  7.95430888 10.38799282  9.21355578  9.69483519 12.48300827
  9.13985232  8.74731966 11.8094748   9.59139143 18.4187212   9.15101958
  7.78578133  6.63755096  9.79754006  9.48806246  9.20263203 10.88875168
 13.04464645  8.36810749 20.06007243  9.99184907  7.05161588 12.81159788
 21.82555896  9.7767651   8.90552907  7.60645876 11.1817316   7.87878612
 25.38778437  8.06111051  7.07130396  9.41000586 13.07900077  9.18495781
  8.0485318   7.40696541  7.68945749  8.58126363  7.30958692 12.57254754
 12.71707358  7.41523762 15.32184034  8.93292441  8.6013829  11.04003879
  7.35045189  7.22370845  8.98032506 10.01993093  8.73136752 10.82132612
  9.0641536  10.0122669  10.36388703 10.25216003  7.39883775  8.42738645
 12.73542006  7.78857141  8.02036798 12.61523934  7.31416539 19.1346581
 10.81815916 10.8668869   8.39364217 11.04701459  9.32852954  9.01362413
  9.48770589  7.45266039 10.17320151  8.74938645 10.69920508 10.36380329
 14.72706268 10.20284483  7.57010563  7.732202    9.32895971  7.87705475
 26.14264174 12.05445104 23.88591485  8.238924    8.54798903  7.38885873
 12.00580585  7.96003133 10.2433231   9.85531214 17.02001949 10.18470324
  7.45342862  9.74020375 11.5786555   8.66820397 12.11621797  8.08134143
  7.03394473  7.94830731 13.50140983 11.45110045 14.62455825 12.80487539
  7.57139933  6.97988845 11.7690545   8.90983556  7.95915351  8.00609741
 25.8914511   8.60662273 11.66545528 18.41848794  9.26330812 11.08863691
  9.33801543  7.88240638 25.22980449 15.07375347  9.02626001 10.64570566
  7.96550562  9.70046298  7.29066267 10.5723017  16.33925576 10.0646331
  8.51953744  9.85668534  7.27428016  9.801761    8.41093963  8.25889604
  7.37978614  8.06093389  9.81934118  7.4475228   7.74904625  8.46229238
 10.3715316  15.59829817 17.11340694  9.00060953  8.48720346 10.47929354
  7.52627128 16.5237681  26.39947891 11.41921435 11.38344387 17.88258739]