[16.44112253 11.22405335 18.94783904 16.70693058 26.39893737 20.38222847
  8.06217991  6.90070378 23.61973138 17.72508089  8.60299922 16.03975929
 24.55788013 10.1566518  16.58139085 25.51070633 34.24724385 10.99888702
 25.83386586 26.15214684 18.37339637 18.08135695 30.27754179 38.64012135
 11.80100954  9.73421993 11.62009206 11.99326234 21.30057617  5.48274328
 17.82307142 15.83949303 12.43599416 22.06767625 18.75010092 20.35165731
 31.48996746  9.08441214 38.09881141 15.75878813 17.71895107 31.9392632
 21.47330078  9.76126815  8.09524759 10.55733959 16.04949202 22.95307772
  5.96751282 13.22870697  5.36104384 23.8842529  11.52997344 30.78085013
 14.15388205 12.1381226  12.19658167 19.68541054 15.45604655  7.0710554
 13.05354921  7.91790014  9.83493912 34.90871171 15.61670424 22.47814264
 12.75382236 35.33183645 15.58039601 17.80953376 31.04848596 24.28651222
 26.0790778  41.95326889 25.92972222 17.59996509 12.60530845 36.61845711
 21.45495515 34.3070769  14.60066937 27.03920541 18.86056383 28.49643976
 21.62532437 23.92267828 29.91278474 14.41229151  7.11901158 10.74505036
  8.97155096 42.80816531 10.76078419  7.13793727 16.26953485 14.11928792
 12.18472648 13.58379691 19.2190372  12.62073798 16.57974238 20.28569593
 18.26681393 20.9596733  20.94012452 23.89865369 24.97448201 21.03715844
 11.56262146 18.10371013 30.31847739 30.83095617 29.26851005 40.76879939
 15.59097523 19.56483787 15.00633119 13.6520487  18.25869872 11.44720555
 32.92052972 12.99343202 13.87025439 33.51403625 21.87613922 14.00691056
 14.21098081 31.3512894  13.25585537 32.50861354 11.29411454 18.45047055
 29.23529976  8.5511996  24.81229093 10.31706022 14.29462273 28.84362684
 33.20616798  7.59877502 29.13712324 21.54401812 11.12175102 22.36136809
 13.817334   45.0649338  16.78143345 26.03328286 11.18445312 17.52942774
 10.97870368 11.61183572 27.42756176 22.0746713  22.59930664 26.19305042
 26.09815116  6.22084748 27.34540967 19.09174212  6.49785972 14.32183729
 18.29568528 24.40614777 28.9157676  15.56865454 24.98340526 21.61073656
 13.70887885 12.16343471 23.23738006 19.5835535  10.28291531 16.10666551
 11.10364737  8.47600785  6.57795018 16.53851318 30.31464571 20.30424244
 32.23670264 11.981329   35.25101916 23.10947043 10.34792285 20.00592771
 27.63639803  9.26008623 16.83262161 26.79675382 10.94742856 16.10754037
 28.91435531 37.31252744 12.12680245 12.6953353  20.98230634 16.18208689
 16.93177917 20.61385311 17.41112717 15.18361832 22.65612507 27.26508118
 29.12168767 17.89960541 16.42423077 25.13616839 27.56182388 21.57567316
 17.81033088 26.80043009 10.43025383 13.3186833  12.613373   15.9471236
 25.22227123 15.45048869 20.45714036 13.43643191  6.05973805 18.40480879
 18.15715771 10.24839435 14.04683082  7.14052832 17.14811605 16.16986871
 13.79142901 14.08433022 18.44439415 16.3877575  19.88308842 27.30841634
 19.1183583  16.90187249 34.15791025 28.37616574 20.73589504 40.35007105
 18.82603037 16.37504222 24.88605671  8.18597313 32.98289295 18.32645268
 24.86161773 22.18764985  9.1950643  32.31399764  9.37367608 11.56306275
 18.76087518 19.87709221  7.91130852 15.88382556  6.9041987  14.04087189
  8.91897558 16.32521925  7.5229379  16.35422155 30.98571411 24.22782626
 40.05073595 15.42490687 21.1723178  17.71952559 18.32224955 10.49687079
 27.89121308 28.70773685 19.74400239 26.64261151 18.99811624 20.27858281
 17.82941741 19.59734369 15.9944939  33.97303209 15.00845015 17.5828223
  5.79033829  9.77905937 16.75799722 13.65832934 29.19644645 20.86822234
 35.45622617 24.24470985 45.9926112  14.72233654  7.0384411  23.73282131
 35.62939477 28.46112636  7.97368624 15.82652918 10.79336808  8.37456829
 22.35680903  9.5464658  18.97703974 33.23867591 33.92151411 25.638621
 21.32039709 17.75301024 13.38408041 19.67082575 15.06487526  9.89944298
 31.34339072 20.59519469 22.76140555 12.37559001 40.83213875 33.24489778
 29.47978987 17.59143214]