[19.35370035  8.63145553 36.47749494 15.68140247 19.87370655 29.83279094
 32.62654625 32.71531372 30.01136588 16.39801442 40.71319154 51.29788988
 12.56558205 40.26128977 10.46966999 11.38641836 14.33031234 30.11734919
 27.69316064 30.49744286 33.91252432  6.99351996 16.43148926 27.95434671
 23.26007586 26.08252597 20.60515819 21.8315973  17.79766794 17.22758744
 12.10494787 29.25229552 14.58952265 22.3575315  22.23350341 12.69279304
 33.77424602 21.47804513 13.23142603  7.20417988 14.24405782 36.55514777
 12.95632296 13.48540789  7.99690853  9.9135189  38.16415298 18.90304288
 24.65278819 35.79836571 26.89744566 16.24248104 28.99281492 14.05689024
 17.67654129 23.3628214  36.26188819 17.03458198 34.36582134 18.6546976
 14.15844325 12.68287123 21.80629599 15.65913367 24.75891733 20.0536469
  5.70672718 16.09443354 26.51481867 25.08673857 25.85314752 35.01910015
 18.00367335 21.37735887  7.93636388 12.21415689 31.19892608  7.31715442
 24.14040556 40.88318637  9.93300758 10.38317801 11.34274555 20.76383452
 25.18823929 27.30866513 47.51488832 27.36563344 13.34280003 29.36264607
  8.22477902 29.22665169 26.81519363 10.39819193 12.6392639  24.49545543
 24.14359223 39.1937018  15.67727129 31.04623575 30.16898774 22.68897369
 26.61296259 26.24471312 13.88298683 17.76195099 19.63629659 10.37780282
 20.08627651 27.33512623 26.3304847  17.36492517 11.84317074 27.91212119
 31.42523948 12.86897944 30.16335763 38.81799375 14.22556046 28.80232138
 14.69338713]