[19.8445278  12.21112096 35.13834058 41.36737895 31.93528949 33.54769793
 33.59387556 17.88589407 18.01893737 35.24931265 31.30741267 21.88028235
 32.8761584  33.83059122 39.71411724 21.42896228 18.76454797 33.27430457
  8.45576573 34.75128586 13.97261061  5.88060015 10.34041168 35.10926874
 28.33103314 13.00005492 35.04919472 35.92407867 15.65302514 35.68576724
 21.04429938 23.02027829 18.45402549 26.47798602 17.50820031 13.68590083
 13.58501565 21.970743   34.69093205 25.25922454  7.62707341 11.64589635
 22.70870492 18.55840974 11.33886382 50.64677443 28.77955583 19.26940926
 50.36596467 36.29004118 19.66431571 19.5991976  26.48027829 14.9135611
 17.1073482  22.40138501 40.05135373 12.25267348 36.92921435 14.90298663
 21.44649993 28.50180923 12.17287578 18.09507338 11.20031667 15.29796727
  5.47491968 17.77451671 17.35886305 29.14434143 23.8486438  17.36808331
 17.91975954 34.0863183   7.89862882  8.31809129 31.61651025  8.74722884
 18.66171292 10.28751651 26.22839106 18.95172727 19.65602266 21.37546105
 16.65849267 19.23331018 22.20038952 24.30835425 35.31289529 19.20697666
 14.09254962 22.84523342 14.10856405 33.55881512 22.03627969 27.02744918
  9.75668013  7.04806244 24.42114236 37.01806211 15.85250844 16.00431291
 22.43487378 17.79552378  8.63955935 19.58180602 13.90132537  9.95714769
 21.75884568 37.70345885 25.48187689 20.66363732 45.19504401 11.24899094
 19.30804678 24.01394751 17.32962068 41.72700552 10.45943647 17.84068422
 30.90494543]