[58.79272479 26.4538619  15.16191043 13.80128302 18.88763898 13.75787157
 19.52350071 42.71333126 26.68745353 13.32486663 45.00902905 33.16541173
  8.40724316 25.60660584 13.26801749 14.34397965 35.47977702 33.27308104
 27.22965288 21.44518703 11.35994591 42.78173856 22.97440423 11.04361908
 22.9116195  22.93041785 54.75457964 19.52182195 19.07128422 24.29830213
 40.38069595 41.12594015  7.15200301  5.86961285 36.33014018 47.44217547
 15.78985495 33.11791622 43.49016848  6.45269795 42.70344855 15.88251357
  8.1437034  12.08800956  9.58689154 31.60483031 15.15800032  8.68179694
 38.28846729 26.48694593 28.65008184 55.75062743 13.3681377   6.48075562
  9.31761412 18.19302801 38.55483883 26.65612614 14.24538178 41.0728594
 18.84732709  8.62789638 39.83666738 34.01404752  5.36580298 55.79251427
  5.43746449 50.60411251 12.29795257 23.64621262 24.30270092 34.54101769
 20.7929082  45.88431597]