[55.095716   46.52282693 52.85302127 39.1999657  34.9940863  50.12223969
 39.64537555 49.53478271 58.99211009 49.70062674 48.97744272 58.54944485
 49.25925078 49.34575597 28.15977866 50.14900479 30.23301399 15.88551698
 52.46088001 52.79047162 55.26000297 57.70501823 35.29666426 18.22971213
 49.43873994 54.89253805 39.02294956 51.16852519 54.51600966 54.10652771
 55.14106513 55.9465697  24.20101776 37.4522273  40.48257673 16.00514431
 57.44989061 56.01205886 55.01903226 48.09580341 53.1655589  55.96090017
 28.53825038 54.13650957 50.7561831  59.33269244 58.68543213 27.98557034
 50.92519785 40.12504366 41.41080789 44.46303756 57.77458817 42.0006569
 50.80930306 54.98665851 55.13095968 33.09935364 42.74130945 52.46211095
 50.77987086 56.60691437 41.12542658 39.69668572 47.50012017 44.79415717
 56.19908158 12.89453715 29.9236363  27.74447333 19.57232497 51.62341088
 41.74199213 59.77692089 37.91928452 52.36458317 46.2981606  52.82790144
 44.07114407 55.28941274 54.67289181 32.4050948  54.62270778 54.41180254
 46.19271467 15.92589342 50.77219788 47.389192   32.14266374 41.88238587
 52.90899111 36.10471409 37.39257577 16.85268403 26.73675728 52.65975535
 35.382191   47.46963832 58.49267853 32.2949829  40.6928956  51.70386705
 54.00373106 36.60547127 39.99875976 43.72795802 37.87091171 49.20766
 52.8574775  50.00445535 48.51958334 31.17157255 29.99854926 53.73382474
 45.70749566 45.0211166  52.0557113  56.45940058 39.10576729 53.69963363
 54.99247938 19.60515254 36.680098   49.53931576 52.34430233 42.80407443
 44.44615691 42.86086897 49.25157252 52.96993225 54.69105731 32.82628338
 43.69619357 35.95336642 35.2924266  51.67239436 42.34375765 55.93653922
 46.12426787 53.84439765 52.49581988 56.05582102 26.30552168 55.8130188
 43.93743335 59.49072388 49.62290326 56.46382058 54.06423853 54.50203557
 32.56098779 46.29347465 31.94815821 42.0268662  51.35889792 42.31993392
 22.80650481 53.16237618 57.55030737 58.54648165 58.07146655 48.6795846
 45.49915614 48.18168566 31.34387494 57.14162006 14.73665276 55.08200378
 52.14169578 32.1669085  40.66049327 38.62576608 45.39422003 51.89540966
 52.49174211 30.68575707 56.62085098 57.79408351 59.49253219 52.46956655
 47.31002912 38.62963972 44.33681198 39.61265505 37.59887614 49.34034824
 40.75119032 58.34829446 56.05251765 54.43969664 50.67208135 48.44924768
 36.62778985 41.25955586 58.05959247 47.10229812 41.09362501 21.81784928
 55.44525482 54.47686296 53.41418028 49.91882119 55.38331797 32.1503198
 36.53752617 42.38115568 39.82339474 52.87568317 47.93375488 42.91794184
 46.83902269 36.0653866  47.64123341 59.12737745 55.73373867 32.13983029
 52.04465216 26.65485579 52.58752934 31.28288342 54.89052465 42.74214158
 48.67835955 55.17756047 51.62478264 45.32503158 40.2229526  56.96374065
 49.99104448 47.77172486 21.17510886 56.29277433 44.76141499 48.83011161
 26.06828711 57.57992499 51.41613283 57.47532429 48.6003522  57.98312296
 36.77506672 39.87374985 35.91263504 50.95330032 36.34924035 49.88928623
 56.45043899 57.51422451 40.2125521  39.65055246 49.64666789 30.7525583
 54.00938682 59.06181187 33.3626927  30.01630302 52.54788622 54.94953614
 45.68662321 36.52196829 19.11827003 53.75174476 45.18293049 53.72738199
 54.31294376 51.88955946 41.35394333 50.40800993 46.83290143 44.82327794
 52.41616362 44.60841026 46.41733574 57.08821201 58.24487094 53.15485174
 55.05208115 26.62747624 58.97924992 36.48480918 56.94455676 47.63865584
 51.49330126 39.67760057 38.62287667 59.66885229 40.20578224 51.30745147
 29.7502619  52.75694536 49.69440541 28.43692384 30.312819   42.48513661
 22.37331381 49.80952294 58.71084163 30.2294282  27.85457309 31.14772045
 48.75308178 58.6368759  56.2452976  38.68168727 46.87647274 43.47707959
 38.66030021 28.80883684 44.53654886 53.08747512 33.18104052 38.34391812
 54.24693397 45.93424027 50.35787801 59.1068471  54.30012534 53.41550978
 58.75843425 57.41894588 43.23338712 47.49458841 55.08813577 30.280941
 54.02435931 38.91726238 56.65701404 35.82604853 34.65017168 34.8226932
 38.48473372 45.44432432 56.84932265 59.92033845 50.67970994 41.92354819
 20.88125616 58.78617321 44.59849799 57.50471068 54.49497164 22.89499407
 55.81591615 56.97551667 33.655535   52.79683211 56.30662464 21.2825453
 57.52985512 45.61125431 38.21150761 51.35302352 47.68833762 42.30183582
 30.44994126 38.9018472  39.2373158  52.26325644 29.80008977 56.48402528
 57.37834063 45.67214663 50.03175993 48.80409967 56.23247039 39.20919445
 45.74820272 57.22705436 43.18390797 59.23448013 35.49987109 43.44753777
 36.42475402 38.54513928 51.08640341 34.15811354 36.88758497 23.65889519
 53.19430788 22.91810958 23.26178278 55.59748215 48.76077979 42.69755153
 46.41799248 17.9379686  47.04471902 58.55746848 41.23314792 55.86033113
 58.28627448 43.16067501 24.84633954 35.72600757 57.86787743 48.58337378
 12.37981975 46.5243504  50.48413992 55.07385326 48.1738675  42.67485428
 50.20018612 44.75583655 54.58606041 51.04903349 54.10700509 56.53570123
 56.81452401 42.87845757 33.93026145 47.24042544 54.18653199 58.96870559
 27.0469399  54.67170417 19.0546107  55.51598555 56.01618873 25.49878541
 42.35507604 44.43731985 48.60705114 59.49112604 27.28200486 31.95390261
 56.04580787 40.10809    42.87601951 19.88242479 48.57325996 41.89751838
 46.84036989 53.64468467 18.87727025 39.97539357 50.2546861  40.89019985
 43.50835978 30.74480015 51.65666767 56.3961136  50.82663382 54.91007135
 43.47558025 44.8726503  25.35995702 33.96564035 54.38476541 41.80113376
 41.81849727 20.48174304 51.40480572 59.94651675 49.8168236  47.70267923
 42.66618903 54.82317912 51.46197239 56.46221609 31.29513335 49.52809046
 50.68617756 46.60775518 53.35712256 27.91477253 25.421638   23.54591898
 41.79228123 51.34144351 51.87771586 34.02944903 55.41312207 28.3409121
 52.89120495 53.22971555 51.46186943 54.67291549 35.26686966 53.86653833
 44.01576429 36.43965094 42.9169236  55.44502879 43.09800612 19.20855757
 55.98918515 34.4783154  54.02324534 47.50615167 47.85104463 45.66326564
 51.62484422 53.51503643 12.07159953 36.68509018 39.17315806 44.06717354
 42.86289399 31.1602818  56.17567448 45.59237968 47.26991009 38.66143934
 58.33068982 26.08693337 57.13661383 47.19319262 51.63037522 37.46662702
 49.32145074 51.80309775 57.15345045 39.91266867 43.92781381 54.49764509
 46.43078177 55.35124658 40.83725135 40.89298612 28.18667922 46.72187743
 44.59949542 29.49631672 51.27069145 45.40716354 30.26921194 58.1084429
 37.29883007 23.98913707 35.07650184 31.62276761 54.39927777 47.99194852
 52.7056488  47.31111244 51.72944068 45.19185704 38.34685441 24.69492513
 55.33937411 45.84210422 51.10248363 59.11534228 49.59752131 56.18593491
 59.67694431 35.81459258 49.88978184 51.82536085 53.00115068 43.1759832
 44.18590992  9.26895246 54.02930601 53.77124125 57.95957535 49.04009567
 51.90129663 33.35831074 49.65942359 52.06196442 34.00980286 44.14289124
 39.56608876 12.83244131 55.11624731 54.86401956 42.76443255 47.44470053
 57.96999842 44.02945042 47.22714646 50.52967355 47.33614963 54.63455881
 47.29068819 51.56022793 25.15597286 16.12219414 54.05514417 44.45578134
 57.9626049  24.87877408 57.12734391 35.92521766 55.91068606 55.14226402
 47.65446269 44.59157973 30.85579682 57.69388815 15.46019191 59.35589684
 47.5259107  45.04359658 40.5419858  53.31461039 54.97901172 45.68293621
 45.64232932 37.86721154 56.69859596 52.17231803 46.85830612 55.49731358
 42.71369616 34.88565153 19.90183819 51.38258857 47.30368917 54.56385344
 47.20674181 56.69097211 55.87324232 27.4699403  43.84829383 23.48948719
 45.66610333 58.68035414 54.2775197  53.28345636 51.14418963 52.21923026
 46.99084395 33.6774304  31.18510172 51.01246486 49.17505799 25.2170938
 58.72370181 51.37908184 54.56229201 57.48296984 51.94289196 58.17785924
 56.38530878 41.30067567 19.53119681 52.90747544 48.04500493 51.47018277
 51.88975537 54.36964332 52.20706865 28.66653474 54.32182011 30.53614982
 50.61441977 45.77417774 51.40508582 56.10822439 48.76876505 35.23004987
 54.1235609  43.99134306 36.66781631 36.33138687 16.92048143 28.69838783
 49.32049036 54.74696728 58.54563691 33.87987249 54.77757912 22.25493203
 55.92906867 38.62112266 45.38356548 35.59243777 42.53492786 41.35911583
 28.3651719  49.98122241 42.81305747 23.89104131 39.95681957 51.73617547
 54.06031721 56.55136578 45.03503368 57.43183813 56.89726707 53.07038622
 25.64089945 45.54156285 48.17969733 42.84466126 58.13072415 47.92259358
 56.32537711 33.27001903 56.01187172 49.47634401 47.33920424 48.34095214
 44.99734564 22.6547014  41.51717429 57.49989489 55.64015468 37.13240583
 36.07494043 11.31140542 54.12244668 59.0027403  43.90116927 56.90261036
 50.6950878  56.38739107 38.6717116  52.96919988 55.49448737 59.77966053
 41.13754857 35.63618455 57.98178607 41.60240057 28.95165528 40.69971993
 40.53227916 58.00184841 58.7934421  48.09173973 59.86521929 55.55105136
 35.56015672 34.47323653 59.43304879 19.05446776 55.13601133 52.99874832
 46.43685425 21.76097859 55.91625725 51.38069584 50.78664072 17.01487397
 47.42571367 49.26782632 32.99971296 30.18484317 40.59111953 58.02895181
 57.6505316  36.85803425 55.48020773 51.20456567 45.09455167 56.02470359
 24.13121514 57.48016789 39.71609896 57.2586751  57.74214603 48.78235561
 59.21139174 40.34323991 43.65362506 54.29512305 51.54262192 51.29202377
 32.90176337 47.52003475 44.17173005 35.36123968 54.88920145 38.65589582
 12.16455585 54.33857364 50.82727058 36.18448869 51.0260924  56.45391274
 50.60496876 57.95091984 51.19219957 57.09534977 43.81179707 54.83129611
 55.22634492 40.60957617 31.934334   34.00711413 59.08399808 58.36458443
 50.79511225 12.33479882 44.5646992  41.23766411 54.835678   30.24159276
 56.91970416 39.43472481 49.32162477 53.51840645 45.65681536 31.37081166
 30.49989732 51.44920125 57.49072408 38.2698915  53.23362072 38.84044403
 52.92843277 49.51455363 50.16028796 52.83659989 56.91747685 18.4244798
 50.48216586 54.25393588 50.87942427 34.69081897 44.14850554 35.41670983
 45.90422556 27.61828465 30.7331209  40.47739471 32.60687482 58.67152142
 24.95347868 58.31614292 41.70399043 39.56459889 53.97861192 49.83305451
 47.16278149 50.23760287 43.44863587 52.88505186 57.9986032  53.88187394
 48.25112478 10.02524829 59.47670515 53.38855296 57.54919897 43.67327538
 51.29296156 39.74812447 36.98654707 56.80251878 56.63251931 43.43675895
 52.60786025 45.62154059 57.5160432  59.91718105 41.29043973 57.29179771
 39.94208688 58.53952701 48.12795724 28.80127845 50.85853589 43.72128458
 55.42273264 31.21285021 49.40924942 49.3140428  26.85192663 56.26691757
 44.89891445 47.540186   45.84836058 32.98959132 33.6857471  53.31713629
 45.0286711  47.35898184 48.54554234 54.20810889 32.34895698 50.99601613
 58.64873797 40.75140944 54.94296155 54.7418684  58.89986727 38.96738561
 55.70609081 48.46150292 37.93408952 20.16266968 50.79071739 43.17297605
 58.87901515 46.83083307 56.4032922  42.23250195 28.05038189 53.52652647
 57.55583558 47.81796697 46.64907341 45.63629533 59.42222149 59.61348497
 28.75734447 53.12543112 58.22073645 54.15322775 56.3535136  57.85500855
 42.16600614 39.16796251 44.16447288 55.52508484 46.00253036 47.19917791
 38.64835475 54.10084043 48.99721953 29.98008931 31.72586504 39.39216555
 44.41987783 45.56267246 45.88710329 47.34303073 47.99184779 44.79084244
 54.96863715 31.23973238 42.8467676  51.95998876 27.55082483 56.94290055
 26.23274472 18.36707981 41.12946085 47.07922268 58.56849182 42.42737482
 51.01931397 43.00719844 21.31925408 47.32713011 46.94461035 38.49950498
 54.0229995  48.69748127 46.87891241 51.83813356 52.415608   22.49662198
 37.94899856 12.9704021  29.61084443 54.35338853 41.53048649 54.31234545
 37.86663733 59.47055386 52.19297575 55.47452972 25.18507283 58.05260413
 53.44848542 33.0775007  47.48283986 46.29783236 51.54307772 36.26317212
 41.90844711 56.42821333 45.5270733  46.53268824 58.68949297 48.69477896
 46.9029872  29.93289575 46.3090078  54.34071067 38.42588319 54.95764822
 22.76417148 48.52909419 54.81967013 44.61828913 55.74198084 52.96762284
 52.33259431 47.1589629  31.22603669 23.96203117 45.00232693 37.35435783
 56.35053798 41.85862466 49.7858196  56.27675605 51.97381269 47.65608485
 51.19840637 52.07683449 54.67920975 56.54596759 36.34280461 31.97265264
 48.25930443 48.38214177 47.45164074 58.69162969 37.43102615 59.97895185
 56.25911213 50.9489293  31.52321577 51.28993316 47.37964952 46.9039265
 47.58279383 56.53650465 55.47462259 55.94044213 55.12658234 36.07258258
 41.39360794 46.48423194 56.94948408 56.2054268  31.41301695 30.11704883
 47.26521361 44.39604805 27.22116169 42.49287072 51.01175989 51.7073831
 47.65195642 48.00151264 30.89374834 52.09783076 27.14516965 49.14812789
 54.89853154 59.84240857 33.46387266 51.74483861 44.61500815 26.701754
 58.51639485]