[11.51816866 16.22752347 29.10813871 17.17523916 17.58970137 15.39409366
  9.79201516 12.67828272 20.35369721 19.8325268  14.21539468 11.98870588
 19.49139454 24.29764706 13.57734769 15.72008549 14.63945601 29.58834557
  7.79843388  8.48785637 22.15041505 19.87842321 14.13151408 29.461067
 16.55055186 10.43597322 12.60840721 22.45955294 12.69778206 12.6656311
 25.56765249 17.98176731 13.43221696 19.86182556 29.69737491 13.62750968
 11.38096636 20.65148024 31.99018871 33.93700352  8.79413344 26.79543625
 13.00233312 32.71770968 12.55228709 14.52861359 19.34466121 27.41390801
 15.45718145 18.59631983 10.04379578 14.80976296 19.04201336 21.06125922
 12.89770859 28.17628237 32.24180449 19.58561744 18.56876429 17.57640225
 17.51589855 30.99021487 18.33815892 12.30060451 22.1836372  16.44850249
 23.54525696 21.25152865 16.28041363 15.5911358  11.89189896 20.303608
 15.28620878 29.50407333 27.36054381 19.93368597 32.78410655 11.49786125
 27.07220284 10.24586366 20.74634344 10.26278287 15.99098478 18.04704929
 13.63499667 25.61483265 15.25600368  8.91819711 22.29954095 10.18300538
  9.09689009 27.19846283 16.26215395 13.75900806 16.73831676 11.09347283
 11.45902405 18.46468803 23.87265183  6.91448988 19.6085524  20.85694151
 10.40829422 17.73237841 20.31639462 15.19960641 11.64021456 12.63657333
 17.61432773 17.33676369 33.51813099 15.25767312 26.29103479 17.60108804
  7.35620979 15.2505975  12.38046686 14.3665604  10.51678893  5.92059948
 13.14803694 17.57885202 21.0734116   9.25051533 23.00169536  8.67162775
 14.77222394 13.40283662 15.29409409 19.99516571 25.81315959 13.88272794
 18.90407318 21.025213   19.05204613 43.01051904 18.99622369 12.87506335
 13.89779115 22.61504623 23.6627383  16.88948321 17.24828959 24.52286506
 11.32362576  9.63372585 24.8349469  22.51353707 13.53846855 17.30320627
 11.48756098 22.12652528 15.05033243  8.41352535 28.23411472 19.21569761
 11.75088976  6.39117453 15.7840075  15.37120611 19.56453214 23.47352563
 15.0636448  21.09464556  9.23926291 24.30744403 15.92221079  9.64922604
 12.69821157 19.49132123 21.43742187 24.47772329  7.46273742 17.71111117
 17.82984454 28.59909986 27.45149892 22.65518262 22.40341712 19.24770578
 19.00350358  7.13607049 15.20810483 13.21895212 10.86877293 18.44151532
 26.20747169 13.03954507 26.74562774 11.29420301 12.78422892 15.02627792
 19.92891112 28.4006789  14.19855571 12.88539682 17.69731582 10.34505878
 23.8681789  29.56088625 20.0528034  10.03170318 17.6131579  23.35797136
 11.12916522 17.42831564 22.7572317  10.64401554 13.27877157 13.97175704
 15.74580577 20.33672477 18.32170714 17.16944891 22.8931328  16.74888594
 17.02400806 22.32457966 13.9032805  24.00759296  7.10892801 16.17545058
 15.35394662 24.83843619 23.13745875 18.87288204 12.47648254 18.2141997
 20.98608879  8.44743613 23.80324201 14.00074872 16.17665561 21.06182025
 14.80847435 11.920938   14.88993518 11.15357913 14.54095513 15.6354033
 12.13552612 13.83370551 15.54148431 13.1122844  21.40606437 10.84987392
 18.82202256 19.92595464 12.31532761 14.19267702 22.06401894 12.36411975
 14.20393315 15.72601067 15.10241225 24.05785785 17.40880588 15.79178893
 21.70624394 10.92405779  6.56433959 16.81099615  9.6935745   7.14464866
 18.58447881 17.46847444 20.87538305 18.76151014 23.47504996 24.27102782
 19.45726089 15.27850001 28.03460198 18.77273894 22.73089502 16.10755158
 15.73138851 23.11993083 15.66319307 22.54753192 11.46030068 11.85023231
 25.18586182 24.30994676 26.64045671 40.2709504  30.34022047 33.0309529
 24.80645902 24.39426064 22.78400214 13.60767836 17.88070047 10.4649272
 20.24342417 34.3612913  17.96115548 11.36484403 13.88008619 14.77775815
 27.43588065 19.25177154 22.1772879  17.86337486 13.52730802 17.30264867
 12.62939299 11.80977548 10.91592105 22.53085228 14.55254337 15.18672878
 23.10026587 20.21780737 26.4148509  12.82587339 17.91915111 19.6627212
  7.24378861 12.13156666]