[26.81319778 14.31448494 25.30697175  8.8088467  14.16327699 25.02638662
 14.43351142  9.12861677 13.64152662 13.44588737 20.23685684 15.826884
 13.26179467 20.40036539 15.15524137 10.04593863 10.48264175 18.69753825
  8.13858735 31.0339664  17.94661017 17.93934749 10.67944802 22.86946451
 11.04070357 12.78529681 22.57661285 11.28298153 14.58834156 24.26541226
 17.37085174 17.01712982 13.07963668 14.76863482 15.60437078  9.62989106
 17.16963764  7.39013424 11.16798558 12.07152516  7.8677498  11.48042132
 22.02916053 16.89123836 25.57113321  8.78608347 13.0705793  20.22449895
  7.50578982 25.11197784 13.25011132 18.18107789 24.57310848 13.88117493
 12.0059224  13.89770095 25.42007065  6.53495755 32.34429311 16.29761884
 21.47655196 15.88358375 14.39228986 21.41358878 12.77201224 15.11168425
  8.07148829 11.0053523  26.91191278 30.62338653  8.19536513 18.7509378
 36.35254988 21.69020502  9.22189206  8.3386825  22.1575157  16.23211568
  9.99294279 12.09097971  6.97234522  8.31282056  9.25519623 17.92319631
 14.15792224 12.99905617 20.38753002 12.93010538  8.9165086  18.44940488
 41.69859438 14.75959567 13.71214209 23.12628893 20.01182028 26.54388533
 15.58107403 11.41366888 17.71592247 17.94200167 17.13359987 12.7372069
 12.2055576  13.13550173  9.92737556 17.48891515 14.85583351 13.75865048
 25.96327478 17.72018214 25.84193745 23.01396197 24.08183094 11.86687815
 11.15516278 31.45174774 12.52023103 22.31058896 10.22689746 18.12511732
 17.45033988]