[19.49009468 11.93223739 25.09257229 25.12221705 22.48218976 33.58596105
 12.69228761 33.03651862 22.29696826 10.0446088  24.04995509 15.95462872
 13.40222626 10.73067513 11.60006385 27.03316794 25.20070562 25.84589352
 24.43973314 21.97089195 24.04331581  6.42812145 27.65049204 42.64921171
  8.80239373  6.78897372 18.77079569 24.9092865  17.24415312 14.05669178
 33.96540056 19.16432837 19.97752543 24.71096861 13.09871091 33.77656795
 23.76679563 24.0733103   9.81179929 28.33270339 28.32259184 25.4479289
 36.08873112 20.36359234 11.08086062 35.6957486  20.1432685  29.05799502
 16.03889614 27.5541784   6.74330107 29.26944784 23.40316045 13.56357164
 24.13726666 22.07016682 29.96724899 17.28059013 10.98726978 15.94560758
 33.65829808 16.4774639  20.70495624 36.32509899 20.94200677 31.70243948
 18.00372491 17.22264997 20.54548919 13.45131722 29.94211109 31.1784221
 24.37352767 46.99626136 25.18162309 22.3555747  12.94002358 27.82959571
 16.43054075 28.97261632 18.81858555 34.38882431 13.70692645 38.37878934
 16.89792553 29.7041256  24.24750334 19.97555934 19.50236042 13.74128734
  7.0813168  32.86641687 12.24818833 12.7201534  18.10837033 10.16328771
  8.63183575 31.03927385 22.7681827  30.76777228 20.40498637 37.6987626
 22.27491074 15.82595169 30.85953901 20.09944203 24.95525618 22.24858765
 31.67491358 11.31852983 29.67261876 14.30775483 25.23733631 26.66087732
 12.26944465 12.5945225  24.7106825  12.07188972 13.98052222  7.73376269
 10.50125148 28.64825661 19.52791628 18.27352238 19.70280382 15.84988964
 22.24618388 11.29202084 37.98651041 31.01041901 11.59999754 15.7574743
 20.25810297  8.76462978 18.98260157 13.5480143  22.4787939  19.85952435
 19.15481023 20.81860311 21.19957506 31.31347948 35.14651278 23.04089104
 11.15092787  8.0020458  18.52789798 49.31445422 21.09541556 27.326573
 22.45221779 32.45810681 17.1059618   9.78834129 24.4482278  12.18035847
 17.98680163 19.1458362  31.99865176 20.14238292 33.68175188  8.49086169
 12.52612399 33.41192902  9.58162419 24.20965513  9.18685678 34.50890605
 19.49138399 32.78557527 30.37025503 27.02648229  7.01610982 33.09765773
 12.37934295 15.67918904 30.33954711 24.50992517 17.64857906 14.18471955
 10.10209154 14.06652523 23.25729364 26.51446752 36.18848236 10.54475982
 39.13524529 14.35339222 21.8771381  18.69845049 16.05179833 20.76915547
 18.87943295 29.63804382 20.34489862 21.65383055 17.37380314 12.20325452
 12.53843595 12.14857618 31.80298515  7.12826358 30.0805687  21.8965842
 22.06638242 27.22822305 16.23556294 24.46708277 18.17127689 19.50696075
 19.03165136 23.56397366 11.63445173 11.59649335 22.01343716 35.43729238
 21.81014623 29.45606276 10.72830914 26.44204994 19.99164782 16.12695884
 29.66369732 17.62169799 38.08168905  8.8238076  28.59849808 22.43117224
 19.36332503 12.65033008 26.86864725 28.23369137 14.58530481 26.01540201
 15.31710594 16.51343917 26.70779412 10.01051658 40.16965194 26.90252428
 15.73264872 13.47477187 24.31259589 13.1121597   7.9100229  18.51076775
 13.98486094 21.04282837 11.56829851 28.61885218 15.18061596 11.18904743
 18.16484372 23.70133519 20.92979562 12.33627943 25.43832621 15.11816129
 25.88567861 11.90516007 14.9492145  27.34090518 33.11576999 16.9056826
 39.22481587 43.82075768 30.36085126  8.86706057 17.21108654 10.43209043
 26.81156908 33.84945287 15.80433711 26.51559772 21.70794954 22.02340269
 12.74412989 17.64323042 36.38367958 14.55241883 12.29941441 16.71334626
  8.81109109 12.85997128 34.67323514 20.75654728 19.59751042 24.45386145
 41.27119047  8.5257683  24.28055385 16.91599361 32.5944668  25.36928932
 31.1035201  30.10408827 24.23721404 30.91590301 32.58258934 23.28453617
 20.4072936   7.39071456 23.66279908 31.09182321 16.81510387 20.99524715
 28.09341293 18.13297687 34.42056005 16.50758486  6.91975622 21.5961344
 21.24229424 28.26987184 16.06309394 24.97231192 27.88829698 10.92666841
 23.42411931 25.6077316 ]