[16.99961068 27.36559305 15.51388604 25.83427167  7.96172112 22.60809156
 23.01349645 21.68361469 21.12400242 19.10724156 16.72249105 34.14335237
 12.16913043 20.86530362 11.8422794  22.06446382 12.83373082 18.99671056
 16.8216286  17.49840122 25.08958452 22.99656809 13.6730641   9.74141023
 33.71339361 26.05148366 13.91028658 11.25782675 19.63032229 13.41251376
 11.46779215 28.39764106 11.60479171 12.63802048 21.55852755 19.68750239
 25.45834531 17.64452033 27.56167864 22.54959775 10.53702871 29.12578314
 18.08354896  9.99120359 25.27280565 34.28518012 33.80023393  8.4243599
 13.8555669  13.49476891 24.0079782  17.88465951 12.37738645 14.98086669
 22.30553697 10.71219646 19.40257062 18.96653607 18.96357882 12.71380949
 14.75450792 31.41925339 16.57972278 17.15598663 16.35394146 20.06000289
 19.91033662 19.6673141  18.23261964 24.08171438 13.11251597 11.57924133
 26.06171843 29.35549352 10.12759332 14.08526652 19.60392079 39.85608567
 21.61934011 11.51978045 29.06279323 22.53633925 29.68744774 24.38245082
 31.58039178 55.98097427 19.95565448 14.35133283 15.5188548  14.93656655
 20.05404201 28.62011471 23.78484242 19.12918881 21.60310072 32.17535626
 12.77181594 11.72887697 28.15098124 29.38706939 22.19701649 34.00003365
 21.97301168 22.51102356 10.3004275  16.2011058  30.06559375  8.88584623
 12.66103345 15.53666014 24.58371619 12.35734886 18.98691473 12.61994364
 18.22422146 32.18297367 13.12241653 17.83896911 27.18576507 29.30157926
 26.94780169 15.94671536 16.0764055  22.00695627 18.07342337 52.40140069
  9.90288168 34.89516787 25.32115155 13.12364876 22.38915732 26.89336622
 28.37039797 19.66642813  7.62886549 16.97726125 21.21823594 23.19912841
 14.08659467 14.58381102 37.0773984  27.69965017 20.9188052  20.60126497
 19.32461986 12.72786054 18.35616281 11.10160214 17.81250524 27.16191922
 14.7710706  20.04465928 19.43510694 14.01084424 29.87458902 15.26736576
 15.61305364 21.67514188 46.39118489 17.65613833 16.82851539 39.125925
 10.5232905  17.18374859 24.25297744 21.62225802 18.45127533 11.96941225
 21.3514171  23.40256501 25.24497266 13.84890871 17.89191934 18.21372149
 33.59952005 23.22048524 13.97825041 11.60654062 12.11057415 39.63089473
 16.18209536 12.34129129 18.16160147 23.50950264 30.09930314  8.50793649
  6.46983441 20.4800632  30.22625845 21.79797229 13.26215383  6.43117552
 22.73652934 17.04285026 25.10138608 19.33341585 15.63669478 10.17457495
 19.22540086 19.46842717  6.56022689 14.01538877 42.03498616 20.99130095
 23.65871446 15.6443002  29.35353557 11.00084705 25.71998267 19.13038589
 10.68877527 10.85660283 23.66178576 23.99861264 21.38425771 22.3465628
 29.05161562 13.18316856 18.11213353 18.01515401 17.69497158 16.09464644
 11.33801636 16.3603946  19.270021   15.93977648 15.54657583 28.08621306
 14.1914595  38.10591171 17.47367981 13.58317235 18.52669004 31.52685897
 12.10157321 33.29247926 15.32988547  8.60990487 29.76464215 16.7092518
  6.25045338 21.29078442 26.73106248 15.92696118 22.2602474  14.15872479
 23.37455556 11.12206673 20.9028006  20.88624439 10.38661847 13.86169835
 21.64286349 18.30054245 11.31249536 24.1883308  28.20587269 17.15961844
 20.27469699 23.94455649 14.40833465 15.95950409 13.80870695 22.47353032
 21.72208909 17.2954348  16.4417517  17.31923032  9.77456372 37.08003366
 42.12290871 12.78644813 10.01351008 18.57074382 16.34083828 13.34957822
 10.26603543 27.66942956 14.25610023 13.23715479 12.8812435  40.1652254
 30.83754372 13.86152581 29.51283636 19.91606436 29.0009355  22.04197478
 15.93965598 33.58982578 21.46524933 21.66786061 27.7938136  21.39510912
 23.65989865 26.17387313 11.74003229 18.06656377 11.20189054 32.47456525
 10.12096678 30.23615264 14.7563069  35.91840704 15.75733641 21.53723128
 14.30906047 30.84460784 11.71719864 13.06914648 16.30279997 10.67366768
 13.54498219 13.61417968 19.52699573 14.3636174  11.97708326 21.39931696
 30.61169005 16.41303614  7.03348509 16.88995441 15.20653755 26.23245179
 29.03136344 19.99226871 21.79810603  7.8318011  12.60771455 25.41253684
 20.6850148  28.76168782 18.36185313 23.73791437  7.79202296 29.40160513
  6.28661274 22.62045697 14.58154004 11.03779218 19.04793652 14.87508232
 17.17055699  5.74420565 15.22656291 20.67322789 22.88805128 15.59855402
 11.07593743 17.88801362 35.23014721 22.62764268 16.58833272 21.41247859
 17.90186408 21.7500165  37.86476053 25.06225715 11.88552887 22.95246498
 23.8850545  18.42699145 28.37510811 11.94403318 23.72162809 27.92251772
 17.72733678  8.19583173 14.28537237 18.49891606  9.54760662 16.88134334
 13.575489   36.67354016 17.81813142  9.68172712 21.02116073 26.17625596
 15.94460739 18.0865997  15.25038474 22.58561895 20.08934302 15.42935081
 36.31792973 10.25715219 14.09655371 28.93990407 22.05388969 14.64152746
 17.90336448 30.38141766 16.79916771 23.83632335 18.1114465  13.56794196
 22.70650974 32.92179697  9.01804643 24.86165515 25.25537023 13.8688125
 42.75423203 11.80154012 20.15360889 19.26594539 20.42975804 11.36776103
 15.47364805 35.54992004 29.14636911 35.13685005 23.74796444 22.43419321
 36.46883237 11.74169331 17.45282351 11.57145334 24.15349689 30.88136975
 23.53840584 20.33282475 34.03839849 19.64225008 18.49672367 29.33048391
 12.3694834  17.06016166 40.77603792 25.13237834 11.96606542 18.49301871
 32.9359275  11.63996253  9.62510558 21.4910427  12.42380859 24.99919065
 43.83515628 12.05432491 29.52426041 17.05206128 12.77431697 20.74244889
 25.10573968 24.53753692 19.9961465  22.93362718 17.28672508 22.44489734
 11.93737278 12.81916074 25.61981232 19.5956894  15.12216002 19.46393431
 14.71709401 17.94442659 23.36917903 13.97097795 19.91628044 15.67359852
 17.83526957 14.35834852 42.43476224 11.92692592 11.07475647 16.59436251
 16.00512434 16.28166061 14.05697135 21.8639054  17.14413148 24.79592879
 22.48792898 24.58349305 11.51457477 22.97310003 34.97912203 21.07210359]