[35.95165731 59.6002299  53.88862652 59.22358362 57.13496111 43.48149528
 40.80377582 57.37230641 37.82628138 55.67337553 46.41482854 59.3326561
 41.62661809 58.27649136 36.79357428 52.75757394 57.46282859 35.77901467
 49.01476836 46.2589707  38.84927097 59.43193654 45.27189712 55.35184668
 55.15800575 54.52750652 59.37662488 54.34519001 59.32466863 55.31805026
 55.0242349  54.9381861  24.37591319 49.50595584 55.0593532  46.39768605
 54.028267   57.20522746 56.37392087 52.7429187  37.6547915  58.71333094
 56.30442011 55.73037579 58.06727591 43.34951415 57.70993635 57.11731316
 58.34272478 51.11722691 53.55166749 52.65085905 56.65964549 54.84049254
 57.79544362 41.48285001 59.81452655 58.49927467 39.94070717 58.61464491
 55.65060384 55.12486681 57.71176893 33.55440598 56.01141552 48.95532409
 19.01377933 58.19117563 55.79988058 54.03301061 53.77630046 47.34743651
 54.70892884 52.82724579 48.21856997 57.63384773 44.77408669 56.78704905
 52.82426919 56.19821191 55.63479857 57.18087087 43.52700084 44.06880702
 35.35717108 52.59047826 50.19889155 40.84837684 59.96006841 53.56087092
 56.63046782 56.05458681 54.99409715 54.34381837 53.47781568 57.71391154
 55.95297585 54.28367303 56.30845557 56.45073937 54.65691152 48.26207205
 55.60688856 49.28445626 53.88029671 59.16457368 54.61422395 58.00688225
 55.76303915 56.41409106 55.59226388 54.67627492 30.01965604 54.92276438
 56.95452835 53.78935075 55.33944552 49.10014169 52.9244159  57.17207401
 52.34961569 43.92253099 58.20830424 57.39399547 57.58570447 59.23828023
 33.75634892 55.33638258 35.44411063 59.06555018 42.52456309 56.68334426
 53.92627183 33.03155847 56.43810603 50.68231949 55.99869908 59.42300102
 56.22522686 58.86675714 58.24367053 43.93805454 42.29597235 56.80796524
 55.12634113 56.52253894 59.43862447 55.87498477 57.52129252 54.94573835
 45.77017072 38.99258931 50.21240854 58.99010022 50.03156617  5.54227972
 47.45329537 54.8069797  51.54733497 59.02579125 43.8360355  56.41857349
 57.00594932 51.93717163 56.58159679 59.03057252 55.975714   59.27715179
 48.07817658 53.63950334 43.33055739 55.91957333 46.00042434 56.69528503
 58.89582412 41.14835789 53.05088142 52.91760376 57.80494147 56.38124329
 57.74719937 58.36665986 55.44319156 55.42152074 58.79251061 56.17855178
 35.29298445 56.64940108 57.39094598 56.89316745 52.17305011 37.44626463
 57.94242269 54.75928529 58.67616588 57.51281198 54.48681069 48.6347602
 46.99737776 51.1476074  58.66737271 59.40092496 58.65111738 47.42523655
 40.44030934 54.61214397 56.20218218 56.22088103 55.95328199 56.21243069
 55.92694428 35.77470293 54.36005966 57.46920805 53.85559607 47.84233148
 56.72325554 56.10668347 42.15691712 59.57834313 54.96949838 56.47860584
 58.84446368 55.23805595 53.2325146  54.26683295 59.78536088 54.85425622
 53.67946866 47.86244007 55.61797284 21.19405315 46.45187872 57.91408614
 55.42043435 57.97910482 57.62948948 54.53604857 54.14940361 51.59472494
 58.79191748 56.35312641 57.00005366 59.14476664 45.44432787 58.2447778
 57.34404266 52.93160924 47.2398764  57.09771219 27.51717288 48.77775797
 50.94520142 51.19440693 49.66758087 45.78761029 53.78634888 58.92046148
 57.77659604 58.0741641  56.90836128 54.29982765 56.65171608 51.09398888
 50.74260109 57.56771137 52.335851   53.58212316 48.79231459 55.63516766
 55.35523881 58.49287001 50.63514861 55.26243151 57.39005813 57.22346681
 52.59842075 42.41373683 52.95192853 55.9866734  50.82805469 35.24318659
 57.15967366 54.15482901 51.92903068 46.88773598 56.46405135 56.64544144
 58.82898383 52.87774947 52.34003248 18.03833876 53.59077951 47.23963575
 53.02267156 57.98615359 57.44068288 42.81437448 54.76133062 55.79703644
 46.42555711 49.08223655 44.25353664 56.76142467 31.73547305 57.303776
 55.80946468 32.98418569 44.43388536 38.38715153 58.89960407 56.03341331
 51.65330875 39.2866151  57.21397419 58.79662787 52.10850578 55.69742643
 58.1408759  45.25184644 53.79046232 56.13934365 53.76896246 55.81880393
 55.20498442 42.84559017 59.0571067  50.23222636 57.97565656 57.62093713
 55.69805888 59.36050668 38.84308036 54.17505195 47.60312447 50.82737929
 51.00833522 52.39998715 43.61894189 56.61661608 26.6328265  45.2073625
 37.26792551 58.74089351 38.87986502 58.15140067 57.98115397 55.40265648
 56.20612275 57.13784925 37.30182191 50.99242064 55.02408203 51.70555779
 53.21632303 50.60563917 38.89932932 46.91728798 52.0068672  50.380731
 59.28866338 58.37496499 31.21465331 57.33348175 54.87712358 46.23868053
 46.54036579 56.04608177 57.63632629 51.93459652 59.48797402 57.83282207
 47.4432547  28.66719521 53.94116591 55.89377652 55.52997909 57.42144932
 58.93011689 57.349559   52.51792161 59.08787439 59.05586557 52.37662104
 40.23553197 55.06649376 59.22585549 50.25192945 54.0200418  53.94060468
 54.96941392 56.82326966 50.73460424 58.4963322  53.8744078  45.76484054
 50.60026618 52.34563994 53.36025437 55.72201202 43.70472767 46.83197865
 50.05949626 35.79195351 55.23209088 54.9436999  57.83410059 52.95236788
 55.92499188 55.51141368 55.98265109 56.18300437 57.89127262 55.12560603
 51.9082286  51.04240739 50.23877514 24.59785535 31.28299464 53.81636304
 58.17940834 48.44406664 56.88869917 52.43993918 58.12935196 58.44950717
 53.3553371  55.18089301 57.20475229 58.54834451 29.13365132 59.26223937
 56.53024716 59.2563245  57.08441248 53.66906705 57.18934015 59.73525928
 54.21265171 54.07276906 40.43931056 56.64180271 53.22844667 53.20552858
 57.28692167 58.18230975 54.79687145 56.74021967 56.30148087 53.67029348
 55.71990023 56.72870686 58.80707207 38.89551162 47.68060136 57.9656586
 39.39106922 50.65870282 55.18802037 40.10944085 52.83107444 59.71966881
 54.34466176 58.56977138 45.17482893 57.94452452 58.63153711 51.12920752
 58.66018033 53.47238711 54.58954196 56.36291156 50.7947807  58.72116276
 59.58672603 31.16892918 52.40799841 51.04862034 56.09938903 55.44207135
 41.24261809 51.50297122 55.18168655 58.00433012 56.92337695 53.19187344
 52.71880477 57.30127156 51.46020444 55.17083039 59.27916148 55.41499315
 54.87474005 52.95421455 59.13638682 49.91883967 59.24794162 57.77748857
 53.11181475 59.34034147 51.29127078 48.56934769 57.55583138 40.59595464
 54.77826962 49.60332822 52.65736776 57.09695704 57.79242235 58.36227691
 56.6035317  54.73915618 53.32864054 56.02951489 53.82589137 58.96756772
 58.16152542 54.02434328 40.84165537 41.71087998 54.78175786 55.1855505
 58.29290314 52.56128372 37.46838953 58.36234    50.51570399 56.27351405
 53.59438128 57.85124868 56.84170229 37.54627956 59.08436885 50.87238078
 39.87066159 55.63011205 55.95160244 56.00889363 53.85693555 59.23516112
 49.82466176 52.5094335  56.74583019 59.04633316 59.4987117  50.78140128
 42.56661065 56.31227544 57.34121098 52.16635657 44.42225135 38.86357801
 57.90967077 40.89436636 55.84605354 58.95476343 57.15536305 57.17981497
 51.99674973 55.55801882 46.39104417 49.96498302 58.15747261 52.53898787
 58.06057982 59.12268974 55.96331907 56.29527993 56.9742142  59.14469745
 46.04935016 52.17342384 58.59318694 55.79633018 58.84350552 57.60879602
 40.32828816 56.91614205 55.32301714 56.43350571 56.73779652 52.89853828
 56.46677393 57.44777679 57.86563214 53.55684844  9.1534872  45.51993735
 51.28526921 55.15228308 55.0181262  57.00872457 43.20633514 59.46820004
 53.19960824 55.89138906 53.87168058 53.90110308 54.20098986 48.70017638
 25.23614171 51.0849029  55.3839052  41.77845617 57.90178363 52.03657512
 58.29487909 51.94743331 57.56177155 54.87427473 46.12814129 54.69877449
 46.99326321 56.49803015 56.63532008 54.62141897 54.33351524 58.25111054
 53.38098747 54.39548731 39.79560346 56.00567869 54.63371042 33.73665999
 56.21426161 57.95029047 57.44737763 58.40101228 58.14207616 52.60461829
 56.67650659 52.74571688 58.16520362 56.30709992 48.91950967 54.03763958
 54.29812665 52.42172137 57.44599956 54.35415283 59.42062143 53.04373179
 56.26111999 51.03580495 53.81687526 36.80689027 57.86330305 55.07455165
 51.32928115 54.99550403 57.32763988 54.42387186 57.42045753 47.41378628
 42.75014332 31.11823097 46.49191543 56.53252443 33.84255521 56.14734396
 56.59384155 59.10451782 26.65029528 56.56203356 53.5269279  50.45451036
 57.50843126 42.32694475 30.00688117 56.3544283  53.76398766 54.07948168
 58.08632088 51.91427821 59.39266865 58.7675096  53.12809458 59.77533366
 58.80688616 54.54814785 57.45824762 50.34296568 56.04822467 50.33272495
 58.42996773 57.17327621 58.03939705 40.17515175 49.51626215 56.15250671
 55.25635915 50.94413112 58.22913316 58.65733247 57.68204896 58.11230019
 58.75950383 53.26413268 57.93464347 51.02451101 57.07604955 51.9529903
 47.90602546 35.56621006 51.60721417 48.76195249 32.24802987 53.10622701
 37.35676608 44.28553946 58.26877832 58.93786213 55.0782296  56.21612472
 58.09104151 58.48679431 46.87419758 47.67196835 54.17697268 58.01970077
 58.15346857 54.98244433 51.93079135 42.95269585 56.36942656 54.89643989
 46.45502153 57.66172073 54.63387329 55.37040537 48.6046501  41.72202815
 53.68658403 58.26591619 59.61725908 57.63813812 58.75572677 56.29058512
 56.10566727 43.00936064 52.48467449 53.54052261 35.00995547 54.42580306
 57.6972256  58.45328014 44.29674817 56.11474961 56.6501407  41.04724832
 48.32126491 56.11969846 52.29679494 51.17112404 43.08526344 53.41668938
 56.28154826 48.12692205 49.25758075 57.20258296 53.52185861 46.88016861
 51.04573905 55.72129886 52.53893316 58.59529854 49.00473471 55.76791942
 40.57558575 55.42407206 57.57341489 53.09479658 53.13996553 54.02682668
 58.8303714  50.11538233 55.86750862 56.79329813 52.13850101 57.79852166
 39.95291586 54.74986923 48.87759082 54.89017476 59.00898686 54.29739221
 35.78840887 54.20274454 53.85234336 47.26494125 57.68497943 58.23989711
 54.94015635 42.43030213 40.60547731 56.47539588 52.50991051 58.80108668
 41.47790153 56.86591709 54.49015587 53.57748311 49.39192558 54.02648152
 48.38474506 58.24869479 51.76758707 58.9192307  55.03222659 54.08406534
 54.91024874 57.36386028 53.69341383 56.48883144 53.34198146 57.38792221
 57.07137693 43.3136981  58.0991383  55.77597562 54.33638038 47.71127567
 53.02699826 44.61103276 58.60356928 59.28045262 58.0929778  58.445011
 29.01672947 56.94278694 56.20508771 55.20175081 53.63538188 57.32599223
 54.08965728 58.29749393 52.54572665 56.97299161 49.80670469 59.20025652
 44.24535601 55.28812775 53.92200539 58.01260519 59.53764594 58.07300722
 51.20396846 52.6668799  59.52378377 56.71863021 59.01696853 49.36168787
 58.23288023 53.72581363 55.10393813 41.49829649 57.71681044 51.91422514
 54.00699263 47.07995269 55.33155803 56.83764625 52.09004855 46.69886585
 57.04378459 51.67516468 58.033734   51.87338318 57.06872607 57.89615306
 56.83792686 53.79106151 56.31133989 59.41080376 54.6146612  54.99145312
 55.70053466 55.6976447  55.90689679 56.22962942 57.1001835  35.85254165
 51.88522804 54.37689379 57.7764404  53.80143531 54.36651878 45.33839927
 59.18133203 58.40432636 55.3768663  54.68021174 56.07922571 57.79879455
 46.55525129 46.97214994 54.74780508 51.4626407  59.58702113 47.99908454
 54.94624926 49.82491232 57.07747191 52.72553907 53.50469215 57.17081557
 56.27612695 55.45942706 33.16048274 56.25818105 48.27333884 23.94333594
 51.50648707 59.54685574 59.31284289 56.86183865 57.50500215 51.51970495
 48.6152592  53.49373631 51.54016565 55.40803757 48.18715159 31.94844482
 52.73702888 56.13147987 50.97695285 55.91254311 56.61727624 56.53354291
 49.27589703 56.35980856 58.96683151 55.21373564 47.69873882 57.8816602
 52.17753085 48.63338783 51.94462775 45.91179311 52.94799539 56.44852317
 48.09375412 59.38415296 56.29216769 53.87821044 58.89413263 55.47974258
 57.70449064 55.16691994 52.24174881 56.97179047 54.5936742  58.38272681
 58.14815733 55.98567571 41.85932699 38.73656385 40.77962472 47.74747783
 47.93914072 38.28366712 52.98381376 44.13475033 53.35386139 32.03268581
 53.17187264 52.37244375 52.65881476 56.82139857 58.1045919  51.9347822
 44.32497961 52.49374091 57.10432793 56.93149514 51.58233346 50.39064408
 47.86618962 36.94075968 56.67723378 48.53805641 58.07350265 47.91435328
 50.21589245 58.75847314 52.70121325 56.19441432 56.06070327 51.79070649
 56.33031757 54.53241621 53.59751081 53.8993945  56.78149201 55.96003707
 30.18300833 57.79801653 55.22518284 50.03427428 45.52665676 59.78459742
 50.19961883 47.66225688 58.58726142 56.80063727 56.59586169 54.53951515
 49.50709025 51.21429717 57.09952192 56.27835217 58.3086302  41.95099265
 54.71155851 12.88569573 58.18948369 47.65166781 28.2792032  57.70895423
 54.25434422 54.58415655 57.36194187 56.44903812 58.08453467 44.47085284
 58.81693341 52.69776732 55.61840632 54.16096585 56.63531274 49.14764902
 48.05346492 52.08793078 55.54642993 49.01003536 54.19070172 55.61999908
 49.95235935 53.09632451 49.27016383 55.13732936 36.89832132 54.45078812
 57.78057619]