[21.7413981  38.80772562 15.66366388 17.49014842 55.67411064 52.48402023
 47.95983514 33.17390326 22.31207641 39.56172499 35.28068802 55.61567635
  8.08491583 58.22701265 10.00603167 22.60692012 28.06340483 40.72853747
 40.59609328 40.74622045 31.06761704  8.2732463  46.09230783  9.62745125
 16.90472688 35.11402638 40.18345119 27.01144707 29.2311248  31.42006432
 36.06497443 32.91493056 29.8319812  26.28453189 19.5709571  17.3459245
 12.26516911 27.5005152  30.94870692 22.71795488 31.81717675 46.7135124
 22.41012144 27.73821106 38.62329349 51.10786251 54.95462383  5.96529025
 27.72673766 46.64765532 43.93177825 12.97909898 15.48142782 18.32259756
 31.69474022 44.08211397 18.88508498 22.1285601  56.27183523 28.54569416
 50.79681803 24.43524221 46.41013759 16.48853416 21.89319849 53.13297756
 10.81291452 40.7950451  31.18885199 21.46274552 43.31241912 13.61105998
 21.52515721 24.03359047 24.35203288 14.93871079 23.46017144 23.31383621
 13.62981473 29.84825549 33.84954478 26.06088697 32.0959095  13.50067743
 52.98443066 16.45135078 45.90672382 28.5017202  11.06217463 34.6020436
 22.83283528 23.40964771 16.06719937 18.40872174 26.86836718 24.37169005
 20.03459298 39.4495149  22.44692303 23.76694857 28.48938968 14.90680009
 39.63336175 49.69556581 22.44274744 35.92185639 43.27077109 36.39540809
 41.88970624 15.64953208 38.23219836 41.57604953 25.91954604 40.1179601
 34.84520691 17.01673084 29.77777007 48.99518546 48.48267783 26.39152242
 53.06709048 11.62902063 52.29305599 58.28888844 39.80477317 12.27276407
 10.66964888 44.00796748 36.66307849 30.12090441 43.30558967 24.34641375
 55.76756718 25.11164059 32.61185711 32.5669954  51.1244351  47.32601807
 12.0446842  57.33973934 16.73231712 24.87522592 10.94915439 27.90618983
 29.11595974 36.15233465 59.26732719 15.74232431  7.95619    42.8119022
 38.34105416 21.10915505 31.11616701 35.38363791 31.81394125 15.26909877
 14.0788767  34.10843167 23.7895124  31.83264591 25.01018995 36.97178421
 55.0305007  27.57870004 36.46405655 40.89740127 51.20236159 39.71934946
 46.97408303 47.34138046 58.61406899  9.92098962 10.39995054 48.74943078
 23.18543106 28.99174318 56.6999085  21.60444454  9.11578473 45.31848203
 12.25553187 25.82424562 13.85786953 31.64051159 17.16444664 54.9705912
 32.55081658 31.65829515 19.76966486 25.83711737 33.41734321 35.23658054
 26.10468299  9.4442201  17.18363138 28.25428117 22.4233937  59.58285479
 21.15727606 59.60895072 31.84675837 32.44874672 16.64775543 58.09872489
 14.4856228  14.53569269 23.27045214 32.22536176 58.44904622 30.28012521
 33.25871346 34.49623368 23.26038542 11.90043382 12.55677507 50.61610433
 42.46312709 47.32877938 24.7352488  28.01984285 10.64211105 16.19385628
 20.34187974 44.86755644 41.13842173  8.78109228 20.01175105 58.77314157
 23.89312125 31.99629406 32.21162364 56.23657703  5.49781011 49.12839018
 26.44047582 44.92693566 15.16740801 12.7993835  45.11011455 14.869423
 25.41240343 31.42344532 46.95362716 29.88359179 16.28457218 30.94363948
 36.27048979 16.03770472  6.45949164 12.65287438 35.83235089 28.99745847
  8.62948783 45.23419531 31.73037937 31.24761489 55.87044315 19.92162926
 49.47682229 42.2737316  13.30378428 27.99918465 10.10627628  5.41981666
 35.91421309 30.21744052 16.91773863 32.2384178  41.81114209 32.87920805
 31.97026722 37.50567434 46.2066971  25.82038334 23.55572461 12.53892757
 40.68623928 12.70586028 43.95944111  8.3496604  22.36143161 34.14362777
 27.26068034 17.98579595 11.63657865 52.33358387 34.61932996 35.64016053
 49.94074679 15.85902498 12.68182857 23.96966482 24.89201096 31.72375536
 25.28077812 59.90665788  8.07474517 14.1200183  12.64176291 34.47174171
 28.12840781 27.76051589 20.74750339 56.37159406 28.21695245 11.07301992
  5.51490825 38.272229    9.37205711 42.90749681 23.50274097 28.27833314
 54.31742909 19.8725052  31.19907298 31.02073034 45.60378729 29.38781576
 21.46701077 46.3649306  27.23892267 44.98198121 41.71821404 21.11903928
 44.48269576 54.5204419  33.52183338 42.79308078 39.20113354 12.73994966
 12.64131022 21.5340444  34.82793673 20.08636387 23.28615082 35.55349462
 17.29899883 32.94939518 56.31292984 32.78984975 15.74788753 26.09929822
 47.00131757  9.81861704 13.21992735 15.20475693 32.86614172 25.56509081
 12.27892053  5.48961203 34.73744505 16.90925386 13.71962034 12.0520489
 42.74952224  5.21691838 17.64729145 17.28497249 32.31823883  8.53085711
 23.27294406 15.35564269 32.85700482 39.26534029 22.52307575 17.0168136
 47.33649027 14.30844365 41.34525778 22.04631238 14.31342402 44.94245198
 51.61027722  5.82338696 26.05563382 34.73316066 16.53215119 33.10904334
 32.48669928 35.30905403 25.82623443 16.47530051 55.95377436 12.90681871
 48.19843779 38.80641775 25.20866027 25.54116261 39.76145556  7.72521225
  6.63773657 49.70785107 10.61236827 13.11405937 54.05268449 42.89532383
 30.520827   49.43418728 16.83341835 51.31667705  5.50485591 50.7600756
 56.84161116 14.73273202  6.55891712 31.32037148 32.41291179 17.50062119
 12.40621499 11.73134763 16.35109657 18.35148073 52.99074524 35.03022429
 19.42911792 24.08810686  6.19769229 34.94468538 27.42554952 25.11065463
  5.28929932  6.86885302 58.45654968 10.27664712 33.30514039 11.08336242
 42.0157084  12.58163745 30.05671631 21.64793536 11.83988887 20.57146423
 26.97903749  6.14292148  9.83903036 16.26245429 34.25220479 43.93400458
 47.29039182 47.08991392  9.37289894 26.18708846 14.98637492 58.33554121
  6.77385111 56.7816251  21.83633154 31.6935112  34.83556778 33.46718595
 22.40859366 59.94257344  9.04875028 41.88242347 14.32078658 35.48840877
 17.33883694 28.20312821 16.50480021 43.8603061  18.27401518 33.81500897
 13.81873009 10.34947537 18.60179142 24.72643606 15.38952905 55.9970251
 13.55077055 57.80294682 32.13897683 32.2195619  14.50415288 34.30244018
 30.5133346  46.28774052 17.402469    9.33368293 32.46249377 11.58714335]