[50.35122491 32.02633806 15.69007712 30.09083768 31.99115423 37.92592663
 16.39979769 27.55252323 40.44448337 58.40012247 24.51562576 17.74877616
 22.26785683 15.89982162 21.31616749 26.0758726  47.18666921 19.77197304
 56.45994838 59.14876598 53.41388942 33.73685708 29.74950384 56.32796844
 35.98515643 22.19951675 10.38937839 22.59961862 58.3998063  49.57615407
 41.85753276 45.64740393 48.33835843 31.48726981 12.80408222 18.93564412
 57.24824869 36.10199354 50.95506105 29.91334898 52.38245559 15.18504187
 50.37186676 55.97232777 19.20677479 21.489008   44.19256972 40.06437903
 33.81449398 55.62063128 40.89600182 56.31669363 38.97628128  8.00588145
 30.36928178 42.56161873 48.70337489 35.7210531  15.46461256 52.12018549
 30.4270938  15.39004179 26.09701609 55.40148097 37.84860041 39.68060965
 50.54336014 58.50901725  7.40063922 44.95321549  6.47708725 15.47457749
 14.67140693 27.27446361 24.18053777 48.63113417 35.80451748 11.90435515
 34.05670729 29.66763754 49.69896895 55.56879029 18.34004475 23.53463385
 27.61304423 14.85444333 48.55847671 21.47600923 13.01222355 50.30012298
 46.65910481 27.83355706 43.56498074 58.86894026 14.562823   30.96879945
 16.50087622 20.96064381 12.97351453 42.33725466 12.88818705 35.98948279
 23.48788626 23.45267358 33.33470552 12.42877076 36.59006911 55.91870941
 39.5194748  21.22122273 13.24076393 40.8801726   5.26514856 26.43744704
 30.55628224 25.21702142 45.19569274 56.97360533 37.52389282  6.60000255
 33.15248307 57.04343776 17.54780704 41.42295276 20.18740899 37.73565586
 54.41282747 58.07838651 15.14005701 33.34890942 16.20294111 39.4521815
 13.43413273 17.11260865 44.58188888 25.51660666 20.76234865 18.97074875
 18.239965   47.64575658 14.97894389 17.10800368 45.36687284  9.40610701
 20.27074194 34.15104198 40.00417185 56.12726779 21.13460722 20.8789328
 39.09580223 31.14997971 39.36873958 50.33026754 25.14089599 55.43746107
 30.13785195 11.61939824 53.53120488 42.22653457  9.54151613 21.90950366
 46.13314837 57.09941055 43.56438915 22.65211398 58.09328788 32.51898927
 44.18393071 41.9797309  56.5742934  43.20679906 17.07947377  7.09127723
  6.93760344 14.12071961 23.47435457 50.09528548 19.87715187  8.43325314
 27.50936711 27.28852118 28.91522109 46.38419197 53.84994498 38.03623884
 46.53734793 50.33747749 48.2998618  19.20710804 10.45871219 55.97264269
 35.75865357 58.80904676 18.85383655 32.40220443 15.56464664 31.03783861
 49.49569302 16.34897622 40.07762875 54.12108907 28.23122185 25.49296898
 37.00031532 51.17096413 50.71162412  9.23845218 33.8181141  21.98986977
 32.1960356  13.44265837 37.02052608  7.28093378 52.85534504 27.18984206
 56.30756782 35.26934969 19.24534193 25.52056495 55.90147117 28.57082442
 49.43169373 35.47823262 45.94982818 23.80172103 28.50359047  9.22686975
  7.24911479 17.17082232 34.55648336 36.68102647 13.89984481 14.23812945
 39.96307581 43.19890376 48.7767065  29.42050699 23.74495901 21.22213309
  6.24924698 31.23056059 35.83402789 42.03242608 42.81275275 46.88727788
 31.19576078 22.73808945 32.12199734 15.3374447  17.38909628 17.1561311
 16.45395921 32.47495082 13.6858624  36.69436336 29.71385911 15.16754548
 21.51313623 13.51732624 37.09196791 44.06846686 15.46434172 14.38243459
 52.73296286 57.50087072 24.38945196 30.34597857  8.61429597 22.20704522
 11.58650436 48.46279327 17.11986808 40.35997376 33.1075731  19.28284697
 12.95087197 13.59347708 14.52912496 14.19510937 24.5479606  43.48706748
 25.15723466 11.98965538 48.95326801 23.1556358  20.33292819 31.82165334
 26.70926797 10.84692512 37.99022951 24.62108424 37.58938273 11.15710964
 16.09311291 18.48391523 52.82117536 42.08824009 43.21367001 31.65321947
 48.91759903 10.20584362 11.97963663 35.50038314 32.94910396 48.98864603
 57.03039969 35.03965688 44.76696464 37.63254326  9.12403625 31.75415159
 14.9666018  44.72146355 45.18760534 41.47187488 43.89591407 28.91464548
  5.81877923 44.76793158 15.89596016 14.17580349 13.20325065 44.18359361
 48.44350701 49.61622334 26.84185276 46.94261428 26.72682868 55.32374874
  9.6289921  39.62630753 13.40459644 11.22263582 36.52414906 10.66520219
 36.62557753 53.69661398 26.04425422  7.25612648 57.69512359 48.86051591
 41.65577725 19.16260005 27.15894447  8.79471238 51.20736508 23.90645637
 28.29840678 32.37444256 13.98445178 11.52323271 24.70800932 32.65228274
 23.41708186 25.85331226 33.57064432 49.13386103 28.10254656 20.92402259
 18.24741907 20.02126207 53.99816018 13.41843828 39.53075689 29.3826385
 12.73171551 16.5203619  38.8662704   7.97513306 24.23598816 46.36060124
 23.16371246 27.54327982 33.25655202 42.01638504 30.10124123 44.89739527
 43.72699705 18.04607718 21.97891969 58.57206462 27.85745868 28.73765666
 25.58260223 37.22140196 17.92670069 12.69881554 48.63448249 45.66350176
 53.98837647 12.69921792 45.49293003 20.03863515 43.79897621 24.64439928
 39.79228343 27.75623284 54.38192553 42.10038952 30.93671449 18.21645794
 36.60682771 36.11882066 37.26129933 10.16707595 23.30777692 41.02262293
 51.83188097 26.10221555 47.00057725 20.18347371 53.9890426  30.55126733
 29.04749463 23.87552989 30.47717881 57.46113297 26.07175574 40.21569812
 34.67995424 47.73241874 24.70854753 36.78700119 11.09564606 17.64598901
 54.44360202 43.2146663  53.5957042   7.85208913 16.93553216 56.48317232
 26.66854407  8.93663959 38.94348392 11.7636105  13.38418395 55.04973516
 25.02578344 27.53318553 33.01458695 10.81773542 22.56584894 22.50861975
 23.6223955  11.75237865 20.85955799 24.51313509 23.69017461 38.46371313
 27.33799247 21.73569666 14.96186654 25.42383034  8.51400823 14.39145098
 11.15244392 20.9827681   8.51897937  7.6135245  44.6779426  51.00206537
 10.41256559 14.2770602  29.52755528 15.46146266 17.45532571 56.09453576
 32.25181469 27.02772494 35.43040811 33.37525103 48.62603528 37.84240802
 33.7507806  52.01235993 58.79183746 47.90153576 37.82143282 19.10579249
 23.42341365 18.09031597  9.0007946  35.53256293 53.22524597 56.44450104
 37.16627222  7.51317419 27.29593768 27.6586344  23.74323618 28.55788244
 24.99732762 52.17055216 57.24329307 55.70775851 12.9081989  46.13938952
 51.0029182  44.3298226  47.92108486 42.34155483 39.71764811 12.97102438
 24.22288768 19.96911402 28.31273141 40.58143805 53.91891301 31.0027772
  7.38302496 54.65660355 24.81339918 54.68671715 32.69478501 14.91692795
 55.8187967  56.65232258 54.37730643 13.69319581 22.79661446 12.63507336
 44.79914124 52.11174133 35.19027215 11.52901207 20.36512313 16.96083531
 59.31987422 30.01614107 56.45562967 11.72780384 53.94310492 28.64671367
 16.20672593 24.46187509 38.02259617 33.73605677 16.43407673 17.91409079
 43.32514815 50.95660173 51.20073358 55.29220904 43.63982227 56.12189417
 37.84732417 54.17665667 51.49928972 31.86605373 38.19714179 37.58475735
 51.29003539 10.00463207 31.3212278   9.66738734 31.19289476 30.7232639
 17.28072511 24.28406441 50.66235057 47.62440538 29.12948319 38.60103303
  8.79744124 27.41323907 13.8849637  20.35320198 57.10421085 51.51679621
 21.74333051 20.32333178 17.91616211 54.27212184 53.2225552  33.82580975
 24.46568384 42.18625162 37.40730765 14.19761467 49.96018188  9.10283186
 19.84049846 26.85212565 38.33946569 24.00941699 47.16752619 18.87952845
  7.48048249 44.4216093  50.25905269 10.18423011 28.65136785 36.72314266
 53.17252569 16.16245238 49.16928666  9.29013926 51.95546205 47.25752707
 29.9553591  17.58342521 10.76917067 40.85551509  7.02104408 17.23152382
 18.6359959  16.44102541 37.87537892 17.2000605  31.9987545  50.06554513
  7.92235786 39.30230464 28.3423616  47.17373254 33.99570495 54.16450322
 23.71869692  9.36926592 52.63568424 26.71670902 11.95978615  7.16281844
 14.88753524 20.7240963  55.31047644 45.2833602  14.19464889 49.27584767
 55.42610188 13.66071441 12.74900898  7.15505183 43.5897118  50.40638335
 21.40517327 31.14471172 30.83333404 46.24685252 13.06285551 43.6034096
 10.27927835 18.58775069 24.45311096 25.7269396  21.01710159 29.42839718
 43.64402011 51.01825982  7.32711047 13.29833474 26.4275961  15.22104774
 15.12476984 42.69852998 34.4716226  22.23748665 45.09023847 14.02833249
 10.74242686 56.56888578 13.30389368 25.96530775 46.03066447 29.00676041
 19.96070691 55.3818875  10.00159257 38.98112765 20.32412604 29.93558809
 49.72850585 24.51247114  9.63443775 20.79688524 21.33529491 35.19985125
 20.66513723 20.55516234 49.14072381 48.64248801 45.51696125  8.46358836
  7.05688227 13.18540354 27.74022652 48.17204094 50.33121448 13.28559169
 29.31726048 36.89192339 24.05607049 43.98803093 52.4658007  26.16956685
 42.52821698 24.15864502 14.08008469  5.42621786 45.28748016 49.10810396
 19.88522627  8.47311019 14.74248118 36.6088098  57.91378834 46.00361963
 23.74719862 48.26226693 51.15400588 30.49225844 53.40134824 48.34444535
 14.85355439 42.79883753 21.17921244 39.62402883 25.90476065 17.67651972
 45.88098846 33.58357909 25.85057926 21.24992749 48.45045223 34.86269125
 27.41993288 34.18297448 18.32745687 53.9462452  35.61119747 15.37840022
 13.64997022  7.8060422  35.60438839 27.67929586  7.63733675 45.67208741
 41.74946769 11.57214657 57.44094057 54.20359211 46.01840575 26.21340777
 29.10427185 51.20186641 12.34787626 11.66738949 21.72572243 53.66908542
 43.62185424 56.73083922 15.38173916  9.68886971 20.13679013 34.48492681
 42.25832976 51.03350249 38.69489801 18.66334919 21.43346523 36.42236079
 28.44630245 30.04891794 29.10959095 40.46192239 28.81581367 33.13081518
 16.93337037 53.65974066 42.1260602  47.29881488 38.4741403  12.03478253
 35.31032343 33.00916497  5.66474598 29.45355738 32.59699436 11.34297121
 59.42051608 17.3458902  47.59608582 52.19233651 46.68696736 54.11749677
 45.09211687 28.33919517 26.82120699 52.55073597 24.6939468  33.63694562
 53.86433344 16.86943859 55.49477777 43.28170728  5.63822318  6.2828766
 39.55496118 52.50558339 58.09446837 25.04314664 44.60831397 56.99776945
 12.86390103 31.89915913 35.94894971 29.7180125  13.41703577 23.86013705
 30.35873281 54.6849073  45.10950834  7.652508   34.51352361 23.77816832
 45.7099345  31.61939865 29.30887805 25.55577868 47.61862532 44.59987309
 33.88894111 32.71685815 11.64043117 10.67362277 49.20206641 12.37253149
 24.71336852 36.62713105 49.6188047  39.33537348 56.03798678  8.06526939
 19.80543556 30.99935935  7.79774401 28.1797584  11.51141133 34.91489306
 29.45564578 53.08054961 55.66207635 39.05458493 38.03766712 25.71551013
 17.4407211  23.25094114 35.11875136 35.17814799 40.08669665 28.84468147
 41.23627442 40.05342832 25.4158039  28.73730703 47.19088042 53.85940883
 52.0766253  27.75305993 46.63472118 18.64402115 21.68669227 13.1218106
 23.91372723 56.47860467 27.75450534 27.28111523 40.07561992 32.71762183
 45.33642676 49.97255268 53.4008198  40.35101565  7.16630027 54.78860128
 37.80360456 30.85896702 15.0349111  15.93587042 43.09497024 13.36141432
 29.43986567 47.77000565 34.90847985 38.43573806 47.25495144 44.62093709
 19.3909037  23.06442032 55.87478848 26.02358017 14.99425286 24.00823875
 37.7855343  11.38241049 37.57897533 36.25687815 55.67729403 41.9776712
 55.19771727 20.94914327 10.06967062 27.76290503 23.14254909  9.61160512
 18.93139336 40.86926146 25.39799588 41.07500097  9.6923337  17.74213168
 48.24625977 28.50149203 55.64333302  7.98794997 51.09641028 47.25191807
 22.80634126 50.02280864 13.50368829 37.43522849  8.70103684 58.32011863
 32.33496358  6.75467531  9.67501475 12.86622671 27.55677521 40.40790745
 15.50600143 57.37598152 21.38107723 39.09065342 51.16658668 39.11775031
 54.04135676 46.04736846 46.76421571 56.61389629 11.60404439 26.43714484
 48.82126468 38.09177493 45.72814574  7.23391908 35.13594569 25.89442787
 12.91418496 18.35211009 45.92179361 37.09318969 16.47825627 26.59545582
 53.74830513 56.64637795 35.15869937 23.45866049  6.51174112 23.26366997
 52.65958071 41.45759353 10.43473918 39.27759259 54.18749594 23.38456088
  7.52829839 51.93754045 48.00899193 38.23313982 55.3261634  43.6509906
 43.93661017 45.10290636 17.98246338 43.9191596  58.19166767 19.78865221
 40.37613673 55.64762753 18.50880458 57.06348597 56.02290068 53.15317076
 13.6038977  37.70470447 54.75120186  8.30730863 49.37013107 14.09646903
 40.09599661 41.85726225 44.82838706 44.36958991  9.24936373 51.59099873
 29.84903686 42.07322095 53.85892022 29.9208326  24.92844172 20.88026292
 21.62009538 28.01190542 42.21768235 49.32775256 24.41149197  8.7957304
 45.18786581 10.27694154 40.54283615 32.84390031 19.01548455 12.6432164
 14.46715844 41.56873422 19.32036704 17.46769292 36.1845115   9.81436973
 38.45515422 53.58458372 38.08431767 39.96103152 36.53277764 26.93236857
 13.61711636 37.00513252 36.61103619 37.1332831  48.90379779 57.41841535
 43.02901737 47.34900152 22.98017763 12.12205354 22.09131409 48.01375184
 26.56059314 36.28948485 14.61641534  9.13981496 22.87266426 42.33073937
 33.94693172]