[47.55533691 53.54555015 48.31055632 45.24662769 24.76938581 40.29420038
 48.83753329 32.71766357 56.67777613 28.48303935 51.45122122 45.49590361
 56.30949141 47.37974968 37.08349323 46.81834823 58.2747392  14.52076577
 52.82080998 50.33236889 54.46326667 57.24918552 39.95248181 51.21182847
 17.6313398  51.22669797 56.90094882 31.61712977 42.11007498 57.98122998
 40.56899414 16.5456847  51.51885827 36.83429145 35.34599286 57.95605231
 56.08597546 46.90436219 16.86079925 43.71787404 36.18964671 42.88511057
 36.9501113  45.07471286 37.5970779  31.81629911 49.87292431 53.22259499
 34.4862059  56.22437239 18.93050184 30.51846979 51.89104767 51.68880113
 56.56516815 50.89317391 55.28053775 53.56362707 56.50031225 58.58195067
 32.00667221 53.31651478 44.66981046 38.68738788 59.64597486 52.6141288
 58.04325213 42.57547163 44.75756373 39.65088101 40.7047451  42.65418424
 53.14110834 58.50346802 27.27880014 25.220239   49.40939727 49.99879425
 56.44112492 57.12385092 46.75595776 51.8958971  21.1123869  53.21859813
 55.0611998  38.69336415 45.06499582 54.82788385 57.04303793 24.21052484
 55.23832981 53.58260288 41.80821394 53.35545715 58.46053849 12.5957294
 41.63307062 55.01511539 48.83167055 32.80218732 40.31679114 50.24562359
 56.8050452  50.68688022 54.43961218 54.08281722 53.37243116 51.24332674
 53.53645618 53.43792446 50.77198391 43.93729498 52.49169952 38.14551375
 46.64352628 56.53701897 52.81246005 49.28667639 57.81090512 55.08746206
 57.21834516 44.99551067 39.49137986 20.26684236 38.34198611 50.2178994
 38.78085817  8.61246544 56.04166545 46.6206457  54.48606343 46.00812638
 34.94994074 55.20491472 55.46428287 37.08591786 55.04812753 42.64930917
 45.99691127 44.55702748 37.55141698 42.79338237 53.47345476 22.92777525
 47.72354022 41.67333408 58.73126793 43.80143376 56.61222406 53.38628481
 48.68230913 54.62007962 50.66204737 56.13652754 20.98308472 26.72684757
 26.82004302 51.21317847 54.67954642 38.69086763 47.46532744 18.21050913
 55.57379062 43.76784651 54.1102151  55.26217957 32.86183064 53.97402126
 57.34792068 25.91724163 45.3561908  42.15752693 46.97453554 48.63503424
 55.15571121 51.04888849 35.58251645 59.37992015 53.83169801 55.51154807
 48.51950255 49.95419433 47.36225135 38.01999653 39.10599684 12.62251814
 52.11409981 56.55555266 45.76458725 43.06588488 56.66406174 43.34844293
 54.19193122 57.5150557  44.41747464 55.88309106 58.05025097 48.3337877
 45.33272642 35.30660521 39.72766432 49.42480783 45.97558902 52.43296813
 42.72668073 38.49777114 41.15762156 48.56023326 36.44380968 36.57215458
 48.71667461 53.75378039 31.50253923 51.29265433 51.08351457 34.02078829
 49.49609536 49.76231055 53.28098256 47.49536772 32.30720848 35.12626295
 53.39614538 49.35167109 27.7369722  58.56846252 11.96398455 56.86079756
 57.50434621 54.51846674 57.76460859 57.22612628 40.81303947 51.18396427
 54.83525753 53.4327414  56.28959154 56.70253327 37.82469    42.97834348
 47.84495774 43.21029185 55.76753928 58.92081584 47.26664627 43.3302937
 38.47024079 15.92819493 46.4538815  50.23665954 52.06651024 45.04024102
 39.32000277 30.5865208  49.5218401  54.61069247 42.09960513 52.64794774
 55.28339656 47.38138859 39.37165237 32.35174949 56.71992982 45.72958113
 46.43259649 50.10290803 33.72116848 41.55860283 55.97494008 43.99967424
 52.00211362 56.62540989 41.48361247 41.6816329  44.97436605 52.10183615
 47.85442671 50.27107733 14.96323814 49.97321017 54.69932021 48.32731511
 41.6696555  40.09652132 36.87401751 39.49288972 42.82520203 52.55837606
 46.05218441 49.10931234 47.55705587 40.7494171  30.00344047 52.00845521
 46.81291966 18.59443552 53.89199976 52.28029313 51.15989743 54.96791615
 56.57769674 55.13827898 52.36233348 49.72324328 46.95207613 49.62335925
 58.35570118 47.10917643 54.20774556 57.10250422 59.24887891 55.13214117
 56.81387603 54.34457085 52.48289796 55.40106995 53.41209755 47.8790492
 52.20401865 52.32492243 44.15752483 57.07319598 49.13295788 38.20739791
 44.71818228 53.91246526 54.66652563 56.38269972 39.10595417 54.37276738
 43.72070876 44.08453526 10.31407242 50.49976224 55.38041174 58.18285659
 30.95047847 35.68433098 56.12320533 51.78237476 58.40721475 53.17266382
 51.48238261 45.0815965  43.87375161 52.15776544 52.78198185 53.84919797
 53.48081748 44.96772247 48.01017899 41.627395   51.59529234 31.06198236
 41.06421988 47.45114107 52.88635327 34.82452365 43.07982976 50.21870229
 54.13304246 54.62275546 43.61843895 49.13956196 43.12007768 51.39616951
 40.15669632 56.66696372 42.43316723 57.27328844 46.10234459 37.47502022
 44.45572794 43.70106236 27.66750265 47.15532668 41.74693525 23.84147491
 41.04455182 41.30213608 44.36872568 40.95360295 52.77000254 47.87327675
 55.12569953 36.1510208  54.14689889 35.2601113  56.75881471 37.25967639
 55.60346944 48.0133834  52.55740492 34.05541992 53.09922357 57.19037745
 55.60042055 50.35700827 55.21751967 40.18718168 53.69711751 57.80392182
 34.73689265 46.6325938  43.7684573  55.04351467 51.29258807 42.78455574
 41.20898802 50.27282583 42.00719611 45.27206147 56.30528174 49.21970192
 57.72434814 53.99478235 16.56520311 23.98724911 50.39928611 43.2356887
 53.70863464 55.86013201 48.84027572 47.93826831 45.07813741 52.24210893
 44.13681094 53.89147492 51.38015301 37.6642322  39.12232509 58.49417372
 56.45987687 56.12822609 58.06891057 35.76828057 38.58513488 54.02681838
 47.35502408 35.58073218 52.64401632 29.57780875 38.54064305 28.94699029
 50.99753447 57.58066953 37.49038784 31.9021748  34.2075401  41.27028914
 49.45653721 54.36119853 26.97773596 50.17462199 44.38687749 45.6414195
 45.34851986 28.22219404 50.69811713 56.37971331 55.24561281 50.73502575
 52.47552919 57.37632013 49.98255707 55.00121736 54.87133222 35.08383601
 30.17725994 46.89318601 17.32683505 55.41855864 51.91027138 46.84601893
 57.09406895 44.62133966 36.87515709 46.6747754  44.12140464 55.6888701
 47.70645207 40.71761558 57.19214402 49.92282569 53.46428063 51.34910136
 35.88747676 27.27484417 53.76326092 57.08569664 48.92251861 51.03419068
 53.73068029 58.44296344 46.76510244 48.59618254 21.58438662 44.96875832
 53.06390602 47.04028772 54.29092196 21.94140046 55.21784765 46.2631049
  7.09720551 19.56592999 26.61950214 35.5195563  44.0619258  56.14439602
 30.82151325 52.2080403  38.62874025 45.4829412  48.01062039 49.8069521
 54.22629024 49.15784304 36.23970341 53.98067359 55.4854039  55.47754353
 55.97925596 41.54076528 49.57190287 44.4276708  49.57959734 40.49540586
 51.80045487 10.18953808 14.63715832 53.00640786 50.15151594 58.777775
 54.81073121 55.04022655 54.40560082 54.44283226 36.09578129 51.74511531
 53.34072399 39.6765394  42.0931301  52.78792031 42.16093721 54.1031185
 17.74232888 55.7493789  49.57664853 25.30260706 53.67491829 58.19954181
 53.46980486 44.99071873 53.84179421 37.49803854 33.66506883 38.59173292
 33.12797519 43.76394757 52.91121292 20.4632596  45.77154277 47.61783397
 49.57841425 30.96606845 54.80649983 44.41159374 39.79849992 54.02610435
 31.64317606 51.33605266 57.30513905 47.42803404 17.16651809 44.06177373
 45.33800352 52.72243202 52.44486523 50.34187977 35.57869559 52.5058544
 52.787174   54.27669667 53.4362797  57.5630941  44.93168948 47.81490563
 42.22903206 51.97447454 57.23564771 52.07922034 44.38634084 42.62149091
 49.01654117 53.07397446 51.77983972 31.74658493 54.4850704  40.43450159
 55.61909787 32.99697007 57.81820481 51.47426473 54.64725861 53.09204473
 51.56373296 56.29179846 53.66030071 51.53655922 46.44169181 34.79055919
 39.29391157 56.18179476 38.88292462 30.84263931 45.08825247 52.38210674
 45.57688836 32.96251305 45.80585835 53.16507559 31.16787092 46.44527296
 29.59635925 53.17365853 43.92411364 53.26490157 18.47106429 54.65631582
 45.82942203 41.17494626 35.51307877 29.19724377 45.78404923 35.46751912
 54.08984076 40.62054144 46.49036726 47.4230157  52.33294339 44.86194187
 39.97309224 55.06507046 56.09073769 56.99107166 44.56628489 53.3820199
 54.25113708 42.59295109 11.13093305 36.41136684 50.58528767 25.85072321
 42.86137214 52.20601379 45.03681571 50.76475566 11.49974443 53.9616639
 39.60976566 45.30246888 35.26646361 40.90298881 39.40563714 52.3094467
 40.84936888 55.56703168 51.52617783 46.7838297  48.89430373 39.64276054
 17.51366851 53.20860768 53.4092243  46.65188569 49.5086189  43.54430006
 50.02190815 52.55356221 50.79470909 58.20378013 57.32301423 55.65040771
 35.92599938 50.45562786 46.35926102 34.39480286 53.00548647 58.40958545
 14.46778157 47.21573391 52.31394005 48.25897026 47.10873053 38.49467901
 56.10319256 29.0131761  54.96221624 55.90954071 49.01118567 52.86862056
 56.18145699 55.08527944 57.88570094 58.04835747 36.71918888 57.82103377
 45.92028572 57.05333982 56.31754007 46.651226   19.30073243 57.39819341
 29.60125586 42.39853374 57.78338003 36.948415   50.26350307 48.8197078
 18.22987599 50.26310878 53.52039763 48.25582442 52.84527021 55.5172983
 58.85511476 31.41570999 16.50138677 52.83776822 53.06850011 54.99220945
 47.14660917 43.32999392 47.37816391 51.25756319 55.36410615 49.78281213
 51.74002632 45.61015394 47.02121525 28.75128542 48.50382188 32.90384072
 44.56883136 57.20113515 49.88182166 50.6041636  47.36901301 33.32166805
 57.48235829 30.81754801 54.50877083 54.3866898  44.59516949 51.57423831
 37.02398776 52.58108154 45.70580412 53.68432935 53.58174757 34.7231201
 47.44712541 47.9005958  57.47943069 55.33970451 57.59179536 41.40877311
 56.98132244 57.16805059 27.64609418 52.94063546 46.69824938 27.79621679
 48.28203088 51.47829005 54.49668166 57.98542742 54.76120747 42.07173186
 38.34105544 34.43450933 57.98926327 38.91928916 54.17251226 25.2554232
 54.88466631 50.55403433 36.13189972 53.99957973 40.01298757 57.87800795
 51.29030241 57.79361556 30.09836561 54.93241564 55.85257232 27.368924
 51.41587023 27.07446196 54.49264304 42.58219705 51.4775233  50.28172909
 51.93884054 37.15224663 38.01954812 44.72463889 31.26364762 48.08642469
 44.20154556 49.43759212 52.1444237  29.12894564 29.23287564 53.77489673
 55.21451846 48.89147647 51.02815411 57.90498156 57.16368019 53.31557501
 53.43649034 58.29835936 56.66316447 48.99066998 52.26223078 57.29275827
 53.77379993 54.73458257 51.60345857 46.23260984 43.75039197 46.18581369
 39.29747938 46.97175035 49.53042794 36.54034241 54.49601988 44.0301129
 48.72890808 36.58897888 56.94795587 32.88630931 39.12667335 55.68856923
 23.8570113  36.25656825 54.74186741 43.52522184 46.80041266 49.00463885
 44.65544513 44.91604919 50.77983692 57.40325623 57.03140452 48.57171745
 54.31952211 32.69979536 44.5210607  55.47698063 49.64898831 49.11985402
 47.36314306 51.15126671 52.80849257 47.75775367 44.84767331 50.42141418
 53.06010691 47.47059065 41.19032462 51.04560957 38.98556527 45.76179279
 41.29944443 48.14713115 51.75579949 50.3469304  47.32096362 49.46319463
 36.38354947 39.61756554 35.34627799 51.30176518 57.52860942 57.21956804
 52.40032974 47.39725502 53.46915937 54.01830442 56.84590457 56.40049938
 49.88633835 52.30070451 35.87845342 18.91453319 55.08410315 52.57108892
 43.57321429 47.67475032 12.21265272 54.02462244 41.07197063 35.87227066
 53.36275001 46.39496375 54.14560414 53.72867679 44.62596906 51.92558462
 48.7689335  53.79310215 37.818506   37.92259746 48.591337   17.00228584
 42.81394654 56.92600091 47.06822101 47.82515346 57.95886678 45.83886477
 48.64109103 44.55711786 50.47179363 58.3487434  53.9764376  55.77022575
 54.21030203 54.81447735 53.13566608 52.62354879 23.88796777 49.17556377
 20.98966692 48.67314227 54.83568086 55.38316377 47.03402222 46.31807886
 47.78549352 13.85055085 58.05565917 55.66364937 52.94853528 48.29931267
 47.57513902 46.43035436 57.5426417  49.9992726  12.71662657 50.50579827
 54.20367575 39.53149575 43.85688797 57.96261362 35.92907729 51.66713745
 44.40476615 40.45082036 50.56191388 54.19427669 55.12474073 52.14859569
 26.08518204 36.60286837 54.78090389 57.72564143 53.68999795 37.73156459
 47.90703147 55.17308937 51.43971691 44.67956014 55.86080551 56.67652296
 52.99725183 48.3147156  54.32648624 57.21524974 41.73208819 57.99904013
 50.2551124  49.94211177 38.57826369 51.28906876 42.15630365 35.59998025
 43.75824172 23.79618781 48.23653724 28.16464152 27.24374562 56.55235492
 50.34027366 52.80194841 52.19417336 55.03692483 53.58863216 29.62338475
 41.77520422 46.08614927 31.6213538  55.5414425  33.92481303 51.88641077
 49.93179767 51.18221551 55.17861989 56.2259249  47.16681399 49.09480321
 37.3104757  36.33532653 57.65152444 46.0819214  20.46496564 49.49607968
 58.58278361 55.15660903 54.95966424 47.93648032 47.42523877 46.99598293
 57.96253284 55.42585128 46.29968974 42.54719391 43.93590418 55.24208559
 50.90711332 53.30251862 53.87756053 48.60582885  9.0834782  53.2540312
 53.02068301 50.14975109 47.92941153 53.87763531 48.55126329 48.07242536
 57.43512571]