[12.84065079 30.6497935  30.55601256 12.8178163   8.14052987 24.30495017
 17.21903438 17.07387186 15.88728776 11.4836397  13.41900793 15.01417868
 13.16092389 24.12939464 16.98343349  6.86913699  9.72427792 17.93420215
 10.30038681 19.28827072 11.16249237 16.05381948 14.03236559 45.3041513
 11.61871171  7.34160519 12.85362329 16.96616143 14.9452117  19.69859518
  9.32603188 22.78764529 28.60077915  8.52694963 18.44201786 31.04906409
 27.9345866  33.04490072 16.56275425 19.5270448  23.77363677 23.47998651
 29.48460445 14.43636099 15.62529982 32.35328808  8.20515868 32.58336033
 14.67058756 24.49309085 10.85288517 15.94739488 25.37608293 18.6273782
 33.33565982 11.18943256 26.35795136 17.53618789 22.78341877 12.34200358
 17.36219958 39.75072369 20.44382049 18.33012595 13.85387071 16.33762912
  8.74146589 31.20579192 24.94146065 10.89009694 27.15461532 35.42589625
 29.54337248 17.0213914  38.40723407 10.83897779 16.78199092  6.87855255
 20.57567083 12.3216171  33.19862794 22.03025982 29.25181006 32.39459598
 10.78715057 13.25277355 16.34751561 21.50296959 20.13926105 12.23239951
 22.46695602 42.1315694  15.94631471  6.75849158 26.97940805  8.50704837
 12.06786356 13.29817048 34.94597159 32.5260154  20.64648051  6.68723175
 13.39528839 26.87256095 27.92748649 27.61159723 35.72417201 15.18078668
 24.04567166 31.11895789  8.49495396 14.16655674 19.36675981 20.25355185
 12.6723637  10.49508338 16.03168765 14.33269029  9.49967893 16.68202897
 17.28114769 19.0271352  23.24594003  9.88074708 15.21547374 12.97440285
 20.74428925  9.81810332 21.24080226 25.85057075 18.29320721 11.94002764
 28.89640361 16.03449019 24.08171602 14.6679365  31.468275   15.81534468
 22.1488635  18.3375637  14.87243291 22.60557938 19.37989527 29.2896732
 20.21294306 15.03130173 22.02841295 23.3523984  12.27205979 15.38892667
 10.35977013 29.73571997 19.4915152   7.52163886 35.14067222 12.06940113
 12.36684044 23.30770225 18.14200771 22.65530392 15.11820894  8.28405551
 20.94688753  9.62633249  7.43026144 27.43148861 14.24387866 25.28831079
 13.65768257 28.37348487 15.16762815 19.75791857  6.76026995  9.1821516
 17.28022737 17.09821802 34.14622508 10.49389322 20.45838995 13.08714856
 17.0152121  23.93561945 24.99712889 19.38437318 21.2241889  18.23896913
 22.8892299  24.25243109 25.66289363 11.37353723 22.92637618 10.57854689
 22.40104351 21.15241893 25.04963938 25.13744188 18.59910812 15.71037083
 16.13268402 18.90951665 38.59789086 29.91487066 19.29443094 12.15228933
 17.48663587  5.6414918  11.7164613  14.61772243 17.59844504 21.42467993
 29.64951905 20.60754845 27.31430756 19.52164192 15.06655808 14.68780722
 15.70929644 11.60904926  7.87230562 39.57463048 22.50363836  7.59790239
 17.37512345 17.07161826 20.3920024   9.00267157  5.54491686 18.69262123
 33.79126313 23.35188531 34.22618986 17.25924349 11.63409558  8.50109273
 35.73811731 11.78023635 10.02825975 21.93920831  9.26547908 32.42640563
 16.73258008 17.95683614 16.17748401 23.83532986 17.67213642 29.33891057
 13.60022994 11.25915141 16.06540524 16.46143271 34.28937553 23.00237051
 25.39291853 19.11047679  8.72636192 26.72568407  9.01881813 20.09763842
 22.43196779  8.17505693 10.04168293 17.26095027 28.5129441  10.60689961
 21.86254452 14.50011975 38.99016009 25.86914464 18.24959404 20.4924528
 17.63780446 23.26889627 45.17764183 23.78443371 14.14615947 20.62297676
 16.67849006 20.2215972  24.34573405 12.88610375 24.74379294 16.19666002
 15.70969513 20.96766954  9.64899584 18.92099641 25.70920042 27.06467125
 39.72952507  6.49367384 28.32360769 11.25253125 14.97466813 18.72646528
 19.7684899  30.60944395 13.08538145 23.17607816 19.3870936  20.80150181
 20.62827292 17.37690765 23.56263479 29.72633369 32.39310317 15.26734161
 23.65690622 17.08008037 23.82682798 12.88325613 17.0475996   5.89574589
 13.89734176 18.39234859 21.57194375 18.57325785 28.09636901 18.1390847
 10.92710753 17.35313748]